%H field first colomn	Temp row	Ds array	Corrected for demagnetization using the Anaroni demagnetization factor	 NaN means no data
0.0000		127.53			177.33			212.09			226.94			236.73			246.55			256.55			262.58			264.61			266.59			268.53			270.50			272.51			274.52			276.01			277.01			278.03			279.02			280.02			281.05			282.04			283.07			284.00			284.88			285.87			286.89			287.89			288.89			289.90			290.93			291.90			292.85			293.82			294.81			295.78			296.78			297.77			298.75			299.74			300.71			301.70			303.20			305.14			308.47			313.25			318.12			
 0.010		  0.0000		  0.0000		  0.0000		  0.0000		  0.0000		  0.0000		  0.0000		  0.0000		  0.0000		  0.0000		  0.0000		  0.0000		  0.0000		  0.0000		  0.0000		  0.0000		  0.0000		  0.0000		  0.0000		  0.0000		  0.0000		  0.0000		  0.0000		  0.0000		  0.0000		  0.0000		  0.0000		  0.0000		  0.0000		  0.0000		  0.0000		  0.0000		  0.0000		  0.0000		  0.0000		  0.0000		  0.0000		  0.0000		  0.0000		  0.0000		  0.0000		  0.0000		  0.0000		  0.0000		  0.0000		  0.0000		
 0.020		 -0.0013		 -0.0016		 -0.0021		 -0.0017		 -0.0036		 -0.0041		 -0.0054		 -0.0073		 -0.0090		 -0.0101		 -0.0108		 -0.0131		 -0.0132		 -0.0169		 -0.0187		 -0.0207		 -0.0226		 -0.0242		 -0.0300		 -0.0330		 -0.0386		 -0.0357		 -0.0527		 -0.0560		 -0.0634		 -0.0707		 -0.0865		 -0.0762		 -0.0705		 -0.0584		 -0.0436		 -0.0263		 -0.0164		 -0.0083		 -0.0053		 -0.0020		 -0.0023		 -0.0016		 -0.0008		 -0.0007		 -0.0022		 -0.0002		 -0.0004		 -0.0006		 -0.0003		  0.0006		
 0.030		 -0.0022		 -0.0031		 -0.0041		 -0.0038		 -0.0072		 -0.0082		 -0.0106		 -0.0138		 -0.0173		 -0.0197		 -0.0214		 -0.0261		 -0.0275		 -0.0338		 -0.0381		 -0.0419		 -0.0453		 -0.0489		 -0.0599		 -0.0661		 -0.0767		 -0.0721		 -0.1047		 -0.1124		 -0.1261		 -0.1382		 -0.1687		 -0.1498		 -0.1399		 -0.1163		 -0.0916		 -0.0577		 -0.0371		 -0.0196		 -0.0139		 -0.0045		 -0.0062		 -0.0042		 -0.0027		 -0.0023		 -0.0063		 -0.0007		 -0.0013		 -0.0011		 -0.0006		  0.0016		
 0.040		 -0.0032		 -0.0045		 -0.0061		 -0.0063		 -0.0107		 -0.0123		 -0.0158		 -0.0203		 -0.0253		 -0.0289		 -0.0321		 -0.0387		 -0.0424		 -0.0521		 -0.0578		 -0.0638		 -0.0688		 -0.0749		 -0.0889		 -0.1001		 -0.1141		 -0.1134		 -0.1552		 -0.1693		 -0.1880		 -0.2050		 -0.2434		 -0.2213		 -0.2078		 -0.1742		 -0.1413		 -0.0927		 -0.0616		 -0.0339		 -0.0250		 -0.0101		 -0.0114		 -0.0077		 -0.0055		 -0.0044		 -0.0095		 -0.0016		 -0.0025		 -0.0017		 -0.0010		  0.0027		
 0.050		 -0.0041		 -0.0060		 -0.0080		 -0.0089		 -0.0142		 -0.0168		 -0.0213		 -0.0272		 -0.0335		 -0.0383		 -0.0429		 -0.0514		 -0.0577		 -0.0711		 -0.0772		 -0.0858		 -0.0927		 -0.1010		 -0.1178		 -0.1351		 -0.1513		 -0.1557		 -0.2049		 -0.2257		 -0.2491		 -0.2710		 -0.3153		 -0.2908		 -0.2740		 -0.2323		 -0.1919		 -0.1299		 -0.0895		 -0.0512		 -0.0379		 -0.0184		 -0.0179		 -0.0121		 -0.0090		 -0.0072		 -0.0119		 -0.0030		 -0.0038		 -0.0025		 -0.0014		  0.0030		
 0.060		 -0.0050		 -0.0074		 -0.0100		 -0.0114		 -0.0176		 -0.0214		 -0.0270		 -0.0343		 -0.0420		 -0.0480		 -0.0539		 -0.0643		 -0.0728		 -0.0899		 -0.0960		 -0.1074		 -0.1161		 -0.1271		 -0.1466		 -0.1703		 -0.1889		 -0.1981		 -0.2543		 -0.2814		 -0.3099		 -0.3360		 -0.3858		 -0.3588		 -0.3389		 -0.2906		 -0.2431		 -0.1684		 -0.1197		 -0.0711		 -0.0520		 -0.0283		 -0.0256		 -0.0174		 -0.0132		 -0.0105		 -0.0146		 -0.0048		 -0.0052		 -0.0035		 -0.0020		  0.0028		
 0.070		 -0.0060		 -0.0088		 -0.0120		 -0.0141		 -0.0211		 -0.0261		 -0.0328		 -0.0413		 -0.0506		 -0.0577		 -0.0650		 -0.0774		 -0.0877		 -0.1082		 -0.1147		 -0.1289		 -0.1391		 -0.1534		 -0.1756		 -0.2052		 -0.2266		 -0.2409		 -0.3036		 -0.3365		 -0.3702		 -0.3998		 -0.4549		 -0.4254		 -0.4032		 -0.3487		 -0.2946		 -0.2079		 -0.1514		 -0.0928		 -0.0674		 -0.0394		 -0.0344		 -0.0236		 -0.0181		 -0.0144		 -0.0176		 -0.0070		 -0.0070		 -0.0046		 -0.0026		  0.0025		
 0.080		 -0.0069		 -0.0103		 -0.0140		 -0.0167		 -0.0246		 -0.0308		 -0.0386		 -0.0484		 -0.0594		 -0.0674		 -0.0761		 -0.0905		 -0.1027		 -0.1262		 -0.1337		 -0.1504		 -0.1622		 -0.1797		 -0.2048		 -0.2395		 -0.2644		 -0.2837		 -0.3530		 -0.3909		 -0.4302		 -0.4626		 -0.5228		 -0.4911		 -0.4672		 -0.4067		 -0.3464		 -0.2482		 -0.1841		 -0.1158		 -0.0842		 -0.0519		 -0.0443		 -0.0305		 -0.0236		 -0.0188		 -0.0211		 -0.0095		 -0.0089		 -0.0059		 -0.0033		  0.0021		
 0.090		 -0.0078		 -0.0118		 -0.0160		 -0.0194		 -0.0282		 -0.0355		 -0.0444		 -0.0554		 -0.0683		 -0.0772		 -0.0873		 -0.1035		 -0.1178		 -0.1439		 -0.1529		 -0.1719		 -0.1856		 -0.2058		 -0.2343		 -0.2735		 -0.3022		 -0.3262		 -0.4023		 -0.4445		 -0.4895		 -0.5241		 -0.5897		 -0.5556		 -0.5307		 -0.4643		 -0.3986		 -0.2891		 -0.2178		 -0.1400		 -0.1023		 -0.0655		 -0.0550		 -0.0382		 -0.0297		 -0.0237		 -0.0250		 -0.0124		 -0.0111		 -0.0074		 -0.0042		  0.0016		
 0.100		 -0.0088		 -0.0133		 -0.0181		 -0.0220		 -0.0317		 -0.0402		 -0.0503		 -0.0625		 -0.0771		 -0.0871		 -0.0986		 -0.1165		 -0.1330		 -0.1611		 -0.1722		 -0.1933		 -0.2091		 -0.2318		 -0.2643		 -0.3074		 -0.3399		 -0.3683		 -0.4515		 -0.4974		 -0.5478		 -0.5848		 -0.6560		 -0.6190		 -0.5939		 -0.5217		 -0.4511		 -0.3303		 -0.2525		 -0.1653		 -0.1217		 -0.0799		 -0.0667		 -0.0465		 -0.0364		 -0.0290		 -0.0293		 -0.0156		 -0.0136		 -0.0090		 -0.0051		  0.0011		
 0.110		 -0.0098		 -0.0148		 -0.0202		 -0.0247		 -0.0353		 -0.0449		 -0.0561		 -0.0697		 -0.0859		 -0.0970		 -0.1099		 -0.1297		 -0.1481		 -0.1779		 -0.1914		 -0.2147		 -0.2327		 -0.2577		 -0.2946		 -0.3414		 -0.3774		 -0.4102		 -0.5004		 -0.5497		 -0.6051		 -0.6447		 -0.7217		 -0.6814		 -0.6566		 -0.5789		 -0.5038		 -0.3715		 -0.2881		 -0.1914		 -0.1420		 -0.0951		 -0.0792		 -0.0554		 -0.0436		 -0.0348		 -0.0340		 -0.0191		 -0.0162		 -0.0108		 -0.0061		  0.0006		
 0.120		 -0.0108		 -0.0164		 -0.0222		 -0.0274		 -0.0388		 -0.0495		 -0.0619		 -0.0769		 -0.0947		 -0.1070		 -0.1213		 -0.1427		 -0.1632		 -0.1945		 -0.2107		 -0.2361		 -0.2564		 -0.2839		 -0.3251		 -0.3752		 -0.4148		 -0.4516		 -0.5488		 -0.6014		 -0.6618		 -0.7040		 -0.7869		 -0.7427		 -0.7189		 -0.6359		 -0.5566		 -0.4127		 -0.3246		 -0.2183		 -0.1632		 -0.1111		 -0.0926		 -0.0650		 -0.0514		 -0.0410		 -0.0391		 -0.0229		 -0.0191		 -0.0127		 -0.0072		 -0.0000		
 0.130		 -0.0117		 -0.0179		 -0.0243		 -0.0301		 -0.0424		 -0.0542		 -0.0678		 -0.0841		 -0.1035		 -0.1170		 -0.1325		 -0.1558		 -0.1783		 -0.2113		 -0.2303		 -0.2575		 -0.2801		 -0.3103		 -0.3554		 -0.4086		 -0.4520		 -0.4925		 -0.5968		 -0.6526		 -0.7179		 -0.7628		 -0.8518		 -0.8034		 -0.7808		 -0.6928		 -0.6093		 -0.4539		 -0.3617		 -0.2459		 -0.1851		 -0.1279		 -0.1068		 -0.0752		 -0.0596		 -0.0476		 -0.0444		 -0.0270		 -0.0222		 -0.0148		 -0.0084		 -0.0007		
 0.140		 -0.0127		 -0.0195		 -0.0263		 -0.0328		 -0.0460		 -0.0589		 -0.0737		 -0.0913		 -0.1123		 -0.1270		 -0.1437		 -0.1690		 -0.1932		 -0.2281		 -0.2501		 -0.2789		 -0.3038		 -0.3369		 -0.3854		 -0.4414		 -0.4891		 -0.5330		 -0.6445		 -0.7035		 -0.7737		 -0.8213		 -0.9162		 -0.8638		 -0.8423		 -0.7494		 -0.6616		 -0.4954		 -0.3989		 -0.2741		 -0.2077		 -0.1454		 -0.1218		 -0.0859		 -0.0684		 -0.0547		 -0.0501		 -0.0313		 -0.0254		 -0.0170		 -0.0097		 -0.0014		
 0.150		 -0.0137		 -0.0210		 -0.0284		 -0.0355		 -0.0496		 -0.0636		 -0.0795		 -0.0986		 -0.1211		 -0.1369		 -0.1549		 -0.1821		 -0.2079		 -0.2450		 -0.2702		 -0.3001		 -0.3274		 -0.3636		 -0.4151		 -0.4737		 -0.5261		 -0.5731		 -0.6918		 -0.7541		 -0.8294		 -0.8797		 -0.9801		 -0.9239		 -0.9035		 -0.8055		 -0.7134		 -0.5370		 -0.4363		 -0.3028		 -0.2310		 -0.1637		 -0.1374		 -0.0973		 -0.0777		 -0.0622		 -0.0561		 -0.0360		 -0.0289		 -0.0194		 -0.0111		 -0.0022		
 0.160		 -0.0147		 -0.0225		 -0.0305		 -0.0382		 -0.0532		 -0.0683		 -0.0853		 -0.1059		 -0.1300		 -0.1469		 -0.1660		 -0.1953		 -0.2225		 -0.2617		 -0.2904		 -0.3212		 -0.3509		 -0.3903		 -0.4446		 -0.5055		 -0.5631		 -0.6130		 -0.7387		 -0.8044		 -0.8850		 -0.9379		 -1.0436		 -0.9837		 -0.9644		 -0.8611		 -0.7650		 -0.5787		 -0.4739		 -0.3319		 -0.2548		 -0.1826		 -0.1537		 -0.1091		 -0.0875		 -0.0701		 -0.0624		 -0.0409		 -0.0325		 -0.0220		 -0.0126		 -0.0030		
 0.170		 -0.0157		 -0.0241		 -0.0326		 -0.0409		 -0.0568		 -0.0731		 -0.0912		 -0.1131		 -0.1389		 -0.1568		 -0.1771		 -0.2084		 -0.2372		 -0.2784		 -0.3106		 -0.3421		 -0.3745		 -0.4169		 -0.4739		 -0.5369		 -0.6001		 -0.6528		 -0.7853		 -0.8545		 -0.9405		 -0.9957		 -1.1064		 -1.0432		 -1.0249		 -0.9163		 -0.8164		 -0.6207		 -0.5116		 -0.3614		 -0.2793		 -0.2021		 -0.1704		 -0.1214		 -0.0977		 -0.0785		 -0.0690		 -0.0460		 -0.0364		 -0.0247		 -0.0141		 -0.0039		
 0.180		 -0.0167		 -0.0256		 -0.0347		 -0.0437		 -0.0604		 -0.0778		 -0.0971		 -0.1204		 -0.1477		 -0.1667		 -0.1882		 -0.2215		 -0.2519		 -0.2950		 -0.3309		 -0.3629		 -0.3981		 -0.4434		 -0.5030		 -0.5683		 -0.6370		 -0.6924		 -0.8315		 -0.9041		 -0.9956		 -1.0532		 -1.1683		 -1.1024		 -1.0852		 -0.9710		 -0.8676		 -0.6631		 -0.5496		 -0.3914		 -0.3043		 -0.2221		 -0.1874		 -0.1342		 -0.1083		 -0.0873		 -0.0758		 -0.0514		 -0.0404		 -0.0276		 -0.0158		 -0.0049		
 0.190		 -0.0177		 -0.0272		 -0.0368		 -0.0464		 -0.0641		 -0.0825		 -0.1031		 -0.1276		 -0.1565		 -0.1766		 -0.1993		 -0.2345		 -0.2667		 -0.3115		 -0.3511		 -0.3837		 -0.4217		 -0.4699		 -0.5321		 -0.5996		 -0.6737		 -0.7317		 -0.8772		 -0.9535		 -1.0503		 -1.1104		 -1.2294		 -1.1613		 -1.1450		 -1.0254		 -0.9187		 -0.7062		 -0.5879		 -0.4220		 -0.3297		 -0.2424		 -0.2047		 -0.1474		 -0.1194		 -0.0964		 -0.0831		 -0.0571		 -0.0446		 -0.0306		 -0.0175		 -0.0059		
 0.200		 -0.0187		 -0.0287		 -0.0389		 -0.0492		 -0.0677		 -0.0871		 -0.1090		 -0.1348		 -0.1652		 -0.1864		 -0.2105		 -0.2476		 -0.2814		 -0.3280		 -0.3712		 -0.4045		 -0.4454		 -0.4963		 -0.5610		 -0.6309		 -0.7104		 -0.7707		 -0.9227		 -1.0026		 -1.1047		 -1.1671		 -1.2899		 -1.2199		 -1.2044		 -1.0795		 -0.9698		 -0.7498		 -0.6264		 -0.4532		 -0.3556		 -0.2631		 -0.2223		 -0.1611		 -0.1308		 -0.1059		 -0.0906		 -0.0631		 -0.0491		 -0.0338		 -0.0194		 -0.0069		
 0.210		 -0.0197		 -0.0303		 -0.0410		 -0.0519		 -0.0713		 -0.0917		 -0.1149		 -0.1420		 -0.1739		 -0.1963		 -0.2217		 -0.2607		 -0.2961		 -0.3444		 -0.3910		 -0.4251		 -0.4690		 -0.5225		 -0.5898		 -0.6621		 -0.7469		 -0.8092		 -0.9678		 -1.0512		 -1.1589		 -1.2235		 -1.3500		 -1.2782		 -1.2636		 -1.1335		 -1.0209		 -0.7938		 -0.6650		 -0.4850		 -0.3819		 -0.2841		 -0.2402		 -0.1752		 -0.1425		 -0.1157		 -0.0983		 -0.0693		 -0.0538		 -0.0371		 -0.0213		 -0.0080		
 0.220		 -0.0208		 -0.0319		 -0.0431		 -0.0547		 -0.0750		 -0.0963		 -0.1208		 -0.1493		 -0.1825		 -0.2061		 -0.2329		 -0.2739		 -0.3107		 -0.3608		 -0.4107		 -0.4457		 -0.4926		 -0.5485		 -0.6185		 -0.6931		 -0.7833		 -0.8475		 -1.0128		 -1.0989		 -1.2128		 -1.2797		 -1.4095		 -1.3361		 -1.3228		 -1.1873		 -1.0718		 -0.8381		 -0.7039		 -0.5171		 -0.4086		 -0.3055		 -0.2584		 -0.1898		 -0.1546		 -0.1258		 -0.1064		 -0.0758		 -0.0586		 -0.0405		 -0.0233		 -0.0091		
 0.230		 -0.0218		 -0.0334		 -0.0452		 -0.0575		 -0.0786		 -0.1008		 -0.1267		 -0.1566		 -0.1911		 -0.2159		 -0.2442		 -0.2870		 -0.3252		 -0.3772		 -0.4305		 -0.4661		 -0.5162		 -0.5744		 -0.6473		 -0.7241		 -0.8195		 -0.8857		 -1.0576		 -1.1462		 -1.2661		 -1.3357		 -1.4683		 -1.3935		 -1.3817		 -1.2411		 -1.1224		 -0.8826		 -0.7429		 -0.5496		 -0.4357		 -0.3272		 -0.2769		 -0.2049		 -0.1671		 -0.1362		 -0.1147		 -0.0824		 -0.0636		 -0.0441		 -0.0254		 -0.0103		
 0.240		 -0.0228		 -0.0350		 -0.0474		 -0.0602		 -0.0823		 -0.1054		 -0.1326		 -0.1638		 -0.1996		 -0.2256		 -0.2555		 -0.3002		 -0.3396		 -0.3936		 -0.4501		 -0.4866		 -0.5399		 -0.6001		 -0.6760		 -0.7550		 -0.8554		 -0.9238		 -1.1022		 -1.1932		 -1.3188		 -1.3914		 -1.5264		 -1.4508		 -1.4401		 -1.2948		 -1.1727		 -0.9273		 -0.7820		 -0.5825		 -0.4633		 -0.3496		 -0.2957		 -0.2204		 -0.1798		 -0.1469		 -0.1233		 -0.0893		 -0.0688		 -0.0479		 -0.0276		 -0.0116		
 0.250		 -0.0238		 -0.0366		 -0.0495		 -0.0630		 -0.0860		 -0.1100		 -0.1385		 -0.1711		 -0.2081		 -0.2352		 -0.2668		 -0.3133		 -0.3540		 -0.4101		 -0.4696		 -0.5070		 -0.5636		 -0.6258		 -0.7046		 -0.7860		 -0.8911		 -0.9618		 -1.1466		 -1.2399		 -1.3710		 -1.4470		 -1.5838		 -1.5079		 -1.4981		 -1.3486		 -1.2227		 -0.9722		 -0.8212		 -0.6157		 -0.4911		 -0.3725		 -0.3149		 -0.2363		 -0.1930		 -0.1579		 -0.1322		 -0.0964		 -0.0741		 -0.0518		 -0.0299		 -0.0129		
 0.260		 -0.0248		 -0.0381		 -0.0516		 -0.0658		 -0.0896		 -0.1145		 -0.1444		 -0.1783		 -0.2166		 -0.2448		 -0.2780		 -0.3265		 -0.3683		 -0.4265		 -0.4890		 -0.5274		 -0.5872		 -0.6512		 -0.7331		 -0.8171		 -0.9267		 -0.9995		 -1.1909		 -1.2864		 -1.4225		 -1.5023		 -1.6409		 -1.5647		 -1.5557		 -1.4026		 -1.2724		 -1.0173		 -0.8606		 -0.6492		 -0.5192		 -0.3958		 -0.3344		 -0.2525		 -0.2065		 -0.1691		 -0.1412		 -0.1037		 -0.0796		 -0.0558		 -0.0323		 -0.0142		
 0.270		 -0.0259		 -0.0397		 -0.0537		 -0.0685		 -0.0933		 -0.1191		 -0.1503		 -0.1855		 -0.2252		 -0.2544		 -0.2893		 -0.3396		 -0.3827		 -0.4428		 -0.5082		 -0.5479		 -0.6108		 -0.6765		 -0.7615		 -0.8480		 -0.9621		 -1.0369		 -1.2349		 -1.3327		 -1.4736		 -1.5572		 -1.6979		 -1.6212		 -1.6129		 -1.4568		 -1.3221		 -1.0623		 -0.9003		 -0.6831		 -0.5475		 -0.4195		 -0.3542		 -0.2690		 -0.2203		 -0.1807		 -0.1505		 -0.1113		 -0.0853		 -0.0600		 -0.0347		 -0.0156		
 0.280		 -0.0269		 -0.0413		 -0.0559		 -0.0713		 -0.0969		 -0.1236		 -0.1562		 -0.1927		 -0.2337		 -0.2639		 -0.3005		 -0.3527		 -0.3972		 -0.4591		 -0.5272		 -0.5684		 -0.6344		 -0.7015		 -0.7899		 -0.8787		 -0.9974		 -1.0739		 -1.2785		 -1.3790		 -1.5249		 -1.6115		 -1.7549		 -1.6775		 -1.6695		 -1.5109		 -1.3720		 -1.1074		 -0.9400		 -0.7173		 -0.5759		 -0.4435		 -0.3744		 -0.2859		 -0.2344		 -0.1924		 -0.1599		 -0.1190		 -0.0912		 -0.0643		 -0.0373		 -0.0170		
 0.290		 -0.0279		 -0.0429		 -0.0580		 -0.0741		 -0.1006		 -0.1281		 -0.1621		 -0.1998		 -0.2422		 -0.2735		 -0.3118		 -0.3658		 -0.4119		 -0.4754		 -0.5459		 -0.5890		 -0.6578		 -0.7266		 -0.8181		 -0.9093		 -1.0324		 -1.1106		 -1.3217		 -1.4251		 -1.5761		 -1.6651		 -1.8116		 -1.7336		 -1.7257		 -1.5649		 -1.4221		 -1.1524		 -0.9799		 -0.7517		 -0.6045		 -0.4677		 -0.3949		 -0.3032		 -0.2490		 -0.2044		 -0.1696		 -0.1270		 -0.0971		 -0.0688		 -0.0399		 -0.0185		
 0.300		 -0.0290		 -0.0445		 -0.0601		 -0.0769		 -0.1043		 -0.1327		 -0.1680		 -0.2070		 -0.2507		 -0.2831		 -0.3230		 -0.3788		 -0.4265		 -0.4918		 -0.5645		 -0.6096		 -0.6811		 -0.7515		 -0.8461		 -0.9397		 -1.0672		 -1.1473		 -1.3647		 -1.4710		 -1.6273		 -1.7185		 -1.8681		 -1.7893		 -1.7814		 -1.6188		 -1.4722		 -1.1974		 -1.0200		 -0.7860		 -0.6332		 -0.4922		 -0.4159		 -0.3209		 -0.2642		 -0.2166		 -0.1795		 -0.1351		 -0.1033		 -0.0734		 -0.0426		 -0.0200		
 0.310		 -0.0300		 -0.0461		 -0.0623		 -0.0797		 -0.1079		 -0.1373		 -0.1739		 -0.2141		 -0.2592		 -0.2928		 -0.3343		 -0.3919		 -0.4412		 -0.5083		 -0.5829		 -0.6302		 -0.7042		 -0.7762		 -0.8741		 -0.9699		 -1.1016		 -1.1838		 -1.4078		 -1.5166		 -1.6786		 -1.7718		 -1.9242		 -1.8445		 -1.8366		 -1.6726		 -1.5222		 -1.2427		 -1.0603		 -0.8206		 -0.6621		 -0.5171		 -0.4369		 -0.3390		 -0.2798		 -0.2292		 -0.1897		 -0.1435		 -0.1095		 -0.0781		 -0.0454		 -0.0215		
 0.320		 -0.0310		 -0.0477		 -0.0644		 -0.0825		 -0.1116		 -0.1420		 -0.1798		 -0.2212		 -0.2677		 -0.3024		 -0.3455		 -0.4050		 -0.4558		 -0.5248		 -0.6012		 -0.6508		 -0.7271		 -0.8005		 -0.9020		 -0.9999		 -1.1358		 -1.2204		 -1.4510		 -1.5621		 -1.7296		 -1.8250		 -1.9799		 -1.8994		 -1.8915		 -1.7262		 -1.5719		 -1.2881		 -1.1008		 -0.8555		 -0.6911		 -0.5422		 -0.4582		 -0.3573		 -0.2957		 -0.2420		 -0.2001		 -0.1521		 -0.1159		 -0.0829		 -0.0482		 -0.0232		
 0.330		 -0.0321		 -0.0493		 -0.0665		 -0.0853		 -0.1153		 -0.1467		 -0.1856		 -0.2283		 -0.2761		 -0.3122		 -0.3567		 -0.4180		 -0.4704		 -0.5413		 -0.6194		 -0.6714		 -0.7497		 -0.8247		 -0.9298		 -1.0299		 -1.1700		 -1.2572		 -1.4942		 -1.6075		 -1.7804		 -1.8780		 -2.0353		 -1.9538		 -1.9460		 -1.7797		 -1.6213		 -1.3337		 -1.1415		 -0.8908		 -0.7203		 -0.5677		 -0.4796		 -0.3758		 -0.3116		 -0.2551		 -0.2107		 -0.1609		 -0.1224		 -0.0879		 -0.0512		 -0.0248		
 0.340		 -0.0331		 -0.0509		 -0.0687		 -0.0881		 -0.1189		 -0.1513		 -0.1915		 -0.2354		 -0.2845		 -0.3219		 -0.3679		 -0.4310		 -0.4850		 -0.5577		 -0.6375		 -0.6919		 -0.7721		 -0.8487		 -0.9574		 -1.0599		 -1.2041		 -1.2939		 -1.5373		 -1.6528		 -1.8309		 -1.9307		 -2.0903		 -2.0080		 -2.0003		 -1.8329		 -1.6704		 -1.3794		 -1.1824		 -0.9263		 -0.7498		 -0.5935		 -0.5012		 -0.3945		 -0.3277		 -0.2684		 -0.2215		 -0.1700		 -0.1291		 -0.0930		 -0.0542		 -0.0265		
 0.350		 -0.0342		 -0.0525		 -0.0708		 -0.0909		 -0.1226		 -0.1560		 -0.1973		 -0.2424		 -0.2930		 -0.3317		 -0.3791		 -0.4440		 -0.4996		 -0.5741		 -0.6556		 -0.7123		 -0.7943		 -0.8727		 -0.9848		 -1.0898		 -1.2382		 -1.3305		 -1.5801		 -1.6978		 -1.8811		 -1.9829		 -2.1451		 -2.0619		 -2.0546		 -1.8860		 -1.7195		 -1.4251		 -1.2234		 -0.9618		 -0.7795		 -0.6196		 -0.5229		 -0.4135		 -0.3439		 -0.2819		 -0.2325		 -0.1793		 -0.1359		 -0.0982		 -0.0573		 -0.0283		
 0.360		 -0.0352		 -0.0541		 -0.0730		 -0.0937		 -0.1263		 -0.1607		 -0.2031		 -0.2495		 -0.3014		 -0.3414		 -0.3902		 -0.4570		 -0.5141		 -0.5904		 -0.6737		 -0.7327		 -0.8164		 -0.8966		 -1.0121		 -1.1195		 -1.2720		 -1.3669		 -1.6227		 -1.7425		 -1.9309		 -2.0348		 -2.1996		 -2.1154		 -2.1091		 -1.9389		 -1.7685		 -1.4710		 -1.2645		 -0.9973		 -0.8093		 -0.6460		 -0.5448		 -0.4327		 -0.3605		 -0.2957		 -0.2438		 -0.1888		 -0.1429		 -0.1035		 -0.0605		 -0.0301		
 0.370		 -0.0362		 -0.0557		 -0.0752		 -0.0965		 -0.1300		 -0.1654		 -0.2089		 -0.2565		 -0.3099		 -0.3511		 -0.4014		 -0.4700		 -0.5286		 -0.6067		 -0.6918		 -0.7530		 -0.8384		 -0.9205		 -1.0392		 -1.1490		 -1.3058		 -1.4030		 -1.6650		 -1.7867		 -1.9803		 -2.0863		 -2.2540		 -2.1688		 -2.1637		 -1.9917		 -1.8174		 -1.5168		 -1.3056		 -1.0327		 -0.8394		 -0.6726		 -0.5669		 -0.4522		 -0.3774		 -0.3098		 -0.2553		 -0.1985		 -0.1501		 -0.1089		 -0.0637		 -0.0320		
 0.380		 -0.0373		 -0.0573		 -0.0773		 -0.0993		 -0.1336		 -0.1701		 -0.2147		 -0.2636		 -0.3183		 -0.3608		 -0.4125		 -0.4829		 -0.5430		 -0.6229		 -0.7099		 -0.7733		 -0.8604		 -0.9443		 -1.0662		 -1.1783		 -1.3395		 -1.4390		 -1.7070		 -1.8305		 -2.0293		 -2.1375		 -2.3080		 -2.2221		 -2.2185		 -2.0443		 -1.8661		 -1.5625		 -1.3467		 -1.0678		 -0.8697		 -0.6994		 -0.5894		 -0.4719		 -0.3947		 -0.3241		 -0.2671		 -0.2083		 -0.1574		 -0.1144		 -0.0671		 -0.0339		
 0.390		 -0.0383		 -0.0589		 -0.0795		 -0.1021		 -0.1373		 -0.1748		 -0.2205		 -0.2707		 -0.3268		 -0.3706		 -0.4236		 -0.4958		 -0.5574		 -0.6391		 -0.7281		 -0.7935		 -0.8822		 -0.9681		 -1.0930		 -1.2075		 -1.3729		 -1.4751		 -1.7486		 -1.8739		 -2.0778		 -2.1884		 -2.3618		 -2.2752		 -2.2735		 -2.0968		 -1.9148		 -1.6081		 -1.3878		 -1.1027		 -0.9004		 -0.7265		 -0.6121		 -0.4918		 -0.4124		 -0.3387		 -0.2791		 -0.2184		 -0.1649		 -0.1200		 -0.0705		 -0.0359		
 0.400		 -0.0394		 -0.0605		 -0.0816		 -0.1049		 -0.1410		 -0.1795		 -0.2263		 -0.2777		 -0.3352		 -0.3803		 -0.4346		 -0.5086		 -0.5717		 -0.6552		 -0.7463		 -0.8136		 -0.9037		 -0.9919		 -1.1197		 -1.2364		 -1.4063		 -1.5113		 -1.7898		 -1.9170		 -2.1260		 -2.2390		 -2.4151		 -2.3281		 -2.3288		 -2.1491		 -1.9634		 -1.6537		 -1.4291		 -1.1374		 -0.9314		 -0.7538		 -0.6351		 -0.5120		 -0.4304		 -0.3535		 -0.2913		 -0.2286		 -0.1726		 -0.1257		 -0.0739		 -0.0380		
 0.410		 -0.0404		 -0.0621		 -0.0838		 -0.1077		 -0.1447		 -0.1842		 -0.2320		 -0.2848		 -0.3437		 -0.3900		 -0.4457		 -0.5214		 -0.5858		 -0.6712		 -0.7645		 -0.8337		 -0.9248		 -1.0157		 -1.1462		 -1.2653		 -1.4395		 -1.5477		 -1.8305		 -1.9597		 -2.1739		 -2.2893		 -2.4681		 -2.3810		 -2.3843		 -2.2012		 -2.0118		 -1.6994		 -1.4707		 -1.1719		 -0.9627		 -0.7813		 -0.6583		 -0.5323		 -0.4488		 -0.3685		 -0.3039		 -0.2390		 -0.1805		 -0.1315		 -0.0775		 -0.0401		
 0.420		 -0.0415		 -0.0637		 -0.0860		 -0.1105		 -0.1483		 -0.1889		 -0.2378		 -0.2919		 -0.3521		 -0.3996		 -0.4568		 -0.5342		 -0.5999		 -0.6872		 -0.7826		 -0.8537		 -0.9458		 -1.0394		 -1.1727		 -1.2940		 -1.4726		 -1.5842		 -1.8707		 -2.0020		 -2.2215		 -2.3393		 -2.5206		 -2.4339		 -2.4399		 -2.2531		 -2.0600		 -1.7451		 -1.5123		 -1.2062		 -0.9942		 -0.8091		 -0.6815		 -0.5528		 -0.4675		 -0.3836		 -0.3166		 -0.2496		 -0.1885		 -0.1374		 -0.0811		 -0.0422		
 0.430		 -0.0425		 -0.0653		 -0.0881		 -0.1134		 -0.1520		 -0.1935		 -0.2435		 -0.2989		 -0.3605		 -0.4093		 -0.4679		 -0.5470		 -0.6140		 -0.7032		 -0.8006		 -0.8737		 -0.9667		 -1.0632		 -1.1989		 -1.3226		 -1.5057		 -1.6206		 -1.9106		 -2.0441		 -2.2688		 -2.3889		 -2.5729		 -2.4867		 -2.4956		 -2.3047		 -2.1079		 -1.7908		 -1.5538		 -1.2404		 -1.0261		 -0.8373		 -0.7050		 -0.5735		 -0.4864		 -0.3990		 -0.3294		 -0.2604		 -0.1968		 -0.1434		 -0.0849		 -0.0444		
 0.440		 -0.0435		 -0.0669		 -0.0903		 -0.1162		 -0.1557		 -0.1982		 -0.2493		 -0.3059		 -0.3689		 -0.4190		 -0.4790		 -0.5598		 -0.6280		 -0.7191		 -0.8187		 -0.8935		 -0.9876		 -1.0869		 -1.2247		 -1.3508		 -1.5386		 -1.6566		 -1.9503		 -2.0862		 -2.3157		 -2.4381		 -2.6250		 -2.5395		 -2.5514		 -2.3561		 -2.1558		 -1.8365		 -1.5952		 -1.2747		 -1.0583		 -0.8658		 -0.7285		 -0.5943		 -0.5055		 -0.4145		 -0.3426		 -0.2715		 -0.2052		 -0.1495		 -0.0887		 -0.0467		
 0.450		 -0.0446		 -0.0685		 -0.0925		 -0.1190		 -0.1594		 -0.2029		 -0.2550		 -0.3129		 -0.3773		 -0.4287		 -0.4901		 -0.5725		 -0.6420		 -0.7349		 -0.8369		 -0.9133		 -1.0084		 -1.1106		 -1.2502		 -1.3789		 -1.5714		 -1.6923		 -1.9898		 -2.1280		 -2.3623		 -2.4866		 -2.6767		 -2.5921		 -2.6070		 -2.4073		 -2.2038		 -1.8821		 -1.6365		 -1.3091		 -1.0908		 -0.8943		 -0.7523		 -0.6152		 -0.5248		 -0.4303		 -0.3560		 -0.2829		 -0.2138		 -0.1558		 -0.0925		 -0.0490		
 0.460		 -0.0456		 -0.0701		 -0.0946		 -0.1218		 -0.1631		 -0.2075		 -0.2607		 -0.3199		 -0.3857		 -0.4383		 -0.5012		 -0.5852		 -0.6559		 -0.7506		 -0.8550		 -0.9330		 -1.0293		 -1.1343		 -1.2756		 -1.4068		 -1.6042		 -1.7276		 -2.0290		 -2.1697		 -2.4085		 -2.5344		 -2.7283		 -2.6446		 -2.6624		 -2.4585		 -2.2521		 -1.9277		 -1.6777		 -1.3438		 -1.1235		 -0.9230		 -0.7762		 -0.6364		 -0.5443		 -0.4463		 -0.3696		 -0.2945		 -0.2224		 -0.1621		 -0.0965		 -0.0513		
 0.470		 -0.0467		 -0.0718		 -0.0968		 -0.1246		 -0.1668		 -0.2121		 -0.2664		 -0.3269		 -0.3941		 -0.4479		 -0.5123		 -0.5979		 -0.6697		 -0.7662		 -0.8731		 -0.9526		 -1.0503		 -1.1580		 -1.3007		 -1.4345		 -1.6370		 -1.7628		 -2.0680		 -2.2112		 -2.4543		 -2.5818		 -2.7794		 -2.6971		 -2.7176		 -2.5097		 -2.3004		 -1.9733		 -1.7186		 -1.3787		 -1.1563		 -0.9519		 -0.8004		 -0.6577		 -0.5639		 -0.4625		 -0.3835		 -0.3063		 -0.2313		 -0.1685		 -0.1005		 -0.0537		
 0.480		 -0.0477		 -0.0734		 -0.0990		 -0.1274		 -0.1705		 -0.2168		 -0.2721		 -0.3339		 -0.4025		 -0.4575		 -0.5234		 -0.6105		 -0.6835		 -0.7818		 -0.8911		 -0.9721		 -1.0713		 -1.1818		 -1.3257		 -1.4621		 -1.6698		 -1.7979		 -2.1068		 -2.2528		 -2.4998		 -2.6289		 -2.8299		 -2.7497		 -2.7725		 -2.5611		 -2.3485		 -2.0192		 -1.7595		 -1.4139		 -1.1891		 -0.9811		 -0.8247		 -0.6792		 -0.5835		 -0.4789		 -0.3975		 -0.3183		 -0.2402		 -0.1750		 -0.1045		 -0.0561		
 0.490		 -0.0488		 -0.0750		 -0.1011		 -0.1302		 -0.1742		 -0.2214		 -0.2778		 -0.3409		 -0.4110		 -0.4671		 -0.5344		 -0.6231		 -0.6971		 -0.7973		 -0.9092		 -0.9915		 -1.0924		 -1.2056		 -1.3504		 -1.4896		 -1.7026		 -1.8329		 -2.1454		 -2.2945		 -2.5450		 -2.6759		 -2.8797		 -2.8022		 -2.8270		 -2.6127		 -2.3964		 -2.0653		 -1.8003		 -1.4493		 -1.2219		 -1.0105		 -0.8493		 -0.7010		 -0.6034		 -0.4953		 -0.4116		 -0.3304		 -0.2492		 -0.1817		 -0.1087		 -0.0586		
 0.500		 -0.0498		 -0.0766		 -0.1033		 -0.1330		 -0.1779		 -0.2261		 -0.2835		 -0.3479		 -0.4194		 -0.4766		 -0.5454		 -0.6357		 -0.7107		 -0.8127		 -0.9272		 -1.0110		 -1.1136		 -1.2293		 -1.3750		 -1.5168		 -1.7353		 -1.8679		 -2.1838		 -2.3361		 -2.5901		 -2.7227		 -2.9290		 -2.8546		 -2.8813		 -2.6644		 -2.4442		 -2.1117		 -1.8411		 -1.4848		 -1.2548		 -1.0399		 -0.8740		 -0.7230		 -0.6234		 -0.5120		 -0.4260		 -0.3426		 -0.2584		 -0.1884		 -0.1129		 -0.0611		
 0.510		 -0.0509		 -0.0782		 -0.1055		 -0.1358		 -0.1816		 -0.2308		 -0.2891		 -0.3550		 -0.4278		 -0.4862		 -0.5564		 -0.6482		 -0.7243		 -0.8282		 -0.9453		 -1.0305		 -1.1349		 -1.2528		 -1.3996		 -1.5439		 -1.7677		 -1.9026		 -2.2221		 -2.3777		 -2.6352		 -2.7693		 -2.9778		 -2.9066		 -2.9354		 -2.7158		 -2.4919		 -2.1583		 -1.8821		 -1.5203		 -1.2876		 -1.0694		 -0.8988		 -0.7452		 -0.6436		 -0.5288		 -0.4406		 -0.3549		 -0.2676		 -0.1953		 -0.1171		 -0.0637		
 0.520		 -0.0520		 -0.0799		 -0.1077		 -0.1387		 -0.1853		 -0.2355		 -0.2948		 -0.3620		 -0.4361		 -0.4957		 -0.5674		 -0.6607		 -0.7381		 -0.8437		 -0.9633		 -1.0501		 -1.1563		 -1.2759		 -1.4242		 -1.5708		 -1.8000		 -1.9369		 -2.2602		 -2.4191		 -2.6805		 -2.8158		 -3.0262		 -2.9585		 -2.9892		 -2.7669		 -2.5395		 -2.2051		 -1.9231		 -1.5559		 -1.3206		 -1.0990		 -0.9238		 -0.7677		 -0.6639		 -0.5458		 -0.4554		 -0.3674		 -0.2770		 -0.2022		 -0.1215		 -0.0663		
 0.530		 -0.0530		 -0.0815		 -0.1099		 -0.1415		 -0.1890		 -0.2401		 -0.3004		 -0.3690		 -0.4445		 -0.5052		 -0.5783		 -0.6731		 -0.7519		 -0.8592		 -0.9814		 -1.0696		 -1.1778		 -1.2988		 -1.4489		 -1.5975		 -1.8319		 -1.9710		 -2.2981		 -2.4603		 -2.7257		 -2.8621		 -3.0743		 -3.0103		 -3.0427		 -2.8175		 -2.5871		 -2.2520		 -1.9642		 -1.5914		 -1.3536		 -1.1287		 -0.9491		 -0.7902		 -0.6843		 -0.5630		 -0.4702		 -0.3799		 -0.2865		 -0.2092		 -0.1259		 -0.0689		
 0.540		 -0.0541		 -0.0831		 -0.1120		 -0.1443		 -0.1927		 -0.2448		 -0.3060		 -0.3760		 -0.4528		 -0.5148		 -0.5893		 -0.6855		 -0.7659		 -0.8746		 -0.9994		 -1.0892		 -1.1993		 -1.3214		 -1.4737		 -1.6240		 -1.8636		 -2.0048		 -2.3358		 -2.5013		 -2.7710		 -2.9083		 -3.1220		 -3.0618		 -3.0960		 -2.8676		 -2.6346		 -2.2989		 -2.0056		 -1.6270		 -1.3869		 -1.1586		 -0.9748		 -0.8128		 -0.7050		 -0.5805		 -0.4852		 -0.3926		 -0.2960		 -0.2163		 -0.1305		 -0.0716		
 0.550		 -0.0551		 -0.0847		 -0.1142		 -0.1471		 -0.1964		 -0.2495		 -0.3117		 -0.3830		 -0.4611		 -0.5244		 -0.6001		 -0.6979		 -0.7799		 -0.8901		 -1.0174		 -1.1086		 -1.2207		 -1.3438		 -1.4985		 -1.6505		 -1.8949		 -2.0387		 -2.3732		 -2.5421		 -2.8160		 -2.9545		 -3.1694		 -3.1133		 -3.1488		 -2.9175		 -2.6821		 -2.3457		 -2.0472		 -1.6626		 -1.4203		 -1.1886		 -1.0007		 -0.8355		 -0.7258		 -0.5982		 -0.5004		 -0.4053		 -0.3057		 -0.2235		 -0.1351		 -0.0743		
 0.560		 -0.0562		 -0.0864		 -0.1164		 -0.1499		 -0.2001		 -0.2542		 -0.3173		 -0.3900		 -0.4695		 -0.5339		 -0.6110		 -0.7103		 -0.7939		 -0.9056		 -1.0352		 -1.1279		 -1.2419		 -1.3660		 -1.5233		 -1.6770		 -1.9259		 -2.0725		 -2.4104		 -2.5830		 -2.8606		 -3.0007		 -3.2163		 -3.1645		 -3.2011		 -2.9671		 -2.7294		 -2.3925		 -2.0890		 -1.6983		 -1.4540		 -1.2187		 -1.0269		 -0.8583		 -0.7467		 -0.6161		 -0.5158		 -0.4181		 -0.3155		 -0.2307		 -0.1398		 -0.0770		
 0.570		 -0.0572		 -0.0880		 -0.1186		 -0.1527		 -0.2037		 -0.2589		 -0.3230		 -0.3971		 -0.4778		 -0.5435		 -0.6219		 -0.7226		 -0.8079		 -0.9212		 -1.0528		 -1.1472		 -1.2630		 -1.3881		 -1.5479		 -1.7037		 -1.9565		 -2.1064		 -2.4472		 -2.6239		 -2.9049		 -3.0469		 -3.2627		 -3.2153		 -3.2530		 -3.0162		 -2.7767		 -2.4394		 -2.1308		 -1.7342		 -1.4879		 -1.2488		 -1.0532		 -0.8814		 -0.7677		 -0.6342		 -0.5315		 -0.4310		 -0.3255		 -0.2381		 -0.1445		 -0.0798		
 0.580		 -0.0583		 -0.0896		 -0.1208		 -0.1556		 -0.2074		 -0.2637		 -0.3287		 -0.4042		 -0.4862		 -0.5531		 -0.6327		 -0.7349		 -0.8218		 -0.9368		 -1.0703		 -1.1663		 -1.2838		 -1.4103		 -1.5724		 -1.7306		 -1.9866		 -2.1402		 -2.4838		 -2.6645		 -2.9488		 -3.0930		 -3.3089		 -3.2658		 -3.3045		 -3.0649		 -2.8239		 -2.4862		 -2.1725		 -1.7701		 -1.5220		 -1.2791		 -1.0797		 -0.9048		 -0.7888		 -0.6525		 -0.5474		 -0.4441		 -0.3357		 -0.2456		 -0.1493		 -0.0827		
 0.590		 -0.0594		 -0.0913		 -0.1230		 -0.1584		 -0.2111		 -0.2685		 -0.3345		 -0.4113		 -0.4945		 -0.5626		 -0.6435		 -0.7473		 -0.8356		 -0.9524		 -1.0876		 -1.1855		 -1.3044		 -1.4324		 -1.5968		 -1.7578		 -2.0161		 -2.1740		 -2.5199		 -2.7049		 -2.9923		 -3.1390		 -3.3549		 -3.3161		 -3.3558		 -3.1133		 -2.8710		 -2.5329		 -2.2141		 -1.8062		 -1.5563		 -1.3096		 -1.1062		 -0.9285		 -0.8100		 -0.6710		 -0.5634		 -0.4572		 -0.3459		 -0.2531		 -0.1542		 -0.0855		
 0.600		 -0.0604		 -0.0929		 -0.1251		 -0.1612		 -0.2148		 -0.2733		 -0.3403		 -0.4184		 -0.5028		 -0.5722		 -0.6543		 -0.7596		 -0.8495		 -0.9681		 -1.1047		 -1.2047		 -1.3248		 -1.4546		 -1.6211		 -1.7851		 -2.0453		 -2.2077		 -2.5558		 -2.7449		 -3.0354		 -3.1851		 -3.4007		 -3.3663		 -3.4069		 -3.1614		 -2.9179		 -2.5794		 -2.2555		 -1.8423		 -1.5908		 -1.3403		 -1.1329		 -0.9523		 -0.8314		 -0.6897		 -0.5794		 -0.4706		 -0.3564		 -0.2608		 -0.1592		 -0.0885		
 0.610		 -0.0615		 -0.0945		 -0.1273		 -0.1640		 -0.2184		 -0.2781		 -0.3460		 -0.4255		 -0.5111		 -0.5817		 -0.6650		 -0.7719		 -0.8633		 -0.9837		 -1.1216		 -1.2239		 -1.3451		 -1.4767		 -1.6454		 -1.8125		 -2.0742		 -2.2413		 -2.5913		 -2.7845		 -3.0781		 -3.2313		 -3.4463		 -3.4164		 -3.4578		 -3.2093		 -2.9646		 -2.6258		 -2.2968		 -1.8785		 -1.6255		 -1.3710		 -1.1597		 -0.9762		 -0.8530		 -0.7085		 -0.5955		 -0.4840		 -0.3669		 -0.2685		 -0.1642		 -0.0914		
 0.620		 -0.0625		 -0.0962		 -0.1295		 -0.1668		 -0.2221		 -0.2829		 -0.3518		 -0.4326		 -0.5194		 -0.5911		 -0.6757		 -0.7843		 -0.8772		 -0.9993		 -1.1384		 -1.2430		 -1.3652		 -1.4988		 -1.6696		 -1.8399		 -2.1028		 -2.2749		 -2.6265		 -2.8238		 -3.1205		 -3.2773		 -3.4916		 -3.4662		 -3.5085		 -3.2571		 -3.0114		 -2.6720		 -2.3382		 -1.9148		 -1.6604		 -1.4019		 -1.1868		 -1.0003		 -0.8749		 -0.7275		 -0.6117		 -0.4976		 -0.3777		 -0.2763		 -0.1693		 -0.0944		
 0.630		 -0.0636		 -0.0978		 -0.1317		 -0.1696		 -0.2258		 -0.2878		 -0.3576		 -0.4397		 -0.5277		 -0.6006		 -0.6863		 -0.7966		 -0.8911		 -1.0147		 -1.1551		 -1.2621		 -1.3851		 -1.5209		 -1.6939		 -1.8673		 -2.1311		 -2.3085		 -2.6614		 -2.8627		 -3.1628		 -3.3230		 -3.5366		 -3.5160		 -3.5590		 -3.3047		 -3.0581		 -2.7181		 -2.3795		 -1.9511		 -1.6954		 -1.4329		 -1.2140		 -1.0244		 -0.8970		 -0.7466		 -0.6281		 -0.5114		 -0.3885		 -0.2843		 -0.1744		 -0.0975		
 0.640		 -0.0647		 -0.0994		 -0.1339		 -0.1725		 -0.2295		 -0.2926		 -0.3634		 -0.4468		 -0.5359		 -0.6100		 -0.6969		 -0.8090		 -0.9049		 -1.0300		 -1.1717		 -1.2813		 -1.4048		 -1.5430		 -1.7184		 -1.8945		 -2.1593		 -2.3421		 -2.6960		 -2.9012		 -3.2049		 -3.3685		 -3.5814		 -3.5656		 -3.6094		 -3.3523		 -3.1048		 -2.7641		 -2.4208		 -1.9876		 -1.7304		 -1.4640		 -1.2414		 -1.0487		 -0.9192		 -0.7658		 -0.6445		 -0.5252		 -0.3994		 -0.2923		 -0.1797		 -0.1005		
 0.650		 -0.0657		 -0.1011		 -0.1361		 -0.1753		 -0.2331		 -0.2974		 -0.3692		 -0.4540		 -0.5441		 -0.6195		 -0.7074		 -0.8213		 -0.9186		 -1.0451		 -1.1882		 -1.3004		 -1.4243		 -1.5652		 -1.7430		 -1.9216		 -2.1875		 -2.3756		 -2.7304		 -2.9392		 -3.2470		 -3.4136		 -3.6261		 -3.6150		 -3.6596		 -3.3998		 -3.1515		 -2.8102		 -2.4621		 -2.0244		 -1.7655		 -1.4953		 -1.2689		 -1.0732		 -0.9415		 -0.7849		 -0.6610		 -0.5390		 -0.4104		 -0.3003		 -0.1850		 -0.1037		
 0.660		 -0.0668		 -0.1027		 -0.1382		 -0.1781		 -0.2368		 -0.3022		 -0.3750		 -0.4612		 -0.5524		 -0.6290		 -0.7179		 -0.8335		 -0.9322		 -1.0599		 -1.2046		 -1.3193		 -1.4438		 -1.5875		 -1.7676		 -1.9485		 -2.2159		 -2.4087		 -2.7646		 -2.9770		 -3.2891		 -3.4583		 -3.6708		 -3.6642		 -3.7097		 -3.4472		 -3.1982		 -2.8563		 -2.5033		 -2.0614		 -1.8008		 -1.5266		 -1.2965		 -1.0977		 -0.9638		 -0.8040		 -0.6776		 -0.5530		 -0.4215		 -0.3085		 -0.1904		 -0.1069		
 0.670		 -0.0679		 -0.1043		 -0.1404		 -0.1809		 -0.2405		 -0.3070		 -0.3809		 -0.4684		 -0.5607		 -0.6385		 -0.7283		 -0.8457		 -0.9457		 -1.0747		 -1.2209		 -1.3382		 -1.4633		 -1.6099		 -1.7921		 -1.9753		 -2.2445		 -2.4415		 -2.7983		 -3.0146		 -3.3312		 -3.5026		 -3.7154		 -3.7134		 -3.7597		 -3.4946		 -3.2449		 -2.9024		 -2.5447		 -2.0985		 -1.8360		 -1.5579		 -1.3242		 -1.1223		 -0.9862		 -0.8232		 -0.6942		 -0.5671		 -0.4328		 -0.3168		 -0.1959		 -0.1101		
 0.680		 -0.0689		 -0.1060		 -0.1426		 -0.1837		 -0.2441		 -0.3119		 -0.3867		 -0.4756		 -0.5690		 -0.6480		 -0.7388		 -0.8579		 -0.9590		 -1.0894		 -1.2372		 -1.3569		 -1.4828		 -1.6324		 -1.8165		 -2.0019		 -2.2732		 -2.4739		 -2.8316		 -3.0520		 -3.3733		 -3.5464		 -3.7600		 -3.7626		 -3.8095		 -3.5419		 -3.2918		 -2.9484		 -2.5861		 -2.1358		 -1.8712		 -1.5893		 -1.3521		 -1.1469		 -1.0089		 -0.8425		 -0.7110		 -0.5813		 -0.4442		 -0.3251		 -0.2015		 -0.1134		
 0.690		 -0.0700		 -0.1076		 -0.1448		 -0.1865		 -0.2478		 -0.3166		 -0.3926		 -0.4828		 -0.5773		 -0.6575		 -0.7494		 -0.8700		 -0.9722		 -1.1042		 -1.2534		 -1.3755		 -1.5022		 -1.6551		 -1.8407		 -2.0283		 -2.3019		 -2.5063		 -2.8645		 -3.0893		 -3.4153		 -3.5898		 -3.8045		 -3.8117		 -3.8592		 -3.5891		 -3.3386		 -2.9943		 -2.6276		 -2.1732		 -1.9063		 -1.6208		 -1.3801		 -1.1717		 -1.0315		 -0.8619		 -0.7279		 -0.5955		 -0.4559		 -0.3336		 -0.2071		 -0.1167		
 0.700		 -0.0711		 -0.1092		 -0.1469		 -0.1893		 -0.2514		 -0.3214		 -0.3985		 -0.4900		 -0.5856		 -0.6669		 -0.7600		 -0.8822		 -0.9852		 -1.1189		 -1.2697		 -1.3939		 -1.5216		 -1.6778		 -1.8647		 -2.0545		 -2.3305		 -2.5385		 -2.8973		 -3.1264		 -3.4571		 -3.6330		 -3.8488		 -3.8603		 -3.9087		 -3.6365		 -3.3854		 -3.0402		 -2.6692		 -2.2108		 -1.9415		 -1.6525		 -1.4082		 -1.1964		 -1.0541		 -0.8813		 -0.7449		 -0.6099		 -0.4677		 -0.3421		 -0.2128		 -0.1201		
 0.710		 -0.0721		 -0.1109		 -0.1491		 -0.1922		 -0.2551		 -0.3261		 -0.4043		 -0.4973		 -0.5939		 -0.6764		 -0.7706		 -0.8943		 -0.9981		 -1.1335		 -1.2859		 -1.4122		 -1.5409		 -1.7006		 -1.8887		 -2.0805		 -2.3589		 -2.5706		 -2.9301		 -3.1632		 -3.4987		 -3.6761		 -3.8928		 -3.9085		 -3.9580		 -3.6838		 -3.4321		 -3.0860		 -2.7109		 -2.2486		 -1.9768		 -1.6844		 -1.4365		 -1.2212		 -1.0768		 -0.9009		 -0.7619		 -0.6243		 -0.4797		 -0.3508		 -0.2186		 -0.1236		
 0.720		 -0.0732		 -0.1125		 -0.1513		 -0.1950		 -0.2588		 -0.3308		 -0.4102		 -0.5045		 -0.6021		 -0.6858		 -0.7813		 -0.9064		 -1.0110		 -1.1482		 -1.3020		 -1.4305		 -1.5602		 -1.7234		 -1.9126		 -2.1065		 -2.3872		 -2.6026		 -2.9627		 -3.1999		 -3.5400		 -3.7190		 -3.9365		 -3.9562		 -4.0072		 -3.7311		 -3.4786		 -3.1318		 -2.7527		 -2.2865		 -2.0123		 -1.7165		 -1.4650		 -1.2461		 -1.0995		 -0.9205		 -0.7791		 -0.6387		 -0.4918		 -0.3595		 -0.2244		 -0.1271		
 0.730		 -0.0743		 -0.1142		 -0.1535		 -0.1978		 -0.2624		 -0.3355		 -0.4160		 -0.5118		 -0.6103		 -0.6952		 -0.7920		 -0.9184		 -1.0239		 -1.1628		 -1.3181		 -1.4488		 -1.5795		 -1.7462		 -1.9364		 -2.1324		 -2.4153		 -2.6345		 -2.9951		 -3.2364		 -3.5810		 -3.7617		 -3.9800		 -4.0036		 -4.0562		 -3.7782		 -3.5250		 -3.1776		 -2.7947		 -2.3247		 -2.0478		 -1.7487		 -1.4936		 -1.2711		 -1.1223		 -0.9404		 -0.7964		 -0.6534		 -0.5040		 -0.3682		 -0.2303		 -0.1306		
 0.740		 -0.0753		 -0.1158		 -0.1556		 -0.2006		 -0.2661		 -0.3402		 -0.4219		 -0.5190		 -0.6185		 -0.7046		 -0.8026		 -0.9304		 -1.0367		 -1.1774		 -1.3342		 -1.4671		 -1.5988		 -1.7691		 -1.9601		 -2.1582		 -2.4433		 -2.6664		 -3.0274		 -3.2728		 -3.6218		 -3.8042		 -4.0232		 -4.0506		 -4.1051		 -3.8251		 -3.5713		 -3.2234		 -2.8368		 -2.3629		 -2.0836		 -1.7810		 -1.5222		 -1.2963		 -1.1452		 -0.9604		 -0.8138		 -0.6681		 -0.5163		 -0.3770		 -0.2363		 -0.1342		
 0.750		 -0.0764		 -0.1174		 -0.1578		 -0.2034		 -0.2697		 -0.3449		 -0.4278		 -0.5262		 -0.6268		 -0.7139		 -0.8132		 -0.9423		 -1.0495		 -1.1920		 -1.3502		 -1.4854		 -1.6181		 -1.7919		 -1.9835		 -2.1841		 -2.4712		 -2.6980		 -3.0598		 -3.3090		 -3.6625		 -3.8464		 -4.0663		 -4.0974		 -4.1537		 -3.8717		 -3.6176		 -3.2691		 -2.8789		 -2.4013		 -2.1194		 -1.8134		 -1.5510		 -1.3215		 -1.1682		 -0.9805		 -0.8314		 -0.6831		 -0.5286		 -0.3859		 -0.2422		 -0.1378		
 0.760		 -0.0775		 -0.1191		 -0.1600		 -0.2062		 -0.2734		 -0.3496		 -0.4337		 -0.5334		 -0.6350		 -0.7233		 -0.8238		 -0.9542		 -1.0622		 -1.2066		 -1.3661		 -1.5036		 -1.6373		 -1.8146		 -2.0069		 -2.2099		 -2.4990		 -2.7293		 -3.0921		 -3.3451		 -3.7029		 -3.8883		 -4.1093		 -4.1440		 -4.2022		 -3.9181		 -3.6637		 -3.3148		 -2.9210		 -2.4397		 -2.1553		 -1.8460		 -1.5799		 -1.3469		 -1.1914		 -1.0008		 -0.8491		 -0.6981		 -0.5411		 -0.3949		 -0.2483		 -0.1415		
 0.770		 -0.0785		 -0.1207		 -0.1622		 -0.2091		 -0.2770		 -0.3543		 -0.4396		 -0.5405		 -0.6432		 -0.7327		 -0.8344		 -0.9661		 -1.0748		 -1.2210		 -1.3818		 -1.5218		 -1.6564		 -1.8371		 -2.0302		 -2.2357		 -2.5267		 -2.7605		 -3.1243		 -3.3811		 -3.7430		 -3.9301		 -4.1522		 -4.1904		 -4.2504		 -3.9645		 -3.7097		 -3.3604		 -2.9632		 -2.4782		 -2.1912		 -1.8786		 -1.6087		 -1.3723		 -1.2147		 -1.0212		 -0.8669		 -0.7133		 -0.5536		 -0.4040		 -0.2544		 -0.1451		
 0.780		 -0.0796		 -0.1223		 -0.1644		 -0.2119		 -0.2807		 -0.3590		 -0.4455		 -0.5476		 -0.6514		 -0.7420		 -0.8449		 -0.9779		 -1.0875		 -1.2353		 -1.3975		 -1.5401		 -1.6756		 -1.8594		 -2.0535		 -2.2616		 -2.5543		 -2.7915		 -3.1565		 -3.4169		 -3.7829		 -3.9718		 -4.1951		 -4.2367		 -4.2985		 -4.0107		 -3.7555		 -3.4059		 -3.0055		 -2.5166		 -2.2273		 -1.9113		 -1.6376		 -1.3978		 -1.2382		 -1.0418		 -0.8848		 -0.7284		 -0.5661		 -0.4133		 -0.2605		 -0.1488		
 0.790		 -0.0807		 -0.1240		 -0.1666		 -0.2147		 -0.2844		 -0.3636		 -0.4513		 -0.5547		 -0.6595		 -0.7514		 -0.8554		 -0.9897		 -1.1003		 -1.2496		 -1.4129		 -1.5584		 -1.6948		 -1.8815		 -2.0767		 -2.2876		 -2.5817		 -2.8224		 -3.1884		 -3.4526		 -3.8223		 -4.0136		 -4.2379		 -4.2829		 -4.3464		 -4.0570		 -3.8011		 -3.4514		 -3.0479		 -2.5550		 -2.2634		 -1.9442		 -1.6665		 -1.4234		 -1.2618		 -1.0624		 -0.9028		 -0.7437		 -0.5788		 -0.4226		 -0.2667		 -0.1526		
 0.800		 -0.0817		 -0.1256		 -0.1688		 -0.2175		 -0.2880		 -0.3683		 -0.4572		 -0.5618		 -0.6676		 -0.7607		 -0.8658		 -1.0016		 -1.1132		 -1.2639		 -1.4282		 -1.5766		 -1.7139		 -1.9034		 -2.0998		 -2.3137		 -2.6089		 -2.8531		 -3.2200		 -3.4881		 -3.8611		 -4.0553		 -4.2809		 -4.3292		 -4.3941		 -4.1037		 -3.8464		 -3.4967		 -3.0904		 -2.5936		 -2.2996		 -1.9771		 -1.6955		 -1.4490		 -1.2855		 -1.0832		 -0.9208		 -0.7589		 -0.5914		 -0.4320		 -0.2730		 -0.1564		
 0.810		 -0.0828		 -0.1273		 -0.1710		 -0.2204		 -0.2917		 -0.3729		 -0.4630		 -0.5688		 -0.6757		 -0.7700		 -0.8762		 -1.0134		 -1.1260		 -1.2781		 -1.4433		 -1.5948		 -1.7329		 -1.9252		 -2.1227		 -2.3398		 -2.6361		 -2.8836		 -3.2514		 -3.5235		 -3.8994		 -4.0969		 -4.3239		 -4.3754		 -4.4417		 -4.1505		 -3.8915		 -3.5419		 -3.1330		 -2.6323		 -2.3359		 -2.0102		 -1.7245		 -1.4747		 -1.3091		 -1.1040		 -0.9389		 -0.7742		 -0.6041		 -0.4416		 -0.2793		 -0.1603		
 0.820		 -0.0839		 -0.1289		 -0.1731		 -0.2232		 -0.2953		 -0.3775		 -0.4689		 -0.5758		 -0.6837		 -0.7794		 -0.8866		 -1.0253		 -1.1388		 -1.2923		 -1.4582		 -1.6130		 -1.7518		 -1.9469		 -2.1457		 -2.3659		 -2.6633		 -2.9138		 -3.2824		 -3.5584		 -3.9374		 -4.1385		 -4.3670		 -4.4215		 -4.4892		 -4.1973		 -3.9364		 -3.5871		 -3.1760		 -2.6712		 -2.3724		 -2.0434		 -1.7535		 -1.5003		 -1.3329		 -1.1249		 -0.9571		 -0.7896		 -0.6168		 -0.4512		 -0.2858		 -0.1643		
 0.830		 -0.0850		 -0.1305		 -0.1753		 -0.2260		 -0.2990		 -0.3822		 -0.4747		 -0.5828		 -0.6917		 -0.7887		 -0.8969		 -1.0371		 -1.1515		 -1.3065		 -1.4732		 -1.6312		 -1.7707		 -1.9686		 -2.1687		 -2.3919		 -2.6902		 -2.9437		 -3.3132		 -3.5930		 -3.9752		 -4.1799		 -4.4101		 -4.4672		 -4.5366		 -4.2441		 -3.9812		 -3.6323		 -3.2194		 -2.7103		 -2.4090		 -2.0766		 -1.7825		 -1.5260		 -1.3567		 -1.1458		 -0.9754		 -0.8052		 -0.6296		 -0.4609		 -0.2922		 -0.1683		
 0.840		 -0.0860		 -0.1322		 -0.1775		 -0.2289		 -0.3027		 -0.3869		 -0.4804		 -0.5898		 -0.6997		 -0.7980		 -0.9072		 -1.0488		 -1.1641		 -1.3206		 -1.4882		 -1.6495		 -1.7896		 -1.9902		 -2.1917		 -2.4176		 -2.7169		 -2.9735		 -3.3438		 -3.6274		 -4.0127		 -4.2212		 -4.4532		 -4.5127		 -4.5837		 -4.2909		 -4.0260		 -3.6775		 -3.2631		 -2.7496		 -2.4457		 -2.1099		 -1.8115		 -1.5518		 -1.3806		 -1.1667		 -0.9940		 -0.8209		 -0.6425		 -0.4706		 -0.2987		 -0.1723		
 0.850		 -0.0871		 -0.1338		 -0.1797		 -0.2317		 -0.3063		 -0.3915		 -0.4862		 -0.5967		 -0.7077		 -0.8072		 -0.9175		 -1.0606		 -1.1767		 -1.3348		 -1.5033		 -1.6678		 -1.8084		 -2.0117		 -2.2146		 -2.4432		 -2.7434		 -3.0031		 -3.3741		 -3.6616		 -4.0501		 -4.2622		 -4.4961		 -4.5582		 -4.6305		 -4.3377		 -4.0708		 -3.7227		 -3.3067		 -2.7891		 -2.4825		 -2.1432		 -1.8404		 -1.5778		 -1.4047		 -1.1878		 -1.0127		 -0.8369		 -0.6556		 -0.4804		 -0.3053		 -0.1764		
 0.860		 -0.0882		 -0.1355		 -0.1819		 -0.2345		 -0.3100		 -0.3961		 -0.4919		 -0.6037		 -0.7156		 -0.8165		 -0.9277		 -1.0723		 -1.1892		 -1.3491		 -1.5185		 -1.6861		 -1.8271		 -2.0333		 -2.2373		 -2.4685		 -2.7699		 -3.0327		 -3.4043		 -3.6957		 -4.0873		 -4.3030		 -4.5389		 -4.6036		 -4.6770		 -4.3844		 -4.1156		 -3.7680		 -3.3501		 -2.8287		 -2.5193		 -2.1765		 -1.8694		 -1.6042		 -1.4290		 -1.2090		 -1.0317		 -0.8531		 -0.6687		 -0.4903		 -0.3119		 -0.1806		
 0.870		 -0.0892		 -0.1371		 -0.1841		 -0.2374		 -0.3137		 -0.4008		 -0.4976		 -0.6106		 -0.7237		 -0.8257		 -0.9379		 -1.0840		 -1.2016		 -1.3635		 -1.5337		 -1.7042		 -1.8457		 -2.0548		 -2.2599		 -2.4937		 -2.7963		 -3.0621		 -3.4344		 -3.7298		 -4.1245		 -4.3434		 -4.5817		 -4.6489		 -4.7232		 -4.4312		 -4.1604		 -3.8132		 -3.3934		 -2.8685		 -2.5560		 -2.2099		 -1.8985		 -1.6307		 -1.4535		 -1.2303		 -1.0509		 -0.8694		 -0.6820		 -0.5002		 -0.3185		 -0.1848		
 0.880		 -0.0903		 -0.1387		 -0.1862		 -0.2402		 -0.3173		 -0.4054		 -0.5034		 -0.6176		 -0.7317		 -0.8350		 -0.9481		 -1.0957		 -1.2140		 -1.3778		 -1.5488		 -1.7223		 -1.8640		 -2.0762		 -2.2822		 -2.5186		 -2.8226		 -3.0913		 -3.4641		 -3.7638		 -4.1616		 -4.3836		 -4.6244		 -4.6941		 -4.7690		 -4.4780		 -4.2054		 -3.8583		 -3.4366		 -2.9084		 -2.5925		 -2.2433		 -1.9277		 -1.6573		 -1.4780		 -1.2517		 -1.0701		 -0.8857		 -0.6954		 -0.5102		 -0.3253		 -0.1890		
 0.890		 -0.0914		 -0.1404		 -0.1884		 -0.2430		 -0.3210		 -0.4099		 -0.5091		 -0.6245		 -0.7397		 -0.8442		 -0.9584		 -1.1073		 -1.2264		 -1.3922		 -1.5639		 -1.7403		 -1.8824		 -2.0976		 -2.3043		 -2.5434		 -2.8488		 -3.1204		 -3.4936		 -3.7978		 -4.1987		 -4.4237		 -4.6670		 -4.7395		 -4.8145		 -4.5249		 -4.2506		 -3.9034		 -3.4799		 -2.9485		 -2.6290		 -2.2769		 -1.9571		 -1.6840		 -1.5027		 -1.2732		 -1.0893		 -0.9021		 -0.7089		 -0.5203		 -0.3320		 -0.1933		
 0.900		 -0.0925		 -0.1420		 -0.1906		 -0.2459		 -0.3246		 -0.4145		 -0.5148		 -0.6315		 -0.7477		 -0.8535		 -0.9686		 -1.1189		 -1.2387		 -1.4066		 -1.5790		 -1.7582		 -1.9008		 -2.1188		 -2.3262		 -2.5680		 -2.8747		 -3.1493		 -3.5229		 -3.8317		 -4.2357		 -4.4637		 -4.7096		 -4.7846		 -4.8597		 -4.5718		 -4.2958		 -3.9483		 -3.5231		 -2.9887		 -2.6652		 -2.3105		 -1.9867		 -1.7107		 -1.5275		 -1.2948		 -1.1085		 -0.9184		 -0.7224		 -0.5305		 -0.3389		 -0.1976		
 0.910		 -0.0935		 -0.1437		 -0.1928		 -0.2487		 -0.3283		 -0.4191		 -0.5205		 -0.6385		 -0.7557		 -0.8627		 -0.9788		 -1.1305		 -1.2511		 -1.4210		 -1.5942		 -1.7761		 -1.9193		 -2.1400		 -2.3479		 -2.5924		 -2.9003		 -3.1779		 -3.5523		 -3.8656		 -4.2724		 -4.5036		 -4.7520		 -4.8295		 -4.9045		 -4.6188		 -4.3410		 -3.9930		 -3.5664		 -3.0290		 -2.7015		 -2.3441		 -2.0165		 -1.7375		 -1.5524		 -1.3165		 -1.1277		 -0.9349		 -0.7359		 -0.5407		 -0.3458		 -0.2020		
 0.920		 -0.0946		 -0.1453		 -0.1950		 -0.2515		 -0.3319		 -0.4237		 -0.5263		 -0.6455		 -0.7637		 -0.8719		 -0.9890		 -1.1420		 -1.2635		 -1.4356		 -1.6096		 -1.7939		 -1.9379		 -2.1609		 -2.3694		 -2.6166		 -2.9259		 -3.2063		 -3.5818		 -3.8994		 -4.3088		 -4.5433		 -4.7943		 -4.8741		 -4.9490		 -4.6658		 -4.3863		 -4.0375		 -3.6097		 -3.0696		 -2.7378		 -2.3776		 -2.0465		 -1.7643		 -1.5774		 -1.3382		 -1.1471		 -0.9514		 -0.7495		 -0.5510		 -0.3527		 -0.2063		
 0.930		 -0.0957		 -0.1469		 -0.1972		 -0.2544		 -0.3356		 -0.4284		 -0.5320		 -0.6524		 -0.7717		 -0.8811		 -0.9992		 -1.1535		 -1.2759		 -1.4502		 -1.6251		 -1.8117		 -1.9565		 -2.1817		 -2.3909		 -2.6406		 -2.9514		 -3.2344		 -3.6114		 -3.9331		 -4.3451		 -4.5828		 -4.8367		 -4.9187		 -4.9931		 -4.7127		 -4.4316		 -4.0820		 -3.6529		 -3.1103		 -2.7742		 -2.4111		 -2.0767		 -1.7913		 -1.6025		 -1.3599		 -1.1666		 -0.9680		 -0.7632		 -0.5614		 -0.3598		 -0.2107		
 0.940		 -0.0967		 -0.1486		 -0.1994		 -0.2572		 -0.3392		 -0.4330		 -0.5378		 -0.6594		 -0.7797		 -0.8903		 -1.0093		 -1.1649		 -1.2884		 -1.4650		 -1.6407		 -1.8295		 -1.9750		 -2.2022		 -2.4121		 -2.6643		 -2.9767		 -3.2625		 -3.6410		 -3.9667		 -4.3813		 -4.6222		 -4.8789		 -4.9631		 -5.0370		 -4.7595		 -4.4767		 -4.1263		 -3.6959		 -3.1511		 -2.8107		 -2.4447		 -2.1070		 -1.8184		 -1.6277		 -1.3817		 -1.1862		 -0.9846		 -0.7770		 -0.5718		 -0.3669		 -0.2152		
 0.950		 -0.0978		 -0.1502		 -0.2015		 -0.2601		 -0.3428		 -0.4377		 -0.5435		 -0.6663		 -0.7877		 -0.8995		 -1.0195		 -1.1762		 -1.3008		 -1.4798		 -1.6566		 -1.8473		 -1.9934		 -2.2227		 -2.4332		 -2.6878		 -3.0020		 -3.2908		 -3.6706		 -4.0003		 -4.4173		 -4.6616		 -4.9207		 -5.0075		 -5.0807		 -4.8060		 -4.5217		 -4.1707		 -3.7387		 -3.1918		 -2.8473		 -2.4784		 -2.1374		 -1.8457		 -1.6530		 -1.4037		 -1.2059		 -1.0013		 -0.7907		 -0.5823		 -0.3740		 -0.2197		
 0.960		 -0.0989		 -0.1518		 -0.2037		 -0.2629		 -0.3465		 -0.4424		 -0.5493		 -0.6733		 -0.7957		 -0.9086		 -1.0295		 -1.1874		 -1.3132		 -1.4947		 -1.6725		 -1.8651		 -2.0117		 -2.2430		 -2.4543		 -2.7110		 -3.0271		 -3.3193		 -3.7003		 -4.0336		 -4.4534		 -4.7008		 -4.9621		 -5.0519		 -5.1243		 -4.8524		 -4.5665		 -4.2151		 -3.7813		 -3.2326		 -2.8840		 -2.5122		 -2.1678		 -1.8733		 -1.6784		 -1.4257		 -1.2256		 -1.0182		 -0.8044		 -0.5928		 -0.3812		 -0.2242		
 0.970		 -0.1000		 -0.1535		 -0.2059		 -0.2657		 -0.3501		 -0.4471		 -0.5550		 -0.6802		 -0.8037		 -0.9178		 -1.0396		 -1.1987		 -1.3257		 -1.5096		 -1.6886		 -1.8829		 -2.0299		 -2.2631		 -2.4754		 -2.7338		 -3.0521		 -3.3479		 -3.7299		 -4.0668		 -4.4895		 -4.7399		 -5.0033		 -5.0961		 -5.1676		 -4.8986		 -4.6113		 -4.2594		 -3.8236		 -3.2733		 -2.9208		 -2.5461		 -2.1983		 -1.9010		 -1.7040		 -1.4479		 -1.2454		 -1.0351		 -0.8182		 -0.6035		 -0.3885		 -0.2288		
 0.980		 -0.1010		 -0.1551		 -0.2081		 -0.2686		 -0.3538		 -0.4518		 -0.5608		 -0.6872		 -0.8116		 -0.9269		 -1.0495		 -1.2099		 -1.3382		 -1.5245		 -1.7047		 -1.9007		 -2.0481		 -2.2831		 -2.4964		 -2.7565		 -3.0772		 -3.3764		 -3.7596		 -4.0998		 -4.5255		 -4.7788		 -5.0444		 -5.1403		 -5.2108		 -4.9446		 -4.6560		 -4.3034		 -3.8658		 -3.3143		 -2.9575		 -2.5800		 -2.2289		 -1.9290		 -1.7296		 -1.4702		 -1.2653		 -1.0521		 -0.8319		 -0.6142		 -0.3958		 -0.2335		
 0.990		 -0.1021		 -0.1568		 -0.2103		 -0.2714		 -0.3574		 -0.4565		 -0.5666		 -0.6942		 -0.8196		 -0.9360		 -1.0595		 -1.2211		 -1.3506		 -1.5392		 -1.7208		 -1.9185		 -2.0663		 -2.3031		 -2.5174		 -2.7790		 -3.1022		 -3.4050		 -3.7891		 -4.1326		 -4.5616		 -4.8174		 -5.0853		 -5.1843		 -5.2539		 -4.9904		 -4.7007		 -4.3473		 -3.9078		 -3.3553		 -2.9943		 -2.6141		 -2.2597		 -1.9570		 -1.7551		 -1.4926		 -1.2851		 -1.0691		 -0.8457		 -0.6250		 -0.4032		 -0.2382		
 1.000		 -0.1032		 -0.1584		 -0.2125		 -0.2742		 -0.3610		 -0.4611		 -0.5724		 -0.7012		 -0.8275		 -0.9451		 -1.0694		 -1.2322		 -1.3630		 -1.5538		 -1.7368		 -1.9361		 -2.0844		 -2.3231		 -2.5383		 -2.8012		 -3.1271		 -3.4335		 -3.8187		 -4.1653		 -4.5977		 -4.8557		 -5.1260		 -5.2280		 -5.2971		 -5.0362		 -4.7455		 -4.3911		 -3.9499		 -3.3962		 -3.0309		 -2.6482		 -2.2906		 -1.9853		 -1.7808		 -1.5152		 -1.3051		 -1.0861		 -0.8595		 -0.6359		 -0.4107		 -0.2430		
 1.010		 -0.1043		 -0.1600		 -0.2147		 -0.2770		 -0.3647		 -0.4659		 -0.5782		 -0.7081		 -0.8354		 -0.9541		 -1.0793		 -1.2433		 -1.3755		 -1.5684		 -1.7529		 -1.9537		 -2.1026		 -2.3429		 -2.5592		 -2.8234		 -3.1520		 -3.4619		 -3.8481		 -4.1980		 -4.6337		 -4.8935		 -5.1666		 -5.2713		 -5.3402		 -5.0819		 -4.7906		 -4.4347		 -3.9921		 -3.4369		 -3.0674		 -2.6824		 -2.3216		 -2.0136		 -1.8064		 -1.5378		 -1.3251		 -1.1033		 -0.8735		 -0.6468		 -0.4181		 -0.2478		
 1.020		 -0.1053		 -0.1617		 -0.2169		 -0.2799		 -0.3683		 -0.4706		 -0.5840		 -0.7150		 -0.8434		 -0.9632		 -1.0891		 -1.2544		 -1.3881		 -1.5829		 -1.7689		 -1.9713		 -2.1208		 -2.3627		 -2.5799		 -2.8453		 -3.1768		 -3.4901		 -3.8775		 -4.2307		 -4.6697		 -4.9308		 -5.2070		 -5.3141		 -5.3833		 -5.1277		 -4.8360		 -4.4782		 -4.0346		 -3.4777		 -3.1037		 -2.7166		 -2.3526		 -2.0419		 -1.8321		 -1.5606		 -1.3452		 -1.1206		 -0.8875		 -0.6579		 -0.4257		 -0.2527		
 1.030		 -0.1064		 -0.1633		 -0.2191		 -0.2827		 -0.3719		 -0.4753		 -0.5897		 -0.7218		 -0.8513		 -0.9722		 -1.0989		 -1.2655		 -1.4006		 -1.5975		 -1.7850		 -1.9887		 -2.1391		 -2.3824		 -2.6005		 -2.8671		 -3.2014		 -3.5180		 -3.9068		 -4.2632		 -4.7056		 -4.9676		 -5.2471		 -5.3565		 -5.4264		 -5.1733		 -4.8817		 -4.5216		 -4.0773		 -3.5183		 -3.1400		 -2.7509		 -2.3837		 -2.0703		 -1.8576		 -1.5836		 -1.3654		 -1.1380		 -0.9015		 -0.6691		 -0.4332		 -0.2575		
 1.040		 -0.1075		 -0.1650		 -0.2213		 -0.2855		 -0.3755		 -0.4800		 -0.5954		 -0.7287		 -0.8591		 -0.9812		 -1.1087		 -1.2766		 -1.4132		 -1.6120		 -1.8010		 -2.0060		 -2.1574		 -2.4020		 -2.6209		 -2.8887		 -3.2259		 -3.5458		 -3.9360		 -4.2956		 -4.7413		 -5.0041		 -5.2870		 -5.3986		 -5.4696		 -5.2184		 -4.9275		 -4.5650		 -4.1199		 -3.5589		 -3.1766		 -2.7851		 -2.4148		 -2.0988		 -1.8830		 -1.6066		 -1.3857		 -1.1555		 -0.9156		 -0.6804		 -0.4409		 -0.2624		
 1.050		 -0.1086		 -0.1666		 -0.2235		 -0.2884		 -0.3792		 -0.4847		 -0.6011		 -0.7354		 -0.8670		 -0.9901		 -1.1185		 -1.2877		 -1.4257		 -1.6265		 -1.8170		 -2.0233		 -2.1757		 -2.4216		 -2.6412		 -2.9104		 -3.2503		 -3.5734		 -3.9651		 -4.3278		 -4.7769		 -5.0402		 -5.3267		 -5.4404		 -5.5128		 -5.2629		 -4.9736		 -4.6082		 -4.1625		 -3.5995		 -3.2137		 -2.8193		 -2.4459		 -2.1274		 -1.9082		 -1.6296		 -1.4060		 -1.1731		 -0.9298		 -0.6919		 -0.4485		 -0.2674		
 1.060		 -0.1096		 -0.1682		 -0.2257		 -0.2912		 -0.3828		 -0.4894		 -0.6068		 -0.7422		 -0.8748		 -0.9990		 -1.1283		 -1.2988		 -1.4382		 -1.6409		 -1.8329		 -2.0404		 -2.1940		 -2.4412		 -2.6614		 -2.9320		 -3.2744		 -3.6009		 -3.9940		 -4.3596		 -4.8122		 -5.0761		 -5.3662		 -5.4821		 -5.5561		 -5.3067		 -5.0198		 -4.6515		 -4.2050		 -3.6399		 -3.2511		 -2.8533		 -2.4770		 -2.1559		 -1.9333		 -1.6526		 -1.4263		 -1.1908		 -0.9440		 -0.7036		 -0.4562		 -0.2724		
 1.070		 -0.1107		 -0.1699		 -0.2279		 -0.2940		 -0.3864		 -0.4940		 -0.6124		 -0.7490		 -0.8827		 -1.0079		 -1.1381		 -1.3099		 -1.4506		 -1.6553		 -1.8487		 -2.0576		 -2.2123		 -2.4607		 -2.6816		 -2.9537		 -3.2983		 -3.6282		 -4.0228		 -4.3913		 -4.8473		 -5.1118		 -5.4055		 -5.5236		 -5.5995		 -5.3501		 -5.0662		 -4.6947		 -4.2476		 -3.6800		 -3.2889		 -2.8873		 -2.5081		 -2.1844		 -1.9586		 -1.6758		 -1.4468		 -1.2086		 -0.9583		 -0.7153		 -0.4640		 -0.2774		
 1.080		 -0.1118		 -0.1715		 -0.2301		 -0.2968		 -0.3900		 -0.4987		 -0.6180		 -0.7557		 -0.8905		 -1.0168		 -1.1479		 -1.3209		 -1.4630		 -1.6696		 -1.8646		 -2.0747		 -2.2305		 -2.4801		 -2.7018		 -2.9754		 -3.3219		 -3.6553		 -4.0514		 -4.4226		 -4.8821		 -5.1472		 -5.4445		 -5.5647		 -5.6429		 -5.3931		 -5.1125		 -4.7379		 -4.2905		 -3.7200		 -3.3268		 -2.9213		 -2.5392		 -2.2130		 -1.9841		 -1.6991		 -1.4674		 -1.2265		 -0.9727		 -0.7271		 -0.4718		 -0.2825		
 1.090		 -0.1128		 -0.1731		 -0.2323		 -0.2996		 -0.3936		 -0.5033		 -0.6236		 -0.7625		 -0.8983		 -1.0257		 -1.1576		 -1.3320		 -1.4754		 -1.6837		 -1.8805		 -2.0919		 -2.2487		 -2.4994		 -2.7219		 -2.9970		 -3.3455		 -3.6823		 -4.0801		 -4.4537		 -4.9166		 -5.1824		 -5.4834		 -5.6053		 -5.6863		 -5.4361		 -5.1588		 -4.7812		 -4.3335		 -3.7599		 -3.3647		 -2.9554		 -2.5702		 -2.2415		 -2.0097		 -1.7226		 -1.4882		 -1.2446		 -0.9872		 -0.7390		 -0.4797		 -0.2877		
 1.100		 -0.1139		 -0.1748		 -0.2345		 -0.3025		 -0.3973		 -0.5080		 -0.6292		 -0.7693		 -0.9062		 -1.0345		 -1.1674		 -1.3431		 -1.4877		 -1.6978		 -1.8963		 -2.1089		 -2.2668		 -2.5188		 -2.7421		 -3.0185		 -3.3691		 -3.7092		 -4.1085		 -4.4847		 -4.9509		 -5.2173		 -5.5221		 -5.6458		 -5.7298		 -5.4791		 -5.2051		 -4.8245		 -4.3767		 -3.7997		 -3.4026		 -2.9896		 -2.6013		 -2.2701		 -2.0354		 -1.7463		 -1.5090		 -1.2628		 -1.0018		 -0.7508		 -0.4876		 -0.2929		
 1.110		 -0.1150		 -0.1764		 -0.2366		 -0.3053		 -0.4009		 -0.5126		 -0.6347		 -0.7760		 -0.9140		 -1.0434		 -1.1771		 -1.3541		 -1.5001		 -1.7117		 -1.9121		 -2.1259		 -2.2848		 -2.5381		 -2.7622		 -3.0399		 -3.3927		 -3.7361		 -4.1364		 -4.5156		 -4.9850		 -5.2520		 -5.5606		 -5.6863		 -5.7731		 -5.5223		 -5.2514		 -4.8678		 -4.4199		 -3.8396		 -3.4403		 -3.0239		 -2.6324		 -2.2987		 -2.0613		 -1.7702		 -1.5298		 -1.2812		 -1.0165		 -0.7627		 -0.4956		 -0.2981		
 1.120		 -0.1161		 -0.1781		 -0.2388		 -0.3081		 -0.4045		 -0.5172		 -0.6403		 -0.7828		 -0.9218		 -1.0522		 -1.1869		 -1.3652		 -1.5127		 -1.7255		 -1.9278		 -2.1427		 -2.3027		 -2.5574		 -2.7822		 -3.0611		 -3.4162		 -3.7628		 -4.1640		 -4.5465		 -5.0189		 -5.2863		 -5.5989		 -5.7268		 -5.8159		 -5.5655		 -5.2977		 -4.9112		 -4.4633		 -3.8797		 -3.4779		 -3.0582		 -2.6635		 -2.3274		 -2.0875		 -1.7942		 -1.5508		 -1.2996		 -1.0313		 -0.7746		 -0.5036		 -0.3033		
 1.130		 -0.1171		 -0.1797		 -0.2410		 -0.3109		 -0.4081		 -0.5218		 -0.6459		 -0.7894		 -0.9296		 -1.0610		 -1.1966		 -1.3762		 -1.5253		 -1.7393		 -1.9436		 -2.1595		 -2.3204		 -2.5765		 -2.8023		 -3.0822		 -3.4399		 -3.7896		 -4.1914		 -4.5773		 -5.0529		 -5.3204		 -5.6370		 -5.7671		 -5.8583		 -5.6086		 -5.3440		 -4.9545		 -4.5068		 -3.9201		 -3.5153		 -3.0925		 -2.6948		 -2.3561		 -2.1138		 -1.8185		 -1.5720		 -1.3182		 -1.0462		 -0.7866		 -0.5117		 -0.3086		
 1.140		 -0.1182		 -0.1813		 -0.2432		 -0.3137		 -0.4117		 -0.5264		 -0.6514		 -0.7961		 -0.9374		 -1.0699		 -1.2064		 -1.3872		 -1.5379		 -1.7530		 -1.9593		 -2.1762		 -2.3381		 -2.5955		 -2.8224		 -3.1031		 -3.4636		 -3.8163		 -4.2188		 -4.6081		 -5.0870		 -5.3543		 -5.6750		 -5.8072		 -5.9003		 -5.6517		 -5.3903		 -4.9977		 -4.5502		 -3.9607		 -3.5527		 -3.1268		 -2.7262		 -2.3850		 -2.1402		 -1.8429		 -1.5932		 -1.3368		 -1.0612		 -0.7986		 -0.5198		 -0.3140		
 1.150		 -0.1193		 -0.1830		 -0.2454		 -0.3165		 -0.4153		 -0.5310		 -0.6570		 -0.8028		 -0.9451		 -1.0787		 -1.2161		 -1.3982		 -1.5505		 -1.7666		 -1.9750		 -2.1928		 -2.3557		 -2.6146		 -2.8425		 -3.1237		 -3.4875		 -3.8429		 -4.2461		 -4.6387		 -5.1212		 -5.3879		 -5.7130		 -5.8471		 -5.9420		 -5.6945		 -5.4365		 -5.0409		 -4.5937		 -4.0012		 -3.5900		 -3.1611		 -2.7576		 -2.4140		 -2.1670		 -1.8674		 -1.6147		 -1.3556		 -1.0762		 -0.8106		 -0.5280		 -0.3193		
 1.160		 -0.1203		 -0.1846		 -0.2476		 -0.3193		 -0.4189		 -0.5356		 -0.6625		 -0.8094		 -0.9529		 -1.0875		 -1.2258		 -1.4092		 -1.5630		 -1.7802		 -1.9907		 -2.2094		 -2.3732		 -2.6336		 -2.8626		 -3.1443		 -3.5114		 -3.8696		 -4.2733		 -4.6694		 -5.1555		 -5.4213		 -5.7508		 -5.8869		 -5.9835		 -5.7371		 -5.4825		 -5.0840		 -4.6372		 -4.0417		 -3.6275		 -3.1955		 -2.7892		 -2.4430		 -2.1939		 -1.8920		 -1.6362		 -1.3745		 -1.0914		 -0.8227		 -0.5363		 -0.3247		
 1.170		 -0.1214		 -0.1862		 -0.2498		 -0.3222		 -0.4225		 -0.5402		 -0.6681		 -0.8161		 -0.9607		 -1.0963		 -1.2355		 -1.4202		 -1.5753		 -1.7938		 -2.0063		 -2.2259		 -2.3905		 -2.6526		 -2.8826		 -3.1647		 -3.5354		 -3.8963		 -4.3004		 -4.7000		 -5.1898		 -5.4546		 -5.7883		 -5.9267		 -6.0249		 -5.7793		 -5.5282		 -5.1270		 -4.6807		 -4.0820		 -3.6652		 -3.2300		 -2.8209		 -2.4721		 -2.2211		 -1.9167		 -1.6579		 -1.3934		 -1.1066		 -0.8348		 -0.5446		 -0.3302		
 1.180		 -0.1225		 -0.1879		 -0.2520		 -0.3250		 -0.4261		 -0.5448		 -0.6736		 -0.8228		 -0.9685		 -1.1051		 -1.2451		 -1.4312		 -1.5876		 -1.8072		 -2.0217		 -2.2422		 -2.4077		 -2.6715		 -2.9026		 -3.1849		 -3.5594		 -3.9231		 -4.3276		 -4.7307		 -5.2242		 -5.4880		 -5.8256		 -5.9663		 -6.0662		 -5.8211		 -5.5734		 -5.1700		 -4.7240		 -4.1221		 -3.7032		 -3.2648		 -2.8528		 -2.5011		 -2.2484		 -1.9415		 -1.6797		 -1.4124		 -1.1219		 -0.8469		 -0.5530		 -0.3356		
 1.190		 -0.1236		 -0.1895		 -0.2541		 -0.3278		 -0.4297		 -0.5495		 -0.6791		 -0.8294		 -0.9762		 -1.1140		 -1.2548		 -1.4421		 -1.5998		 -1.8204		 -2.0371		 -2.2584		 -2.4247		 -2.6904		 -2.9226		 -3.2050		 -3.5834		 -3.9498		 -4.3547		 -4.7613		 -5.2585		 -5.5214		 -5.8628		 -6.0060		 -6.1075		 -5.8624		 -5.6179		 -5.2127		 -4.7672		 -4.1619		 -3.7415		 -3.3000		 -2.8847		 -2.5301		 -2.2759		 -1.9663		 -1.7015		 -1.4314		 -1.1375		 -0.8591		 -0.5614		 -0.3411		
 1.200		 -0.1246		 -0.1911		 -0.2563		 -0.3306		 -0.4333		 -0.5541		 -0.6846		 -0.8360		 -0.9840		 -1.1228		 -1.2644		 -1.4531		 -1.6120		 -1.8337		 -2.0524		 -2.2744		 -2.4416		 -2.7091		 -2.9426		 -3.2250		 -3.6074		 -3.9764		 -4.3816		 -4.7918		 -5.2927		 -5.5550		 -5.9001		 -6.0458		 -6.1486		 -5.9035		 -5.6618		 -5.2554		 -4.8103		 -4.2018		 -3.7801		 -3.3355		 -2.9168		 -2.5592		 -2.3035		 -1.9912		 -1.7235		 -1.4505		 -1.1530		 -0.8714		 -0.5699		 -0.3466		
 1.210		 -0.1257		 -0.1928		 -0.2585		 -0.3334		 -0.4369		 -0.5586		 -0.6902		 -0.8427		 -0.9917		 -1.1316		 -1.2741		 -1.4641		 -1.6241		 -1.8468		 -2.0676		 -2.2903		 -2.4584		 -2.7278		 -2.9626		 -3.2450		 -3.6314		 -4.0029		 -4.4085		 -4.8223		 -5.3267		 -5.5885		 -5.9373		 -6.0856		 -6.1896		 -5.9443		 -5.7054		 -5.2981		 -4.8531		 -4.2416		 -3.8190		 -3.3711		 -2.9488		 -2.5884		 -2.3311		 -2.0162		 -1.7456		 -1.4697		 -1.1686		 -0.8837		 -0.5784		 -0.3522		
 1.220		 -0.1268		 -0.1944		 -0.2606		 -0.3362		 -0.4405		 -0.5632		 -0.6957		 -0.8493		 -0.9994		 -1.1404		 -1.2838		 -1.4750		 -1.6361		 -1.8599		 -2.0826		 -2.3061		 -2.4751		 -2.7464		 -2.9826		 -3.2649		 -3.6554		 -4.0291		 -4.4353		 -4.8526		 -5.3606		 -5.6221		 -5.9745		 -6.1255		 -6.2305		 -5.9851		 -5.7488		 -5.3407		 -4.8957		 -4.2812		 -3.8578		 -3.4067		 -2.9810		 -2.6179		 -2.3589		 -2.0412		 -1.7678		 -1.4890		 -1.1842		 -0.8961		 -0.5869		 -0.3578		
 1.230		 -0.1278		 -0.1961		 -0.2628		 -0.3389		 -0.4441		 -0.5678		 -0.7012		 -0.8559		 -1.0071		 -1.1492		 -1.2934		 -1.4859		 -1.6481		 -1.8729		 -2.0976		 -2.3218		 -2.4918		 -2.7650		 -3.0026		 -3.2847		 -3.6792		 -4.0549		 -4.4619		 -4.8827		 -5.3943		 -5.6557		 -6.0118		 -6.1653		 -6.2713		 -6.0260		 -5.7922		 -5.3831		 -4.9381		 -4.3207		 -3.8964		 -3.4422		 -3.0134		 -2.6477		 -2.3868		 -2.0663		 -1.7901		 -1.5084		 -1.1998		 -0.9086		 -0.5955		 -0.3634		
 1.240		 -0.1289		 -0.1977		 -0.2650		 -0.3417		 -0.4477		 -0.5723		 -0.7067		 -0.8625		 -1.0147		 -1.1580		 -1.3031		 -1.4968		 -1.6598		 -1.8859		 -2.1125		 -2.3374		 -2.5084		 -2.7836		 -3.0227		 -3.3045		 -3.7028		 -4.0804		 -4.4885		 -4.9127		 -5.4277		 -5.6893		 -6.0491		 -6.2051		 -6.3119		 -6.0669		 -5.8355		 -5.4255		 -4.9802		 -4.3601		 -3.9349		 -3.4775		 -3.0458		 -2.6777		 -2.4149		 -2.0915		 -1.8126		 -1.5279		 -1.2155		 -0.9212		 -0.6041		 -0.3690		
 1.250		 -0.1300		 -0.1993		 -0.2671		 -0.3445		 -0.4512		 -0.5768		 -0.7122		 -0.8690		 -1.0223		 -1.1668		 -1.3128		 -1.5078		 -1.6715		 -1.8989		 -2.1274		 -2.3530		 -2.5251		 -2.8022		 -3.0427		 -3.3243		 -3.7265		 -4.1055		 -4.5149		 -4.9426		 -5.4609		 -5.7227		 -6.0864		 -6.2449		 -6.3523		 -6.1080		 -5.8788		 -5.4678		 -5.0221		 -4.3993		 -3.9733		 -3.5128		 -3.0783		 -2.7080		 -2.4433		 -2.1166		 -1.8352		 -1.5474		 -1.2311		 -0.9338		 -0.6128		 -0.3747		
 1.260		 -0.1311		 -0.2010		 -0.2693		 -0.3473		 -0.4548		 -0.5813		 -0.7177		 -0.8756		 -1.0299		 -1.1756		 -1.3225		 -1.5186		 -1.6830		 -1.9119		 -2.1422		 -2.3684		 -2.5417		 -2.8208		 -3.0627		 -3.3441		 -3.7502		 -4.1303		 -4.5412		 -4.9725		 -5.4940		 -5.7559		 -6.1238		 -6.2846		 -6.3924		 -6.1490		 -5.9221		 -5.5102		 -5.0637		 -4.4384		 -4.0117		 -3.5479		 -3.1108		 -2.7386		 -2.4718		 -2.1418		 -1.8578		 -1.5670		 -1.2469		 -0.9466		 -0.6215		 -0.3805		
 1.270		 -0.1321		 -0.2026		 -0.2714		 -0.3501		 -0.4584		 -0.5858		 -0.7233		 -0.8822		 -1.0375		 -1.1843		 -1.3321		 -1.5295		 -1.6944		 -1.9249		 -2.1570		 -2.3838		 -2.5583		 -2.8393		 -3.0826		 -3.3638		 -3.7739		 -4.1550		 -4.5673		 -5.0024		 -5.5268		 -5.7891		 -6.1611		 -6.3244		 -6.4324		 -6.1901		 -5.9655		 -5.5524		 -5.1051		 -4.4774		 -4.0501		 -3.5829		 -3.1434		 -2.7693		 -2.5004		 -2.1669		 -1.8806		 -1.5866		 -1.2626		 -0.9593		 -0.6303		 -0.3862		
 1.280		 -0.1332		 -0.2043		 -0.2736		 -0.3529		 -0.4620		 -0.5904		 -0.7288		 -0.8889		 -1.0450		 -1.1931		 -1.3418		 -1.5403		 -1.7058		 -1.9379		 -2.1717		 -2.3991		 -2.5748		 -2.8578		 -3.1023		 -3.3834		 -3.7973		 -4.1795		 -4.5934		 -5.0324		 -5.5593		 -5.8222		 -6.1983		 -6.3642		 -6.4720		 -6.2313		 -6.0089		 -5.5946		 -5.1461		 -4.5162		 -4.0885		 -3.6177		 -3.1761		 -2.8003		 -2.5292		 -2.1920		 -1.9034		 -1.6062		 -1.2784		 -0.9722		 -0.6391		 -0.3920		
 1.290		 -0.1343		 -0.2059		 -0.2758		 -0.3557		 -0.4655		 -0.5949		 -0.7343		 -0.8955		 -1.0525		 -1.2018		 -1.3514		 -1.5512		 -1.7172		 -1.9509		 -2.1864		 -2.4144		 -2.5912		 -2.8762		 -3.1219		 -3.4028		 -3.8207		 -4.2041		 -4.6196		 -5.0624		 -5.5917		 -5.8552		 -6.2352		 -6.4038		 -6.5115		 -6.2723		 -6.0522		 -5.6366		 -5.1867		 -4.5550		 -4.1270		 -3.6524		 -3.2089		 -2.8315		 -2.5580		 -2.2172		 -1.9263		 -1.6258		 -1.2942		 -0.9851		 -0.6480		 -0.3978		
 1.300		 -0.1353		 -0.2075		 -0.2779		 -0.3585		 -0.4691		 -0.5994		 -0.7398		 -0.9021		 -1.0600		 -1.2105		 -1.3610		 -1.5621		 -1.7286		 -1.9639		 -2.2012		 -2.4296		 -2.6075		 -2.8944		 -3.1414		 -3.4222		 -3.8438		 -4.2287		 -4.6459		 -5.0921		 -5.6239		 -5.8882		 -6.2719		 -6.4431		 -6.5509		 -6.3129		 -6.0955		 -5.6783		 -5.2271		 -4.5938		 -4.1658		 -3.6871		 -3.2420		 -2.8628		 -2.5868		 -2.2425		 -1.9492		 -1.6454		 -1.3101		 -0.9981		 -0.6570		 -0.4036		
 1.310		 -0.1364		 -0.2092		 -0.2801		 -0.3613		 -0.4727		 -0.6040		 -0.7452		 -0.9086		 -1.0675		 -1.2192		 -1.3705		 -1.5729		 -1.7402		 -1.9769		 -2.2160		 -2.4449		 -2.6238		 -2.9124		 -3.1608		 -3.4413		 -3.8666		 -4.2533		 -4.6722		 -5.1216		 -5.6560		 -5.9211		 -6.3084		 -6.4820		 -6.5902		 -6.3532		 -6.1388		 -5.7198		 -5.2673		 -4.6327		 -4.2048		 -3.7218		 -3.2752		 -2.8941		 -2.6155		 -2.2679		 -1.9721		 -1.6649		 -1.3262		 -1.0112		 -0.6660		 -0.4094		
 1.320		 -0.1375		 -0.2108		 -0.2822		 -0.3641		 -0.4762		 -0.6085		 -0.7507		 -0.9152		 -1.0750		 -1.2279		 -1.3801		 -1.5837		 -1.7518		 -1.9899		 -2.2308		 -2.4601		 -2.6401		 -2.9303		 -3.1803		 -3.4604		 -3.8893		 -4.2780		 -4.6986		 -5.1510		 -5.6880		 -5.9538		 -6.3445		 -6.5205		 -6.6292		 -6.3932		 -6.1823		 -5.7611		 -5.3075		 -4.6717		 -4.2440		 -3.7564		 -3.3088		 -2.9256		 -2.6440		 -2.2932		 -1.9952		 -1.6844		 -1.3423		 -1.0244		 -0.6750		 -0.4152		
 1.330		 -0.1385		 -0.2124		 -0.2844		 -0.3668		 -0.4798		 -0.6131		 -0.7561		 -0.9217		 -1.0824		 -1.2365		 -1.3895		 -1.5946		 -1.7635		 -2.0030		 -2.2455		 -2.4753		 -2.6564		 -2.9481		 -3.1996		 -3.4794		 -3.9115		 -4.3026		 -4.7250		 -5.1802		 -5.7198		 -5.9865		 -6.3803		 -6.5588		 -6.6682		 -6.4333		 -6.2257		 -5.8024		 -5.3478		 -4.7108		 -4.2831		 -3.7911		 -3.3425		 -2.9571		 -2.6726		 -2.3186		 -2.0183		 -1.7040		 -1.3584		 -1.0376		 -0.6841		 -0.4210		
 1.340		 -0.1396		 -0.2141		 -0.2865		 -0.3695		 -0.4834		 -0.6176		 -0.7615		 -0.9282		 -1.0900		 -1.2452		 -1.3990		 -1.6053		 -1.7752		 -2.0160		 -2.2602		 -2.4904		 -2.6727		 -2.9657		 -3.2189		 -3.4985		 -3.9335		 -4.3273		 -4.7514		 -5.2092		 -5.7515		 -6.0194		 -6.4158		 -6.5967		 -6.7070		 -6.4733		 -6.2689		 -5.8434		 -5.3881		 -4.7502		 -4.3222		 -3.8258		 -3.3765		 -2.9887		 -2.7010		 -2.3439		 -2.0415		 -1.7235		 -1.3747		 -1.0509		 -0.6932		 -0.4269		
 1.350		 -0.1407		 -0.2157		 -0.2887		 -0.3721		 -0.4869		 -0.6222		 -0.7669		 -0.9347		 -1.0976		 -1.2537		 -1.4084		 -1.6161		 -1.7869		 -2.0290		 -2.2749		 -2.5056		 -2.6889		 -2.9833		 -3.2381		 -3.5175		 -3.9553		 -4.3519		 -4.7777		 -5.2380		 -5.7830		 -6.0523		 -6.4511		 -6.6344		 -6.7457		 -6.5133		 -6.3120		 -5.8844		 -5.4285		 -4.7897		 -4.3612		 -3.8606		 -3.4106		 -3.0203		 -2.7294		 -2.3693		 -2.0647		 -1.7431		 -1.3909		 -1.0642		 -0.7025		 -0.4328		
 1.360		     NaN		     NaN		 -0.2910		 -0.3746		 -0.4901		 -0.6265		 -0.7726		 -0.9416		 -1.1052		 -1.2621		 -1.4177		 -1.6268		 -1.7988		 -2.0420		 -2.2892		 -2.5211		 -2.7053		 -3.0004		 -3.2564		 -3.5373		 -3.9768		 -4.3756		 -4.8040		 -5.2673		 -5.8145		 -6.0850		 -6.4857		 -6.6715		 -6.7854		 -6.5543		 -6.3537		 -5.9260		 -5.4696		 -4.8295		 -4.3995		 -3.8968		 -3.4447		 -3.0518		 -2.7579		 -2.3948		 -2.0874		 -1.7630		 -1.4078		 -1.0775		 -0.7118		 -0.4385		
 1.370		     NaN		     NaN		 -0.2933		 -0.3772		 -0.4928		 -0.6304		 -0.7785		 -0.9489		 -1.1127		 -1.2702		 -1.4270		 -1.6373		 -1.8108		 -2.0551		 -2.3030		 -2.5370		 -2.7220		 -3.0172		 -3.2738		 -3.5579		 -3.9979		 -4.3984		 -4.8306		 -5.2972		 -5.8460		 -6.1175		 -6.5195		 -6.7082		 -6.8257		 -6.5962		 -6.3942		 -5.9683		 -5.5113		 -4.8695		 -4.4369		 -3.9343		 -3.4786		 -3.0831		 -2.7866		 -2.4206		 -2.1097		 -1.7832		 -1.4252		 -1.0906		 -0.7211		 -0.4441		
 1.380		     NaN		     NaN		     NaN		 -0.3797		 -0.4956		 -0.6344		 -0.7844		 -0.9561		 -1.1202		 -1.2783		 -1.4362		 -1.6479		 -1.8229		 -2.0681		 -2.3168		 -2.5529		 -2.7386		 -3.0340		 -3.2911		 -3.5783		 -4.0190		 -4.4214		 -4.8570		 -5.3269		 -5.8773		 -6.1500		 -6.5532		 -6.7447		 -6.8655		 -6.6377		 -6.4348		 -6.0107		 -5.5527		 -4.9099		 -4.4746		 -3.9717		 -3.5125		 -3.1148		 -2.8154		 -2.4464		 -2.1320		 -1.8034		 -1.4426		 -1.1038		 -0.7305		 -0.4498		
 1.390		     NaN		     NaN		     NaN		     NaN		     NaN		     NaN		     NaN		     NaN		 -1.1275		 -1.2864		 -1.4454		 -1.6584		 -1.8350		 -2.0813		 -2.3304		 -2.5686		 -2.7551		 -3.0508		 -3.3084		 -3.5988		 -4.0401		 -4.4444		 -4.8834		 -5.3565		 -5.9085		 -6.1824		 -6.5869		 -6.7810		 -6.9049		 -6.6790		 -6.4756		 -6.0532		 -5.5939		 -4.9505		 -4.5124		 -4.0090		 -3.5463		 -3.1467		 -2.8442		 -2.4721		 -2.1545		 -1.8237		 -1.4600		 -1.1171		 -0.7400		 -0.4555		
 1.400		     NaN		     NaN		     NaN		     NaN		     NaN		     NaN		     NaN		     NaN		 -1.1346		 -1.2945		 -1.4546		 -1.6689		 -1.8468		 -2.0945		 -2.3443		 -2.5846		 -2.7715		 -3.0677		 -3.3255		 -3.6193		 -4.0610		 -4.4675		 -4.9096		 -5.3859		 -5.9395		 -6.2148		 -6.6206		 -6.8170		 -6.9438		 -6.7199		 -6.5167		 -6.0960		 -5.6349		 -4.9912		 -4.5504		 -4.0464		 -3.5801		 -3.1789		 -2.8730		 -2.4978		 -2.1770		 -1.8441		 -1.4775		 -1.1303		 -0.7495		 -0.4613		
 1.410		     NaN		     NaN		     NaN		     NaN		     NaN		     NaN		     NaN		     NaN		     NaN		     NaN		     NaN		 -1.6791		 -1.8585		 -2.1081		 -2.3584		 -2.6005		 -2.7878		 -3.0847		 -3.3427		 -3.6398		 -4.0820		 -4.4908		 -4.9356		 -5.4150		 -5.9703		 -6.2472		 -6.6543		 -6.8527		 -6.9822		 -6.7606		 -6.5581		 -6.1389		 -5.6758		 -5.0318		 -4.5884		 -4.0839		 -3.6141		 -3.2112		 -2.9019		 -2.5236		 -2.1996		 -1.8645		 -1.4949		 -1.1436		 -0.7591		 -0.4672		
 1.420		     NaN		     NaN		     NaN		     NaN		     NaN		     NaN		     NaN		     NaN		     NaN		     NaN		     NaN		     NaN		     NaN		     NaN		 -2.3720		 -2.6158		 -2.8041		 -3.1021		 -3.3599		 -3.6601		 -4.1030		 -4.5142		 -4.9614		 -5.4437		 -6.0010		 -6.2798		 -6.6882		 -6.8881		 -7.0201		 -6.8011		 -6.5997		 -6.1820		 -5.7165		 -5.0724		 -4.6265		 -4.1214		 -3.6482		 -3.2436		 -2.9309		 -2.5494		 -2.2223		 -1.8850		 -1.5124		 -1.1570		 -0.7687		 -0.4731		
 1.430		     NaN		     NaN		     NaN		     NaN		     NaN		     NaN		     NaN		     NaN		     NaN		     NaN		     NaN		     NaN		     NaN		     NaN		     NaN		     NaN		     NaN		     NaN		     NaN		 -3.6797		 -4.1240		 -4.5377		 -4.9868		 -5.4719		 -6.0314		 -6.3128		 -6.7224		 -6.9234		 -7.0577		 -6.8412		 -6.6414		 -6.2250		 -5.7574		 -5.1130		 -4.6648		 -4.1589		 -3.6826		 -3.2760		 -2.9600		 -2.5754		 -2.2453		 -1.9054		 -1.5299		 -1.1704		 -0.7783		 -0.4790		
 1.440		     NaN		     NaN		     NaN		     NaN		     NaN		     NaN		     NaN		     NaN		     NaN		     NaN		     NaN		     NaN		     NaN		     NaN		     NaN		     NaN		     NaN		     NaN		     NaN		     NaN		     NaN		     NaN		     NaN		 -5.4982		 -6.0614		 -6.3460		 -6.7569		 -6.9586		 -7.0951		 -6.8810		 -6.6829		 -6.2679		 -5.7982		 -5.1535		 -4.7030		 -4.1964		 -3.7173		 -3.3087		 -2.9891		 -2.6015		 -2.2684		 -1.9260		 -1.5474		 -1.1838		 -0.7880		 -0.4850		
 1.450		     NaN		     NaN		     NaN		     NaN		     NaN		     NaN		     NaN		     NaN		     NaN		     NaN		     NaN		     NaN		     NaN		     NaN		     NaN		     NaN		     NaN		     NaN		     NaN		     NaN		     NaN		     NaN		     NaN		     NaN		 -6.0903		 -6.3780		 -6.7912		 -6.9944		 -7.1333		 -6.9207		 -6.7245		 -6.3104		 -5.8391		 -5.1939		 -4.7412		 -4.2336		 -3.7523		 -3.3416		 -3.0183		 -2.6275		 -2.2917		 -1.9466		 -1.5650		 -1.1974		 -0.7977		 -0.4910		
 1.460		     NaN		     NaN		     NaN		     NaN		     NaN		     NaN		     NaN		     NaN		     NaN		     NaN		     NaN		     NaN		     NaN		     NaN		     NaN		     NaN		     NaN		     NaN		     NaN		     NaN		     NaN		     NaN		     NaN		     NaN		     NaN		     NaN		     NaN		     NaN		 -7.1708		 -6.9603		 -6.7665		 -6.3528		 -5.8800		 -5.2344		 -4.7798		 -4.2708		 -3.7872		 -3.3744		 -3.0478		 -2.6537		 -2.3152		 -1.9673		 -1.5826		 -1.2109		 -0.8075		 -0.4969		
 1.470		     NaN		     NaN		     NaN		     NaN		     NaN		     NaN		     NaN		     NaN		     NaN		     NaN		     NaN		     NaN		     NaN		     NaN		     NaN		     NaN		     NaN		     NaN		     NaN		     NaN		     NaN		     NaN		     NaN		     NaN		     NaN		     NaN		     NaN		     NaN		     NaN		     NaN		 -6.8096		 -6.3951		 -5.9207		 -5.2749		 -4.8187		 -4.3078		 -3.8216		 -3.4071		 -3.0775		 -2.6800		 -2.3388		 -1.9882		 -1.6003		 -1.2245		 -0.8173		 -0.5030		
 1.480		     NaN		     NaN		     NaN		     NaN		     NaN		     NaN		     NaN		     NaN		     NaN		     NaN		     NaN		     NaN		     NaN		     NaN		     NaN		     NaN		     NaN		     NaN		     NaN		     NaN		     NaN		     NaN		     NaN		     NaN		     NaN		     NaN		     NaN		     NaN		     NaN		     NaN		     NaN		 -6.4374		 -5.9616		 -5.3152		 -4.8578		 -4.3445		 -3.8558		 -3.4396		 -3.1073		 -2.7063		 -2.3627		 -2.0091		 -1.6181		 -1.2382		 -0.8271		 -0.5090		
 1.490		     NaN		     NaN		     NaN		     NaN		     NaN		     NaN		     NaN		     NaN		     NaN		     NaN		     NaN		     NaN		     NaN		     NaN		     NaN		     NaN		     NaN		     NaN		     NaN		     NaN		     NaN		     NaN		     NaN		     NaN		     NaN		     NaN		     NaN		     NaN		     NaN		     NaN		     NaN		     NaN		     NaN		 -5.3553		 -4.8966		 -4.3811		 -3.8901		 -3.4719		 -3.1371		 -2.7325		 -2.3865		 -2.0300		 -1.6362		 -1.2519		 -0.8370		 -0.5151		
 1.500		     NaN		     NaN		     NaN		     NaN		     NaN		     NaN		     NaN		     NaN		     NaN		     NaN		     NaN		     NaN		     NaN		     NaN		     NaN		     NaN		     NaN		     NaN		     NaN		     NaN		     NaN		     NaN		     NaN		     NaN		     NaN		     NaN		     NaN		     NaN		     NaN		     NaN		     NaN		     NaN		     NaN		     NaN		     NaN		     NaN		 -3.9245		 -3.5041		 -3.1669		 -2.7586		 -2.4104		 -2.0509		 -1.6545		 -1.2658		 -0.8470		 -0.5211		
 1.510		     NaN		     NaN		     NaN		     NaN		     NaN		     NaN		     NaN		     NaN		     NaN		     NaN		     NaN		     NaN		     NaN		     NaN		     NaN		     NaN		     NaN		     NaN		     NaN		     NaN		     NaN		     NaN		     NaN		     NaN		     NaN		     NaN		     NaN		     NaN		     NaN		     NaN		     NaN		     NaN		     NaN		     NaN		     NaN		     NaN		     NaN		 -3.5363		 -3.1965		 -2.7848		 -2.4344		 -2.0717		 -1.6729		 -1.2798		 -0.8570		 -0.5272		
 1.520		     NaN		     NaN		     NaN		     NaN		     NaN		     NaN		     NaN		     NaN		     NaN		     NaN		     NaN		     NaN		     NaN		     NaN		     NaN		     NaN		     NaN		     NaN		     NaN		     NaN		     NaN		     NaN		     NaN		     NaN		     NaN		     NaN		     NaN		     NaN		     NaN		     NaN		     NaN		     NaN		     NaN		     NaN		     NaN		     NaN		     NaN		     NaN		     NaN		     NaN		 -2.4560		     NaN		     NaN		     NaN		 -0.8633		 -0.5369		
 1.530		     NaN		     NaN		     NaN		     NaN		     NaN		     NaN		     NaN		     NaN		     NaN		     NaN		     NaN		     NaN		     NaN		     NaN		     NaN		     NaN		     NaN		     NaN		     NaN		     NaN		     NaN		     NaN		     NaN		     NaN		     NaN		     NaN		     NaN		     NaN		     NaN		     NaN		     NaN		     NaN		     NaN		     NaN		     NaN		     NaN		     NaN		     NaN		     NaN		     NaN		     NaN		     NaN		     NaN		     NaN		     NaN		     NaN		
 1.540		     NaN		     NaN		     NaN		     NaN		     NaN		     NaN		     NaN		     NaN		     NaN		     NaN		     NaN		     NaN		     NaN		     NaN		     NaN		     NaN		     NaN		     NaN		     NaN		     NaN		     NaN		     NaN		     NaN		     NaN		     NaN		     NaN		     NaN		     NaN		     NaN		     NaN		     NaN		     NaN		     NaN		     NaN		     NaN		     NaN		     NaN		     NaN		     NaN		     NaN		     NaN		     NaN		     NaN		     NaN		     NaN		     NaN		
 1.550		     NaN		     NaN		     NaN		     NaN		     NaN		     NaN		     NaN		     NaN		     NaN		     NaN		     NaN		     NaN		     NaN		     NaN		     NaN		     NaN		     NaN		     NaN		     NaN		     NaN		     NaN		     NaN		     NaN		     NaN		     NaN		     NaN		     NaN		     NaN		     NaN		     NaN		     NaN		     NaN		     NaN		     NaN		     NaN		     NaN		     NaN		     NaN		     NaN		     NaN		     NaN		     NaN		     NaN		     NaN		     NaN		     NaN		
 1.560		     NaN		     NaN		     NaN		     NaN		     NaN		     NaN		     NaN		     NaN		     NaN		     NaN		     NaN		     NaN		     NaN		     NaN		     NaN		     NaN		     NaN		     NaN		     NaN		     NaN		     NaN		     NaN		     NaN		     NaN		     NaN		     NaN		     NaN		     NaN		     NaN		     NaN		     NaN		     NaN		     NaN		     NaN		     NaN		     NaN		     NaN		     NaN		     NaN		     NaN		     NaN		     NaN		     NaN		     NaN		     NaN		     NaN		
