%H field first colomn	Temp row	Mag data array
0.0000		102.6146		152.4444		202.2083		221.9699		231.9181		241.5342		251.5599		261.5437		263.6086		265.6192		267.5523		269.5070		271.5022		273.5090		275.5229		276.4943		277.5233		278.5329		279.4982		280.5410		281.5499		282.5383		283.5953		284.4061		285.3527		286.3958		287.3764		288.4134		289.3740		290.4324		291.4180		292.3854		293.3063		294.3262		295.2851		296.2768		297.2735		298.2630		299.2446		300.2282		301.1972		302.2010		304.1981		306.0847		310.8511		315.6537		320.5901		
0.0100		976604.0503		913536.4804		869845.8459		839258.2206		821045.7338		804787.6496		809286.3026		732331.9209		724793.7701		710724.3793		689366.3353		683094.5080		660647.5769		647245.4340		618630.8158		609514.2617		587094.9899		572997.5940		558741.3210		535531.2386		518922.7265		480863.6981		451200.5118		424439.1569		402521.1278		335648.5654		284447.3166		226830.0266		161548.9318		90684.3238		55814.6101		29327.4609		17365.5060		15022.0698		9333.1734		7570.7107		6086.6089		5222.3309		5451.2197		4041.3069		3546.5363		6008.9688		2746.1830		2415.3473		2666.5556		-128.4756		1674.3606		
0.0200		959932.3139		929702.2648		897612.2065		855807.1888		835428.5833		815446.8648		817103.3079		746850.7055		738536.7223		726293.6947		713648.9368		698333.0516		675297.6735		663059.7093		631819.4846		623342.2311		607025.1802		585150.7014		573104.7159		551192.3218		538294.8325		497641.3666		466841.0269		439142.0638		439723.3765		349284.5580		299357.6440		242553.5014		193323.9692		120237.6602		79121.3224		45817.3729		35344.8719		24333.5314		18757.2087		14193.7591		11667.5505		10022.6859		19828.7343		7476.2813		6578.2510		6355.7450		5027.0168		4321.3866		8224.7900		-2453.0158		-288.5329		
0.0300		976546.6253		942775.2340		896805.3803		868518.7752		848221.7450		828179.1971		806931.5945		755688.3340		749861.7768		737948.8566		725008.1684		709985.0232		690571.1378		674734.6479		647679.6971		634392.2759		615164.3559		597837.7120		584056.2951		564509.2382		539993.9682		510253.4633		475898.4061		452341.3721		425741.0187		360987.5817		309823.6352		256464.7735		211741.3663		144950.0335		99494.3496		61910.2829		50764.7284		34708.0372		27255.4688		20584.4216		17169.8491		14571.9578		21748.0484		10963.0348		9819.2125		8786.5861		7297.7396		6296.4158		10837.8575		-1910.0469		3184.1849		
0.0400		987925.3849		953982.1083		906036.3093		878859.2283		860120.6467		840219.4998		812356.2401		768631.2720		759629.2962		748096.3730		734696.5728		719942.0707		703150.6669		683337.5900		659180.7356		642782.7843		621685.4676		610095.9526		591839.1251		572878.2767		548415.7475		518155.8205		484214.3197		462034.9081		426601.2925		372313.2943		319269.7370		268270.6525		224680.4340		162096.3575		118479.5122		77701.6515		62551.7875		44239.2004		35267.7070		26931.6527		22632.3796		19176.6518		18219.6412		14476.8348		12961.3706		11583.3000		9558.5090		8252.4960		11322.1527		1383.8124		4154.9537		
0.0500		998371.6484		964749.9921		914462.6849		887711.0344		870342.8598		848802.4674		820680.4256		778903.6908		767868.0390		756519.2899		742804.3111		727887.2207		710668.7758		690213.6782		665260.1328		649981.4768		628386.8430		619706.2434		600092.1314		580157.0555		555709.3567		525115.1947		491864.8351		468985.8632		434635.2031		382673.4389		328742.6338		278232.0995		235428.7790		175245.0668		134891.5796		93368.5289		71790.9873		53178.6719		43000.5436		33226.0245		27970.9891		23813.7834		20760.1416		17896.7400		16041.0739		14289.3272		11816.0053		10183.7350		10710.7835		5503.2592		5118.5779		
0.0600		1007509.8491		974797.4929		922365.1919		895437.8058		877616.4447		856141.5292		827050.3529		786270.4410		774568.2345		763251.0174		749564.4107		733628.2003		717199.1281		696223.8497		670239.1619		656750.8906		635045.6926		626791.0363		606931.3994		586824.9332		561800.1059		531614.1029		499008.4344		475014.3887		440456.8336		389121.9157		337950.9845		286999.4526		245123.7074		186322.2484		147053.1066		105804.6235		80987.1175		61638.5288		50670.0691		39398.9218		33074.6955		28342.3446		24690.5467		21236.5847		19123.2013		16984.5187		14070.2825		12122.7379		10054.0267		7187.5176		6075.3872		
0.0700		1015327.6213		982228.4931		929984.8006		902040.0688		883767.3426		862592.6274		833515.7869		792219.4799		780328.9505		768677.3008		755908.0685		738250.2875		722839.8074		701638.8986		675424.7087		663036.4372		641567.7525		631191.3781		612087.5405		593104.9143		567784.5502		537543.3667		505945.8644		480468.7527		445791.6039		395662.7275		346665.2402		295286.1534		254341.5356		196113.7206		156992.9357		115717.5876		90089.9907		70045.2410		57706.6404		45350.0951		38079.7132		32687.0898		28446.9574		24552.2040		22184.6275		19674.5436		16328.7063		14059.0440		10410.4696		8339.4224		7028.2998		
0.0800		1022398.2849		988491.9190		937523.4449		908246.2261		889371.3339		868510.4886		839378.4607		797302.6918		785472.8978		773741.8432		760970.2028		742959.0721		727920.2666		706404.4104		681445.8142		667623.4203		647920.8768		635652.6018		617005.1925		597769.4019		572926.2327		542850.4608		511986.8151		485451.2547		451230.6817		401248.5259		354756.6019		303273.8804		263698.5235		205643.7335		166109.9093		125119.1546		99001.3309		78147.8684		64390.3665		51040.3598		42966.4045		36839.7306		32174.9881		27856.8409		25207.2885		22340.8421		18582.3924		15985.6401		11825.9921		9473.3529		7976.9116		
0.0900		1028592.5053		994131.2337		942901.5183		913296.2764		895070.0311		872744.0160		844250.7793		802144.1225		790222.5978		778685.3821		765689.4012		747582.7410		732244.2800		710659.8087		686237.3547		672062.9694		654116.1873		639869.6258		621800.4922		601501.5274		577735.5482		547350.2000		516799.1026		490280.4974		456822.7706		405810.9019		362086.8920		310969.4766		272197.8104		213830.5531		175038.4611		133747.7005		107651.6856		85110.4968		70853.6476		56419.2173		47612.4431		40913.2570		35880.2532		31123.2707		28176.0157		24972.1504		20822.2791		17887.9915		13230.9723		10603.8296		8921.5498		
0.1000		1033842.0524		999446.8858		947593.9951		917262.6647		899710.2391		877441.0789		848566.4665		806384.9724		794784.1814		783277.1241		769531.2491		752017.3009		736005.1167		714586.1537		689826.8086		676091.3407		660145.7114		643860.5129		626082.4604		605241.0205		582280.3752		551948.1425		520409.4870		495019.8508		461108.9204		410813.7118		368580.2242		318470.4697		279667.5094		220443.1842		183456.7526		141631.6753		115848.6780		91644.8729		77214.0950		61607.7712		52149.3624		44919.4492		39523.7974		34382.1560		31075.1502		27584.9718		23033.1661		19793.3635		14640.4698		11732.7008		9859.5326		
0.1100		1038822.9819		1004274.7046		952029.3882		921178.7466		904165.1839		881767.9301		852394.8843		810222.1337		799387.6297		786938.7362		773219.7410		756173.3917		739615.5010		718497.3880		693879.0057		679836.3501		665466.3171		647602.0066		630196.5730		608756.6987		585527.5757		555937.4431		524035.0311		499424.4500		465852.5928		415442.3545		374444.6455		325107.2869		286538.4324		226824.3839		191725.1218		149042.3295		122962.4995		97904.2373		83580.8486		66674.1000		56629.1691		48874.3799		43075.8656		37625.2826		33925.5282		30216.9953		25233.5537		21714.9724		16053.2596		12860.2335		10791.6030		
0.1200		1043439.7658		1008707.9331		956251.3686		925055.0561		907662.5054		885677.3771		855842.0713		814043.4817		802765.5231		790479.7626		776783.1629		759974.4360		743090.7980		722948.0919		697557.3353		683599.6347		668979.8730		650422.5448		633729.9679		612138.8282		588365.0824		559651.3241		528031.8517		503543.8497		470711.2264		419888.4133		379923.9236		330674.7867		292859.4352		232827.2071		200090.8888		156226.1693		129696.2912		104273.0890		89832.1451		71620.4834		61096.8033		52808.9464		46571.8199		40839.2042		36738.3702		32862.9266		27427.4478		23639.6213		17467.3349		13987.3071		11725.9030		
0.1300		1047558.2039		1012626.6053		959793.0672		928847.4592		910804.8037		889379.5902		859147.4764		817631.2717		806077.1890		793959.6230		780310.4756		763336.9639		746414.8024		726662.0481		700731.2392		687298.2169		671686.2267		652665.8685		637166.2882		615368.5174		591326.3951		563380.8538		532181.6395		507471.3392		475575.6641		424246.0308		385278.7844		336832.7906		297861.6454		239405.8816		205352.1618		163056.5944		135900.4095		110463.9324		95765.2202		76505.6373		65540.8255		56727.6087		50001.3740		43971.9348		39525.5310		35483.1872		29606.0677		25560.5201		18869.3801		15111.7009		12673.1051		
0.1400		1051379.6100		1016294.8370		963128.2421		932507.8128		913861.0694		892699.3322		862497.4091		820589.1040		809043.8376		797249.2713		783088.6723		766346.1388		749578.8262		729767.2134		703648.9881		690880.3973		674408.4611		654786.6073		640543.8894		618417.3820		594267.2081		567091.8521		536459.7024		511325.7212		480205.0182		428512.0297		390082.5356		341370.0938		302260.4995		246059.8068		210710.2486		169186.4422		142175.6237		116478.3763		101442.7718		81297.2352		69961.4247		60595.9493		53340.6857		47095.0410		42299.0004		38030.7238		31739.5533		27469.1596		20264.3148		16236.1612		13606.1065		
0.1500		1055060.5148		1019658.3817		966264.1547		935983.3868		916812.0764		895736.7382		865624.1890		823366.1471		811797.3194		800048.2726		785789.9922		769009.3216		752584.5946		732651.7583		706388.6406		694381.6821		677310.5722		657030.8202		643949.9019		621239.0993		597196.7744		570878.6679		540524.0782		515031.5828		484361.8285		432719.9605		394922.6029		345658.8063		306617.6440		251454.0910		216210.6910		175040.8255		148397.2644		122130.1678		106886.6607		85989.8796		74335.5191		64461.8735		56544.6292		50161.3538		45070.8366		40579.3372		33859.1617		29337.7114		21653.4121		17361.5527		14528.6802		
0.1600		1058469.0645		1022761.0134		969372.1223		939218.2910		919657.1166		898505.3366		868377.2092		825979.2074		814471.3655		802395.1649		788508.7898		771408.2632		755444.5663		735518.0478		709004.1492		696886.1116		680054.7122		659254.6132		647284.2198		623867.4258		600048.4797		574336.7479		544234.2597		518419.5381		487625.4970		436853.6387		399396.0100		349809.4508		310973.2907		256876.9687		221452.2142		180692.2378		154466.6762		127398.5596		111714.0046		90531.4208		78542.3725		68376.9423		59748.0645		53217.9153		47853.6266		43357.2985		35996.5624		31162.8200		23037.3036		18485.1223		15447.1062		
0.1700		1061540.9616		1025643.5275		972198.9536		942111.6105		922432.7473		901066.7168		870945.3302		828392.9891		817188.7651		804660.4475		791156.4194		773853.7198		758035.0571		738369.6340		711621.4262		698955.4822		682932.8690		661736.5546		650388.5585		626344.1625		602552.5078		577560.7301		547284.3387		521565.9351		490340.3458		440909.2307		403814.2802		354111.6117		315290.0917		262774.3806		226622.0893		186442.8610		160285.2518		132429.7724		115970.9006		94941.7843		82549.7341		72269.3579		63036.8744		56243.1965		50600.1444		45863.2611		38150.0279		33003.6581		24423.1258		19602.8324		16361.2642		
0.1800		1064470.2786		1028425.4082		974664.0940		944689.8389		925183.9256		903438.3064		873225.2390		830666.1814		819786.4752		806946.1795		793652.3027		776538.6721		760363.6932		741080.7626		714133.7206		701408.9581		685885.3457		664291.6391		653072.4116		628680.3762		605056.6446		580912.8996		550024.6486		524571.1469		493298.8596		444883.5203		408630.6249		358059.4573		319556.0377		268899.3900		231759.3547		192254.6206		165715.5557		137350.9265		120119.9650		99243.4649		86459.2797		75883.4930		66338.6595		59211.2995		53281.1257		48288.9998		40304.4924		34844.3057		25813.7286		20710.2375		17266.2399		
0.1900		1067255.5935		1031152.1241		977009.5804		947033.1383		927977.8435		905868.5935		875474.0265		832915.8354		822194.4238		809227.1508		795951.8428		779212.2592		762697.5092		743481.1295		716396.2633		703798.4329		688738.5941		666971.2585		655566.7227		630840.2383		607686.7338		584225.7109		552657.6496		527537.0722		496642.2683		448773.6973		412322.1627		361928.0329		323753.0748		274945.0727		236841.9046		198055.2814		170830.8841		141783.9172		124086.2872		103334.4960		90295.5972		79390.8905		69605.4466		62178.8329		55992.8236		50667.8249		42357.9263		36685.7160		27199.1515		21784.0237		18167.7113		
0.2000		1069922.8402		1033744.0734		979276.5345		949230.6039		930312.2434		908194.3892		877686.0803		835120.6481		824742.6702		811552.4456		798069.7791		781818.1648		764865.5873		745546.9208		718499.4388		706128.9578		691335.9225		669998.3010		657920.0506		633037.0566		610487.2794		587311.7570		555735.7382		530119.3988		500488.7549		452582.2487		416826.8339		365923.9168		327872.4079		280531.9618		241511.9758		204214.4776		175774.5178		145970.2495		128015.3056		107642.9876		94069.1330		82883.9036		72761.9185		65180.9672		58701.4522		53137.2303		44428.1978		38526.8805		28574.1463		22845.4590		19073.8522		
0.2100		1072415.3881		1036143.9429		981487.5751		951383.0896		932407.9726		910296.1222		879846.9622		837250.2439		827181.2801		813679.4645		800042.5633		784386.0007		766827.5300		747432.1260		720240.3783		708099.1507		693505.2787		672641.3344		660198.5281		634981.1941		613281.5165		589959.6337		559279.5512		533011.2579		503951.3534		456278.7504		422564.5854		370105.0266		331709.9545		285523.4435		246795.4492		209252.7282		180594.3818		150252.4972		131996.3931		112104.1052		97730.0985		86228.5905		75708.8017		68160.5486		61386.8144		55659.4464		46499.9879		40364.7164		29941.3411		23924.6346		19982.0875		
0.2200		1074735.7031		1038397.9691		983666.2491		953557.8539		934416.1921		912326.0618		881969.8890		839279.0961		829259.0707		815769.2308		801937.2439		786785.9078		770007.2475		749174.3961		722120.3667		710320.9254		695499.9619		674918.7415		662420.4174		636763.5904		616002.7122		591925.7726		561875.9539		535941.8084		506005.6279		459808.4957		426921.6863		374545.8268		335429.2456		290380.0650		252078.2105		214252.3004		185327.5676		154764.5936		135948.8101		116539.0664		101361.4969		89616.2826		78982.7049		71035.6449		64029.7102		58173.7934		48562.7872		42196.5878		31304.0204		25004.6820		20886.8083		
0.2300		1076927.7505		1040569.2299		985835.8353		955563.6217		936457.7138		914274.4882		883967.4958		841170.6723		831185.3710		817748.2746		803804.5400		788958.5442		772142.4475		750960.2296		724059.3504		712564.7754		697407.9152		677119.0569		664443.5501		638488.5050		618693.7473		593828.2236		564187.2752		538824.0412		508154.5616		463236.6635		430027.8957		379025.9622		339095.7171		295193.0875		256353.3516		219203.4993		190238.6371		159650.1866		139991.6903		120798.5334		105089.2925		92886.9846		82194.5004		73822.0595		66625.4156		60661.8598		50645.7074		44020.1904		32653.6500		26079.7362		21774.5509		
0.2400		1079063.0156		1042673.3329		988017.4070		957423.9075		938373.8663		916124.3844		885755.2942		842922.6556		833034.9848		819548.2477		805647.8329		790839.0690		774226.2206		753126.4740		725969.5169		714773.1617		699272.2666		679504.7955		666448.9916		640257.1036		621359.2168		595865.0629		566645.1175		541569.5746		510287.3750		466532.1076		433098.8876		383494.3863		342719.8935		299855.9741		260593.4218		224100.2364		194777.1786		164713.9054		143954.7878		124740.4295		108878.8350		96163.3086		85165.1511		76593.4714		69209.6785		63138.6245		52860.6539		45833.6823		33984.7262		27137.1226		22656.3252		
0.2500		1081138.5834		1044665.7388		989969.3839		959190.3808		940031.7159		917922.4422		887396.6640		844612.3860		834821.4749		821300.0919		807487.5896		792626.8566		776258.9709		755062.8958		727848.2682		716865.2927		701215.9225		681979.8715		668399.6789		642239.3961		623977.6525		598296.4252		568907.1492		544112.0315		512380.1417		469732.4771		436382.1791		388130.8837		346307.4801		304333.3694		264878.7244		228910.5833		198947.9110		169454.3967		147935.5203		128423.4330		112579.2075		99435.0686		88024.8295		79356.9227		71779.1151		65604.3583		54961.6763		47615.1186		35311.5412		28180.2303		23534.8753		
0.2600		1083141.1658		1046554.5066		991677.9187		960911.6369		941692.9051		919705.6578		888993.6254		846319.5372		836574.1298		823028.7682		809340.2943		794341.3239		778197.0584		756791.7934		729620.0264		718524.5513		703217.2761		684481.5779		670253.6319		644120.5506		626444.2975		600793.9345		571098.0456		546503.3227		515734.0698		472947.1521		439617.7608		392868.8451		349944.6776		308345.1022		269170.2630		233635.7454		202854.1119		173565.9886		151923.6388		132039.0305		116153.6131		102680.2585		90814.2595		82138.4182		74327.3424		68051.3185		56989.7790		49377.5337		36635.8905		29218.9498		24413.2313		
0.2700		1085046.5106		1048351.9498		993375.7089		962635.5636		943330.8744		921491.0203		890577.2830		847982.7843		838346.1527		824707.8856		811263.0016		796003.3363		779974.3447		758474.8766		731422.9461		719969.0000		705198.6909		686989.8358		671830.2744		646219.5026		628838.7099		603134.3618		574953.5470		548834.3270		519524.7101		476240.8191		442389.2800		396515.2679		353709.9360		312118.4609		273452.1441		238290.7484		206530.7272		177417.9949		155488.0045		135768.2622		119657.6188		105800.0368		93614.3169		84903.4523		76847.9512		70407.8759		59000.7548		51136.6371		37954.7975		30258.0758		25296.8321		
0.2800		1086862.4073		1050063.7393		995061.6524		964367.2128		944949.7202		923130.8626		892148.3983		849612.5871		839973.9820		826315.0029		813169.5527		797594.0005		781641.3084		760040.1592		733156.1144		721351.8856		707052.4134		689491.9431		673310.6313		648356.1161		630482.8842		605292.0549		578030.3710		551219.4376		523080.0343		480346.4139		445174.0677		399750.9516		358964.6917		315956.3744		277722.6051		242683.7319		210053.3334		181236.0975		159710.2094		139601.7296		123089.5447		108721.7336		96472.4731		87662.4193		79326.7726		72807.5445		60980.9477		52880.9730		39267.6142		31295.8019		26181.6452		
0.2900		1088606.6103		1051728.9404		996730.2719		965829.1141		946550.6038		924677.4067		893707.7698		851224.9439		841324.1035		827918.2465		814947.6169		799245.9946		783169.1559		761480.4844		734866.8047		722834.3892		708314.4406		691955.0594		674744.1008		650585.1300		632115.2657		607420.1413		581026.6237		553875.6621		525811.0140		483176.2001		447891.4561		402800.2315		362860.8845		319856.1696		282083.9120		247081.7598		213511.1116		184999.1691		163917.8891		143471.2270		127585.4741		111718.5005		99326.9278		90131.2601		81579.2412		75125.4233		62886.6379		54570.2384		40573.3123		32329.1740		27064.7949		
0.3000		1090278.6304		1053373.7270		998374.7209		967277.8333		948131.5510		926107.1127		895200.6042		852833.8480		842682.5150		829507.5167		816584.9284		800906.4348		784313.3861		762898.2981		736549.8162		724539.2313		709551.3431		693933.5201		676184.3277		652912.2689		634675.3382		608793.6271		583946.5096		556661.2642		528825.5037		485757.6996		450575.5089		405751.1309		366355.0024		323768.3988		286150.1544		251487.4300		217020.9518		188862.8862		167144.1288		146990.4563		132010.0691		114724.8397		102080.6844		92761.4996		83838.3352		77278.9575		64775.1397		56240.5257		41861.7914		33364.9144		27932.5421		
0.3100		1091902.7491		1055014.0078		999984.7909		968756.9383		949686.3986		927412.4605		896585.7364		854413.0169		843912.6337		831072.9386		818152.6016		802535.8813		785555.1395		764300.5391		738178.6303		726158.5565		711015.9539		695725.8651		677717.8740		655347.0635		637450.2617		610596.1144		586720.0701		559373.4211		531297.5763		488072.7994		453243.3732		408716.0344		369367.7404		327639.4646		290088.9010		255696.2746		220601.3667		192717.0111		170391.2598		150182.0409		135024.7458		117730.6164		104692.6449		95413.0903		86057.7732		79393.5342		66643.9893		57931.3223		43107.0201		34400.3506		28789.3177		
0.3200		1093486.5552		1056573.9941		1001528.3305		970231.8901		951208.5970		928744.4396		897879.3213		855906.3602		845082.0940		832606.8911		819672.8527		804112.0217		786786.5830		765687.9697		739793.8171		727777.3414		712655.6553		697567.9859		679369.7490		657925.2521		639999.6762		612891.3069		588766.2232		561406.5107		533373.0364		490507.2574		455898.2334		411700.5693		371853.8916		331404.3337		293837.4527		259601.2488		223931.4193		196541.0086		173620.6983		153311.7565		137638.1036		120718.3543		107601.7064		98067.2378		88299.6705		81452.7263		68441.4772		59622.7837		44340.7879		35436.4544		29646.5935		
0.3300		1095020.5894		1058004.9665		1002984.5357		971678.0883		952661.7636		930088.0682		899165.8615		857294.3470		846701.0039		834104.0779		821156.4243		805616.3105		788012.0491		767061.3217		741389.9324		729391.1038		714397.6809		699469.9070		681135.7531		660492.1295		642296.1282		615198.6948		590642.7031		563162.7764		535551.7116		492985.4594		458114.9949		414684.3518		374431.1136		335003.8659		297675.3243		263179.5497		227937.9665		200322.5610		176831.8770		156480.4913		140140.8318		123638.4020		110230.3793		100716.5958		90730.4826		83807.8416		70430.2823		61302.5965		45620.7210		36472.8369		30502.3628		
0.3400		1096512.9614		1059430.8537		1004366.0769		973075.8566		954028.2372		931430.2813		900475.0131		858505.1321		847945.2291		835547.9860		822620.8478		806970.7235		789232.0643		768421.2964		742965.5360		730995.2343		716147.6699		701139.4303		682780.2221		662865.5960		644282.9926		617440.2998		592532.2728		565105.6441		538281.8121		495521.5356		461163.0804		417655.7807		377637.6877		338523.4448		301347.3086		266495.4147		231673.6814		204050.6466		180039.2361		159624.8527		142806.5764		126563.2476		112704.7677		103362.5515		93165.6216		86098.2309		72562.6786		62969.8295		46899.6344		37509.2457		31356.7719		
0.3500		1097966.3284		1060851.8512		1005687.7981		974374.4159		955301.2184		932750.5349		901785.7812		859712.3578		849082.3676		836928.0538		823901.9429		808209.3113		790441.2463		769768.5496		744524.5152		732583.5921		717705.9798		702485.4224		684422.9162		664905.4778		646015.7152		619567.0569		594416.4906		567171.5088		540933.4530		498057.2865		464497.5492		420662.5915		381413.8782		341961.1159		304936.2503		269500.5847		235118.4041		207702.1075		183211.5562		162756.7028		145909.2213		129481.1866		115412.8155		105962.6364		95427.1970		88140.2644		74523.6689		64620.0120		48164.5304		38545.4719		32207.9836		
0.3600		1099384.6616		1062262.4927		1006967.9305		975603.6971		956542.2198		933962.3602		903074.5504		860908.4853		850203.6913		838263.1963		825078.6740		809369.9793		791654.4654		771103.6566		746053.1900		734110.5217		719227.6187		703688.8849		686067.7581		666685.3138		647651.3276		621647.5180		596303.9814		569240.2008		543444.8437		500865.4849		467915.4203		423739.0030		384547.1290		345259.7663		308412.8031		272369.9748		238431.2002		211256.5719		186390.5401		165890.6728		149207.3224		132367.8080		118119.9371		108464.3558		97655.1913		90158.9381		76366.0403		66237.1825		49425.2994		39581.3232		33051.9358		
0.3700		1100726.5104		1063618.6536		1008260.3484		976820.0222		957707.9398		935161.1871		904328.2359		862090.5445		851314.5085		839548.6447		826189.4917		810487.5059		792907.0260		772438.3374		747552.5879		735494.3230		720733.4411		704868.9610		687703.5379		668407.2168		649323.3274		623696.9317		598174.0491		571287.3442		545856.6109		503259.6586		471342.9758		427017.3519		387647.4413		348487.0749		311492.1429		275116.6635		242375.4541		214748.9214		189726.8267		169036.8187		152533.5790		135224.3101		120831.6936		110700.9231		99903.6055		92161.1232		78153.6549		67841.3117		50682.8519		40618.8093		33886.7557		
0.3800		1102027.7313		1064892.5476		1009459.0642		978016.0432		958838.2438		936301.3919		905490.0773		863283.1960		852364.8507		840776.9609		827266.8354		811582.2437		794141.6599		773718.3208		749031.2683		736997.4629		722179.2383		706241.7812		689263.7503		670236.1930		650910.7304		625715.4870		600142.7091		573320.1685		547867.2442		505808.7643		474776.8146		430518.7691		390845.3046		351641.7902		314310.9585		277772.2428		246372.0031		218214.6386		193183.3308		172192.4007		155860.3648		138075.1217		123546.8349		113053.0502		102218.9774		94159.2046		79911.8238		69441.4124		51939.9723		41659.1328		34712.1881		
0.3900		1103347.1550		1066108.2747		1010566.2403		979199.8464		960004.7838		937472.1520		906641.8714		864361.1944		853497.3398		841958.7161		828345.6712		812678.7522		795341.8691		774921.4299		750457.8535		738564.1050		723557.3483		707391.5727		690786.7514		672384.4068		652504.5223		627703.5178		602030.8920		575325.3883		549683.5360		509029.9439		478175.1464		433870.2246		394206.7681		354807.3277		318200.4664		280373.1517		250280.4616		221690.4176		196445.4369		175327.0409		159170.3227		140784.6958		126263.2300		115603.3724		104580.1326		96185.4772		81700.2737		71044.3528		53204.4007		42691.5195		35537.1160		
0.4000		1104639.1137		1067290.0022		1011660.8332		980365.3787		961167.7901		938538.8756		907742.0398		865459.2852		854625.2075		843111.6306		829459.7049		813800.2678		796533.9221		776072.0195		751847.9586		740283.2523		725087.6293		708752.9359		692240.2078		675322.0607		654108.8117		629660.0491		603857.6159		577280.1965		551365.9894		512560.7540		481453.6551		437007.7376		397187.5029		358030.4773		322560.7530		282945.8980		253980.7687		225236.3670		199530.2775		178433.4548		162425.4962		143440.1692		128978.7480		117766.6999		106960.1922		98209.1552		83639.5290		72671.9442		54477.0877		43716.8752		36363.3506		
0.4100		1105787.8503		1068452.4000		1012749.5116		981458.9664		962297.1810		939477.0002		908805.6654		866496.8611		855757.0098		844230.8113		830611.6063		814918.6487		797588.5734		777128.0754		753180.5686		741697.0155		726482.4599		710147.9735		693639.4329		677473.1861		655686.7213		631395.2996		605684.8453		579141.4009		553102.2747		516080.6399		484581.1578		439976.2718		400198.7693		361245.1443		325961.8254		285518.2987		257451.5451		228885.6475		202496.4889		181433.9307		165579.7542		146084.1306		131679.3473		120243.7641		109340.7155		100219.6791		85656.9711		74410.1973		55748.4906		44739.3031		37219.8329		
0.4200		1106928.3085		1069576.6480		1013831.0665		982518.1229		963384.8585		940425.7582		909862.8358		867499.2961		856842.2097		845311.8064		831774.5578		816073.7230		798602.6282		778172.5146		754432.5944		743047.4443		727823.9215		711518.3623		694996.1049		679185.8457		657211.5385		633307.0215		607583.4777		580909.5355		555116.3997		519177.8799		487658.0260		442905.1843		403165.7176		364417.8423		328670.8809		288126.6819		261296.2845		232569.8426		205511.4695		184336.6332		168573.5569		148699.2069		134108.2674		122828.4665		111701.0174		102222.8159		87599.4309		76138.2988		57009.8692		45736.1276		38067.9198		
0.4300		1108045.3323		1070701.2851		1014903.2448		983554.8913		964429.2000		941473.1071		910965.6619		868460.9339		857904.1519		846359.9328		832921.3134		817248.6933		799600.7205		779177.4147		755626.3631		744365.5852		729163.4021		712576.1588		696324.7932		680663.2865		658655.7627		635978.6943		609310.0245		582592.2029		557235.5275		521265.7015		490696.1548		445830.2201		406223.3359		367542.6625		331189.7393		290747.2245		265014.6696		236119.6668		208659.7528		187110.1252		171341.9356		151294.5137		136506.7885		125440.9718		114018.0381		104230.3637		89370.7994		77775.9769		58253.6509		46719.9508		38877.2713		
0.4400		1109147.6573		1071804.0424		1015963.3833		984562.0854		965432.6251		942557.5564		911983.9225		869407.2548		858922.1469		847369.0335		834025.3700		818374.4015		800620.0273		780164.8282		756670.4996		745668.6570		730532.7405		713218.4173		697648.0012		681695.1358		659989.5262		638516.8488		611065.9052		584206.1049		559447.8455		523056.7739		493642.4593		448790.3058		409318.0540		370709.9674		333571.3314		293821.8454		268729.8201		239502.8098		211855.6704		189818.8441		173971.5074		153941.4858		139425.3920		128187.1401		116252.7798		106228.1722		90971.6659		79318.6656		59485.4390		47698.2686		39679.1268		
0.4500		1110242.4504		1072859.2484		1017008.4308		985544.2232		966400.6696		943598.6075		912933.4950		870339.7162		860048.8556		848338.7113		835047.4373		819290.5292		801711.1242		781172.4717		757852.6898		746977.9446		731909.3356		714520.2984		698968.7522		682688.9446		661225.4349		640625.2523		612826.0454		585775.2920		561889.0761		525146.6290		496434.6388		451909.6504		414182.0021		373715.5684		335849.1347		297159.0006		272163.5955		242678.0633		215107.6226		192558.7587		176696.0944		156561.2022		142152.3944		130748.4370		118372.7115		108212.3897		92584.2562		80827.8333		60677.1383		48674.8042		40481.6248		
0.4600		1111335.5058		1073880.9965		1018034.1964		986519.5870		967348.8220		944548.8241		913905.8468		871179.0714		861080.0244		849314.5439		835940.7652		820018.3694		802773.5655		782193.2253		759137.8968		748245.1809		733379.0202		715686.7636		700507.1040		683829.2052		662416.7778		642692.0942		614573.4867		587326.4888		564159.1469		527216.5761		498970.2120		455103.8361		417741.3355		376867.0364		338049.4832		300561.9294		275244.9227		245811.7548		218368.0216		195303.7168		178968.9271		159102.0335		144587.9963		133164.6720		120422.5079		110181.8421		94354.4139		82315.1315		61844.2810		49653.0319		41291.5379		
0.4700		1112368.6612		1074868.6829		1019026.3047		987479.0732		968294.6775		945455.1913		914915.0968		872105.2717		861834.7641		850309.8665		836715.4319		820813.1475		803785.2460		783217.1054		760426.4004		749652.9468		734757.6996		717096.1777		702048.6243		684963.4112		663617.6345		644710.5481		616319.5158		588883.3254		565477.5798		529284.5934		501133.1122		458225.1243		420002.5810		380416.9176		340219.0688		303859.3654		277954.1700		248902.7419		221486.6247		198006.7643		181300.1992		161504.6970		146790.6082		135417.5118		122421.2119		112115.3451		96201.0896		83788.9541		63049.4449		50635.9854		42107.7312		
0.4800		1113347.4357		1075833.0529		1019962.1917		988410.1813		969178.8682		946346.0215		915925.1605		873021.7737		862550.0680		851296.6846		837439.8756		821702.4390		804881.9056		784234.7719		761659.1002		751058.4350		735925.5061		718352.0576		703640.4770		685843.9833		664882.0844		646663.6022		618071.2135		590099.5559		566500.0786		531408.3128		503078.1821		461190.2100		422314.8974		384030.3490		342478.4627		307004.1710		280315.2450		251896.2500		224154.9360		200714.4016		183747.6640		163851.7828		148991.0620		137607.2804		124396.9178		114026.0937		97961.5705		85259.7255		64268.6046		51614.3148		42923.1806		
0.4900		1114324.7196		1076798.3252		1020862.3561		989290.9843		970003.9762		947219.9223		916828.9847		873927.8804		863346.1686		852271.6392		838282.9172		822665.1923		806031.1389		785246.3804		762880.7433		752347.7467		737101.2421		719470.9983		704729.4251		686647.9365		666264.2071		648502.9784		619834.3600		591739.1833		567652.5098		533637.3305		504869.4799		464024.3654		424509.3679		387627.2805		344867.9023		309935.5244		282644.8069		254737.0094		226841.5960		203466.9594		186222.0115		166187.3295		151425.6791		139616.2212		126404.1352		115990.0369		99626.5743		86724.4165		65499.1138		52559.0737		43731.6134		
0.5000		1115275.6505		1077706.7336		1021746.1752		990123.1823		970795.5610		948072.7190		917732.4435		874873.2551		864223.5247		853231.7714		839173.7093		823698.9172		807028.4092		786243.8242		764095.2090		753363.0107		738285.2405		720556.3509		705592.9328		687449.3925		667832.1857		650011.6957		621643.7967		593393.4107		569027.1974		535907.8615		506568.4599		465990.3852		426832.9169		391100.2443		348534.1280		312542.7111		285009.3046		257520.3952		229426.6574		206420.3112		188712.0605		168552.5729		154019.4227		141766.0850		128418.0321		117840.6440		101300.6725		88234.9949		66733.3659		53486.9234		44503.1073		
0.5100		1116199.5900		1078604.9867		1022615.9369		990922.4930		971661.3124		948842.1939		918587.2327		875599.3604		865137.4572		854175.0743		840084.3436		824756.1803		807940.4009		787246.6592		765302.4517		754096.8038		739457.3036		721619.2253		706436.6325		688295.8047		669553.9323		651132.2914		623402.0814		595127.0417		571360.0965		538200.2557		508242.3907		467348.9308		429047.4419		394628.2043		351811.3942		315131.9916		287579.2463		260279.3275		232180.3277		209378.0354		191207.4533		171024.7680		156478.9454		143887.1499		130429.2098		119810.9192		103045.1615		89943.6862		67965.1095		54412.1425		45288.6799		
0.5200		1117127.1450		1079501.2389		1023458.1646		991707.7265		972543.3554		949596.4194		919334.4462		876404.0610		865984.9965		855102.2973		840975.6429		825764.3856		808784.1497		788255.1544		766502.3990		754712.9347		740601.6523		722625.2550		707546.6215		689239.4820		671314.4369		652033.5786		625096.7832		596946.8543		573428.0043		540508.5270		509848.5830		468658.0030		431580.0402		398035.3271		354284.8656		317777.2082		290503.6975		263025.1182		235038.8701		211828.2515		193694.4620		173606.8430		158696.8429		145965.2013		132442.7632		121825.2616		104781.6000		91635.8673		69188.2576		55338.2947		46095.4309		
0.5300		1118048.9573		1080362.7545		1024270.3800		992496.8347		973359.3981		950349.4339		920022.6792		877337.7671		866759.2484		855996.5559		841847.9777		826655.1767		809436.8015		789259.6057		767682.2854		755336.7967		741703.1304		723527.5838		708715.8693		690333.6477		673207.8515		652818.4601		626814.9359		599167.8796		575302.5718		542855.1113		511289.3864		470292.9539		434231.5850		401265.3771		357324.1540		320423.5765		293878.7380		265754.0682		238187.0630		214105.4830		196148.0471		176296.3780		160891.3938		147973.2210		134463.5869		123764.4358		106519.6513		93291.7416		70396.6041		56274.2777		46907.7828		
0.5400		1118939.1910		1081196.1035		1025065.1929		993280.3661		974134.4932		951100.2874		920715.4152		878195.2924		867513.6450		856805.2246		842674.3801		827486.8232		810109.9155		790250.4749		768740.8390		756040.9179		742748.3660		724728.6590		709918.6807		691533.5311		674723.1578		653531.6866		628369.3526		601455.0753		576902.9891		545532.7964		513129.7376		472140.1899		436924.3304		404302.9134		360599.8111		323069.8593		297375.5884		268529.9555		241362.4333		216326.3219		198867.1544		179006.4996		163215.6064		149954.4508		136490.9822		125641.3232		108272.5432		94968.9683		71580.9806		57210.5612		47719.0724		
0.5500		1119754.0937		1082007.0965		1025843.3927		994064.4632		974888.0695		951848.3232		921433.5833		878998.0925		868276.5940		857550.5840		843442.2989		828296.6876		810883.6275		791217.7740		769621.1199		756851.2736		743481.5685		726033.4854		711294.7545		692891.4750		676113.3857		654408.5333		629880.1955		603765.0442		578078.7406		547995.0151		513698.3396		475220.8322		439258.0677		407149.2883		363797.3267		325683.2860		300628.8504		271350.0830		244173.6689		218498.0133		201096.2084		181618.6336		165838.9146		151928.9886		138543.7231		127475.7320		110017.3030		96644.3952		72717.2976		58142.3878		48522.9442		
0.5600		1120555.2599		1082816.7295		1026607.8707		994811.4969		975627.2968		952592.7752		922169.4118		879898.6166		868998.4351		858248.3139		844176.6775		829108.4367		811792.2690		791915.9639		770430.7580		757716.4889		743961.7399		727369.6923		712534.2205		694348.2769		677413.7309		655421.3723		630739.5894		606052.3023		579049.0330		549925.6535		514359.1251		476846.0703		441893.9325		409871.3883		366946.5329		328286.6306		303882.2403		274257.5765		246825.5364		221611.4271		203126.3345		184080.7468		168482.8263		153903.3734		140610.8983		129313.4557		111726.4777		98138.5360		73826.4024		59075.1656		49311.1222		
0.5700		1121398.9227		1083629.6877		1027366.7540		995535.6150		976363.1301		953333.0316		922954.8861		880824.0484		869631.9107		858903.2497		844874.5644		829926.1065		812763.8680		792671.4157		771201.8733		758598.2030		744553.8982		728728.7815		713602.6707		695826.9857		678573.7457		656469.3687		631359.0349		608439.0076		580403.2794		551778.0193		515504.1564		478445.5129		444506.2390		412529.0255		370014.2085		330896.6773		307079.5869		277129.1452		249389.0282		224748.8133		205297.6770		186503.2730		170965.1319		155875.5729		142682.5063		131213.4876		113339.1199		99449.0436		74938.5527		60004.5698		50069.4032		
0.5800		1122237.1009		1084425.7951		1028134.6458		996257.3924		977091.8265		954069.7642		923829.5313		881737.3930		870246.5198		859523.9944		845559.2696		830852.5622		813757.0564		793570.7873		771920.0891		759460.2218		745334.1665		730270.1069		714377.8005		697350.0215		679305.1494		657541.0919		631990.0885		610688.2767		581748.2694		553574.8808		517257.6378		480497.9547		447039.3062		414678.7701		372937.5096		333532.3105		310252.4802		279733.3256		251873.3521		227726.2593		207532.8988		188853.8358		172865.2927		157860.9065		144753.0592		133022.6913		114828.5590		100871.2675		76094.0695		60926.0563		50815.1117		
0.5900		1123008.9179		1085198.3805		1028903.4593		996976.7785		977797.9766		954807.1938		924605.4952		882615.1315		870919.1852		860134.2973		846239.3118		831779.6976		814749.3080		794485.0336		772478.2018		760274.9216		746006.3599		731892.6986		715132.7731		698904.0674		680058.2017		658626.2206		632940.9924		612709.8357		583151.2788		555326.1848		519306.1246		482652.9523		449046.1849		416639.0352		375075.3833		336289.0173		313368.4821		282228.3193		254207.2587		230579.6856		209903.4715		191182.5849		174701.2258		159925.5101		146813.8265		134807.3545		116306.3411		102357.3521		77302.1513		61843.2632		51559.2759		
0.6000		1123769.8602		1085949.7994		1029672.9484		997692.2377		978495.7760		955545.2506		925326.0070		883410.4619		871607.8770		860747.6315		846939.9570		832639.0773		815735.1280		795417.6374		773042.2140		760936.9605		746696.5149		733340.3013		715989.5630		700101.8358		680866.9918		659714.2570		633894.0973		614653.3565		584518.6669		557034.0041		521573.4041		484842.8270		450714.1216		418755.2185		376966.8543		339243.9685		316416.4050		284673.4751		256638.6048		233164.5014		212452.7763		193487.7297		176704.4850		162081.6929		148861.1601		136630.0238		117792.0588		103865.1063		78532.5363		62757.4114		52333.5018		
0.6100		1124522.2534		1086659.0651		1030381.4069		998401.8046		979167.1338		956282.9229		926000.1991		884155.9670		872269.5725		861378.4886		847649.1971		833488.7055		816623.9662		796370.9399		773689.2711		761442.6725		747505.6425		734544.1590		716873.5884		701323.4964		681647.3350		660794.4611		635030.4024		616515.2636		585759.1188		558806.2953		523841.1076		487017.7027		452960.8415		420952.1432		379765.4076		342109.7582		319329.1683		287102.4906		259635.5722		235568.1195		215204.2462		195718.1287		178754.0363		164228.8839		150899.8534		138473.6005		119253.0294		105359.5873		79775.9071		63669.5878		53146.9413		
0.6200		1125265.9648		1087338.6178		1031084.7340		999096.4976		979784.3569		957019.2033		926713.1860		884820.6995		872925.3722		862058.6399		848334.9504		834324.1948		817430.1572		797342.9428		774380.2359		762008.7253		748769.2911		735687.5298		717779.5844		702687.8372		682411.4210		661854.9660		636375.0012		618269.2514		587006.3468		560769.3719		526066.6752		489131.6087		455413.4625		423180.6254		382068.7264		344985.6912		321821.3433		289549.4172		262508.8236		237920.4294		217968.4391		197837.8070		180821.2392		166292.7645		152930.1157		140321.8794		120798.9778		106833.7125		81024.3041		64580.9450		53932.0404		
0.6300		1125993.9352		1088025.2164		1031774.9248		999720.2579		980441.9910		957753.0623		927404.2727		885354.2688		873588.5652		862930.5451		848953.0711		835127.3982		818159.6747		798403.5493		775117.0156		762803.0444		750061.6202		736789.5646		718699.4180		704188.1707		683167.0429		662785.2901		637881.2466		619911.1018		588380.1607		562517.5431		528451.4154		491123.6672		457946.9524		425422.9638		384168.0958		347864.5648		324135.6412		292075.6990		265068.9281		240311.3356		220577.6280		199851.6319		182892.2506		168257.1963		154879.5712		142178.0761		122391.5808		108390.9118		82268.7994		65492.4519		54689.6780		
0.6400		1126698.7726		1088713.0473		1032443.5163		1000374.2696		981095.7008		958483.3535		928076.3261		886040.0314		874275.1791		863562.6926		849517.2830		835950.4462		818842.1888		799515.3457		775898.0446		764068.1694		751424.5789		737859.7705		719621.1537		705592.7854		683922.2539		663411.6821		639478.5302		621330.0720		590219.2628		564204.2719		530896.9395		492909.8884		460448.8405		427908.0947		386309.5164		350847.7895		326119.9531		294764.5278		267457.6910		242711.7029		222696.8824		201622.6104		184953.4049		170183.3816		156676.1288		144074.4948		123939.8476		110037.6501		83487.8181		66401.2447		55426.6259		
0.6500		1127398.2175		1089406.9664		1033093.3561		1001049.0488		981732.1844		959208.5393		928745.4162		886815.9144		874978.6342		864000.4509		850067.1190		836563.3192		819491.6761		800539.3583		776709.3277		764769.9408		752948.9624		738920.7690		720979.8839		706780.7755		684678.6129		664806.3630		641086.9266		622259.2286		592401.4787		565814.2929		533384.1902		494607.5309		462692.0052		430190.0969		388624.7163		353754.4357		328168.9792		297099.7354		269756.2901		245064.0361		224506.7650		203162.6516		186990.7614		172134.5904		158706.0853		145991.7708		125466.2239		111681.2864		84640.4538		67308.1123		56156.6044		
0.6600		1128094.7336		1090109.0232		1033735.6244		1001714.4701		982355.7832		959925.7555		929411.1830		887614.8407		875711.3043		864403.5467		850641.1781		837124.7291		820134.7554		801579.8737		777541.7625		765818.4441		754377.1179		739968.1219		722206.0428		707686.6475		685430.4072		666225.1280		642629.4988		622974.1303		594654.8184		567768.0977		535825.3311		496254.1290		464351.1155		432502.3331		391127.4936		356423.1900		330195.8428		298962.3586		272104.2907		247527.5028		226467.2767		205088.0897		188997.4027		174175.9720		160826.4107		147773.7235		127119.7977		113399.3934		85778.9116		68214.4406		56881.0256		
0.6700		1128791.4721		1090785.9685		1034366.4770		1002367.0482		982964.2555		960622.2519		930072.5132		888410.9615		876488.1511		864971.1583		851360.8025		837681.2002		820790.5510		802147.2050		778385.3611		767290.0687		755105.0747		741003.3703		723391.8719		708426.5580		686203.2316		667569.5562		644207.8396		623681.0548		596827.3858		570343.9083		537919.2645		497969.6301		467203.4542		434717.3946		393669.5383		359060.3332		332168.0023		301186.0173		274468.4053		249703.5195		229280.3277		207212.5960		190980.3381		176160.1605		162894.8306		149535.3511		128786.2072		114895.5222		86899.3640		69121.5994		57603.3880		
0.6800		1129447.9511		1091443.6270		1034992.8075		1003010.7800		983565.1070		961290.3918		930699.9650		889169.0585		877355.4520		865665.4958		851987.4367		838323.0928		821479.9947		802630.0002		779228.9756		768761.9161		755838.4736		741948.6850		724575.6670		709402.8536		687022.3160		668885.4891		645779.0632		624625.4830		598742.3895		573395.5077		539918.0403		499827.4227		469578.0977		436818.7666		396246.7344		361609.5301		334043.6962		303616.7135		276829.4839		252161.0749		231232.3038		209168.2217		192942.1899		177998.4490		164947.2984		151339.6766		130424.6488		116006.1785		88010.0787		70031.0102		58327.2420		
0.6900		1130057.4778		1092067.3687		1035619.0246		1003626.6843		984147.2422		961914.3486		931314.6524		889832.2239		878260.7444		866401.8144		852546.1068		839058.8191		822291.0872		803116.6019		780048.6951		769881.5743		756672.2493		742695.6894		725766.2348		710414.3564		687829.8617		670162.2118		647320.6611		626090.6314		600058.3386		574549.1476		541824.7215		501461.6399		471951.3224		438636.7624		398851.3328		364134.0373		335961.7734		306129.8347		279184.3392		254577.2349		233123.7845		211135.5349		194891.8880		179772.0091		167327.1816		153202.3711		132062.6126		117399.7342		89076.7484		70944.9760		59046.7674		
0.7000		1130663.7564		1092668.0291		1036219.1837		1004208.9914		984683.7523		962493.5831		931896.5087		890439.1035		879121.1877		867143.1656		853107.6628		839808.0050		823134.9801		803682.0502		780889.0583		770826.7525		757575.3176		743633.2741		726888.5287		711346.8036		688645.9280		671387.9692		648803.6521		627973.4572		601400.4096		575543.1793		543753.0573		504377.0270		474265.2466		440820.9007		401462.2537		366624.6859		338174.1997		308697.2202		281527.8226		256809.7896		234968.6879		213151.5817		196834.8158		181532.2649		169573.3679		155020.8806		133684.6816		118918.5626		90120.4523		71874.4308		59763.7168		
0.7100		1131280.1359		1093257.1006		1036753.9936		1004786.9877		985210.1386		962945.7782		932439.9736		891020.8536		879838.7996		867832.9334		853613.8934		840552.8308		823890.5890		804264.6488		781552.2165		771712.0517		758506.9097		744570.1735		727761.6915		712289.3317		689557.9934		672532.0169		650402.9744		629426.8543		602658.5875		576743.4813		545722.1517		506545.4006		476491.2803		443117.0161		404135.4574		369083.7558		340700.7872		311348.9719		283854.9434		259032.7632		236786.5638		215225.6078		198822.3625		183296.1539		171439.2142		156739.2252		135278.0695		120449.2581		91178.0462		72808.1009		60495.8971		
0.7200		1131902.5911		1093866.8052		1037253.5757		1005375.4010		985741.2114		963538.8990		932984.8667		891588.6633		880492.5704		868395.5660		854121.7013		841293.1939		824694.5432		804871.3036		782483.8355		772593.2108		759380.5913		745505.5461		728570.6998		713231.7907		690163.8290		673815.4641		651502.1400		630663.6440		603902.7229		577955.2913		547633.0842		508633.5594		478193.1242		445400.3420		407036.2512		371520.4662		343336.7917		313779.4081		286160.7612		261217.7064		238596.6790		217327.1829		200717.8234		185095.7173		173009.4591		158218.3413		136841.9862		121944.6439		92202.4159		73745.2607		61260.3727		
0.7300		1132512.2548		1094439.2270		1037784.5540		1005927.0944		986285.6804		964162.8643		933534.9941		892151.9588		881090.2839		868722.3491		854676.6140		841960.4352		825334.6558		805519.2241		783574.3728		773420.7301		760155.7571		746442.3216		729364.6868		714164.2867		690444.1939		675118.9711		652598.5239		631856.0728		605149.6801		579051.6565		549321.1197		510618.1086		480237.1993		447587.8446		409304.0216		373926.3658		345967.0954		316066.3730		288440.1655		263344.5838		240423.8867		219438.2240		202572.9116		187038.3605		174653.8364		159806.6658		138399.9199		123365.9557		93177.6611		74696.2793		62038.2641		
0.7400		1133093.2693		1095004.3442		1038332.9818		1006481.0981		986827.5302		964673.0420		934133.9763		892711.5160		881677.5991		869085.0138		855407.6557		842545.7151		825948.3594		806234.8241		784397.6309		774393.0142		760892.0218		747387.6160		730146.6617		715081.9091		691994.5244		676428.5123		653648.2983		633007.2678		606398.8569		580275.2012		551015.4669		512288.9857		482314.5376		449702.4676		411519.6787		376293.0959		348491.2227		318333.6804		290687.1389		265270.7649		242357.7193		221545.2890		204438.2944		188961.4011		176320.0030		161331.5096		139911.5740		124603.1096		94185.6255		75582.2903		62812.0505		
0.7500		1133680.1154		1095564.9340		1038895.6035		1007033.6097		987372.9130		965127.5000		934630.4889		893241.7380		882278.8304		869590.9599		856156.5875		843048.5584		826550.5902		807022.2329		784976.4813		775423.7562		761679.7942		748356.5056		730922.3284		715979.5157		693309.7743		677732.4600		654655.9900		634113.0601		608498.2224		581690.2062		552721.4430		513838.1741		484297.2816		451733.2981		413714.6408		378681.0439		350883.3488		320596.6180		292867.0580		267249.0159		244408.9999		223635.2466		206337.9181		190781.8321		177986.7073		162883.9909		141383.9711		125699.3850		95194.0358		76367.8430		63566.2796		
0.7600		1134282.8193		1096125.4015		1039462.2402		1007664.2571		987918.9574		965559.9674		935052.8950		893759.0286		882860.3037		870142.0766		856904.9078		843612.2835		827150.0909		807837.6018		785573.7754		776399.2007		762650.9350		749387.8682		731699.9663		716852.5647		694672.0368		679019.0947		655672.6198		635192.1194		609862.4389		583164.7835		554374.0568		515784.7077		486137.8052		453553.2708		415887.6356		381047.2018		353229.0771		322859.9670		294873.7815		269228.6257		246765.4585		225676.0315		208256.0625		192553.5856		179652.0708		164700.3570		142820.3450		126830.1632		96202.0859		77170.5286		64286.0166		
0.7700		1134887.2769		1096706.4527		1040054.1200		1008181.2016		988425.8361		965972.6820		935475.0700		894282.7542		883446.1769		870684.0426		857660.7941		844259.4041		827724.7312		808669.1608		786301.8751		776911.6458		763647.5984		750512.6696		732548.7511		717441.0483		696034.4042		680274.8081		656716.1434		636397.5826		611106.9021		584721.6227		556014.6290		517592.5822		487792.8627		455134.0172		418042.1970		383402.6091		355533.0475		325125.9979		296642.7782		271180.8353		249165.3967		227764.2969		210177.5302		194296.9435		181319.2982		166577.3452		144242.7708		128134.9279		97211.6265		77961.2163		64975.9284		
0.7800		1135428.9817		1097248.0646		1040605.6766		1008627.6478		988883.3090		966480.5295		935923.6919		894804.7424		884043.5369		871255.6902		858398.3057		844942.3448		828271.4693		809508.2689		787237.9499		777417.1650		764608.7062		751760.2993		733295.6192		718294.4326		697362.3177		681202.3122		657677.8359		637731.4673		612269.2009		586392.5287		557660.1480		519550.2059		489258.1281		456574.5330		420191.5486		385761.8166		357805.4305		327397.3670		298305.3005		273106.6276		251541.2085		229827.0143		212087.0081		196014.0969		182995.0654		168452.8604		145656.8191		129518.8206		98225.7475		78836.7568		65658.7618		
0.7900		1135980.2766		1097782.5197		1041103.1181		1009110.7718		989362.1705		966990.6278		936375.0504		895319.2562		884637.8169		871850.2646		859090.9907		845651.3652		828800.1148		810345.8901		787782.9910		777888.6262		765520.0503		753014.4971		734052.1848		719157.4327		698566.3860		682580.6924		658530.8227		639087.7434		613509.9605		588660.5189		559332.4741		523227.0871		490616.1216		457791.5963		422380.0529		388132.4547		360055.0364		329677.2929		300054.9081		275017.7623		253798.2643		231840.7714		213958.1613		197701.9732		184653.3950		170305.5229		147068.9035		130929.4751		99245.9795		79760.3294		66334.4023		
0.8000		1136517.7853		1098311.8235		1041591.7874		1009596.8562		989866.1266		967504.6985		936829.3890		895824.9350		885295.3759		872475.9736		859763.6518		846375.2782		829322.5151		811167.1510		788241.8114		778410.4002		766302.5481		754212.7924		734975.6676		720039.1992		699662.3614		683970.4233		659571.4088		640087.0059		615018.6853		590779.7017		561078.0585		525963.5280		491940.0168		459027.0038		424691.4730		390522.1260		362288.9123		331791.1544		301884.4860		276819.2042		255605.3398		233770.8861		215785.8502		199340.1929		186297.5298		172111.8475		148457.3821		132337.9008		100268.1020		80697.8748		67050.1909		
0.8100		1137029.5921		1098839.5621		1042085.1310		1010111.8947		990423.0617		968024.1996		937288.8367		896220.5129		885745.9700		873180.8328		860381.7580		847221.5572		829854.5823		811927.3254		788821.5429		779046.7718		766983.6681		755328.8377		735740.6296		720945.2141		700782.5941		684795.1762		660662.2630		641067.9423		616985.9847		592918.4203		563231.8314		528314.9926		493303.0320		460726.6718		426812.0204		392938.6495		364514.8865		333933.9605		303768.7325		278458.7082		257395.3445		235492.2200		217597.4668		200968.7167		187913.7113		173836.9312		149818.8912		133716.3760		101291.5911		81626.6380		67768.2660		
0.8200		1137521.5949		1099326.8428		1042586.3077		1010641.8921		991035.4155		968550.7236		937753.7109		896679.1998		886101.6148		873763.1347		860989.2603		847990.3815		830372.0923		812656.8808		789629.7321		780099.3504		767806.7586		756289.4104		736474.8720		721867.8671		701932.6526		685562.6814		661839.2922		642233.4360		618924.0719		595048.9301		565398.1169		530530.0307		494805.1851		462555.5163		430269.6500		395390.9988		366755.9388		336114.2247		305690.1108		280072.5053		259251.2376		237019.0352		219286.5062		202780.8543		189512.6989		175419.4839		151183.1130		135037.9957		102317.6963		82524.2386		68472.4413		
0.8300		1138009.5208		1099818.6909		1043075.5935		1011152.6308		991633.1593		969109.1835		938223.8335		897193.8288		886435.2871		874396.9629		861583.6766		848580.7598		830923.4529		813398.6193		790580.4328		781020.5061		768744.0630		756905.1134		737137.1610		722844.4999		703073.2912		686334.4882		663032.0190		643818.6981		620644.9476		597117.3875		567000.6577		532600.3825		497010.3852		464431.6855		433581.0911		397933.5865		368716.7688		338307.6736		307522.3363		281806.3738		261159.0574		238588.9132		221363.2110		204767.7839		191105.5481		176883.0377		152554.5201		136263.6127		103348.4156		83398.5649		69171.5219		
0.8400		1138508.1098		1100312.4477		1043549.5230		1011641.4448		992155.1535		969649.0681		938699.1444		897645.0801		886853.0863		875084.9104		862174.0796		849075.1347		831534.5770		814148.0135		791581.1863		781997.2730		769501.6588		757309.9600		737781.8931		723965.2008		704227.2055		687147.9915		664317.0871		645525.8673		622175.8627		599020.1311		568529.6296		534381.9042		499125.2231		466343.2718		435814.8395		400526.9502		370697.0732		340489.5537		309370.5292		283953.4121		263093.0558		240349.6907		223554.6269		206907.4704		192709.5484		178289.1008		153952.3011		137404.0691		104383.6321		84263.0089		69836.5013		
0.8500		1139005.8805		1100799.0366		1044020.2389		1012126.7959		992644.2550		970154.8207		939188.1890		897929.2046		887431.9298		875755.1893		862757.4284		849492.6785		832127.5370		814896.2178		792344.6002		782987.5508		769578.9556		757706.9766		738512.1759		725087.2751		705365.8814		688039.7739		665557.2371		646331.9417		623693.5345		600800.5376		569993.5028		536141.2671		501142.2060		468273.0869		437380.8007		402959.9678		372661.1292		342622.7180		311250.5946		286722.3285		265049.5424		242182.8026		225516.9656		208857.4040		194324.7155		179682.9326		155400.1067		138511.1967		105421.6405		85118.3873		70495.8262		
0.8600		1139515.9708		1101291.8903		1044488.0379		1012606.4828		993119.7292		970669.4403		939683.2916		898542.1350		888118.7726		876267.0536		863310.2398		849908.5728		832703.5668		815613.5861		793104.4831		783935.4442		770017.9901		758130.9684		739459.4461		726247.0236		706431.5594		689078.3983		666833.4129		647394.4801		625312.9235		602445.7295		571401.5547		537907.0554		503246.0317		470200.1264		439468.4299		405448.7073		374343.9357		344701.4678		313264.4982		289190.6803		267023.1048		244067.5577		227524.6548		210563.6877		195955.6687		181072.3273		156968.8768		139657.6952		106460.5808		85965.3055		71190.6731		
0.8700		1140011.7477		1101781.6657		1044953.1147		1013082.4698		993584.6626		971172.6850		940178.2078		899191.4117		888834.0562		876792.4476		863829.0077		850362.6101		833282.5673		816305.1811		793712.4290		784765.7287		770522.1187		758759.8677		740436.7787		727487.0975		707280.5530		690274.6273		668155.0717		648793.6185		627017.7324		603653.3364		572763.4588		539485.0916		505411.0481		472090.7413		441406.2468		407948.8971		375830.6779		346674.8443		315371.0600		291355.4624		269014.4549		245984.3230		229238.2681		212148.4953		197611.1892		182485.1374		158590.5174		140961.0502		107498.4776		86804.7224		71903.6617		
0.8800		1140505.8177		1102263.4996		1045413.5607		1013556.1123		994042.1393		971669.2193		940664.6986		899768.6642		889501.7194		877347.2613		864393.1444		850913.1152		834009.2669		816902.7268		794260.1419		785489.6877		771044.0937		759591.1943		741429.2355		728598.7986		708318.3741		691556.9709		669499.4040		650327.1316		628601.1034		606433.6253		574095.2812		540944.4011		508062.4603		473831.7784		443336.1124		410447.4496		377235.6974		348519.6743		317490.1013		293451.4321		271106.9765		247917.8301		230725.1002		213696.0438		199433.9951		184131.0135		160166.9353		142326.4987		108532.7546		87639.4087		72603.8392		
0.8900		1140992.2498		1102736.5364		1045868.4560		1014029.0895		994495.3217		972124.4994		941077.5008		900326.2100		890131.0588		877917.1094		864868.3495		851486.3017		834619.9719		817488.2801		795117.9500		786121.4029		771565.7409		760512.6052		742421.3588		729346.3164		709118.8687		692850.2352		671104.7837		652013.9209		630080.8096		607841.3718		575387.3907		542599.7736		509905.9215		475548.4299		445184.5972		412936.2562		378648.7545		350266.6134		319515.4150		295367.8728		273224.1501		249865.3530		232169.5890		215285.1556		201003.9201		185901.8252		161511.3749		143700.7689		109555.1293		88477.7339		73317.2426		
0.9000		1141467.6809		1103204.6563		1046318.9698		1014496.7031		994945.2951		972537.7362		941383.1154		900885.6485		890599.8172		878487.4949		865345.4256		852010.8291		835209.0388		818050.0426		796020.4103		786697.8390		772080.2809		761118.4660		743384.5238		729685.5085		710185.9967		694081.0610		672185.5278		653725.9849		631310.6512		608762.8507		576654.7369		544397.6208		511714.5733		477228.1732		446994.0037		415408.6653		380169.6593		351950.8287		322319.1155		296994.8368		275253.2171		251733.0393		233729.6573		216881.0674		202588.2202		187543.7593		162955.1792		145070.1165		110556.7072		89365.5403		74065.6307		
0.9100		1141931.7600		1103657.6343		1046766.8789		1014963.8642		995377.4698		972939.7178		941766.1331		901439.9101		891043.9621		879018.9753		865879.4372		852537.8692		835824.3739		818703.7852		796916.4574		787374.4791		772579.4931		761380.0786		744116.9815		730193.4890		711430.9654		695135.1381		673214.6882		654990.5090		632566.0686		609540.5523		577894.2253		546308.7282		513623.6016		478906.6309		448712.4016		417858.6437		381930.6373		353629.7663		324494.0767		298661.6898		277138.3834		253356.7469		235676.9822		218465.9317		204162.4860		189080.7766		164426.9402		146427.2395		111560.3816		90178.1494		74776.3489		
0.9200		1142384.6900		1104102.9297		1047217.6754		1015430.7368		995794.7614		973383.4127		942205.8924		901989.4511		891427.1554		879516.6077		866414.2851		853069.2557		836435.2377		819238.4416		797819.7514		788062.4564		773047.2375		761559.0837		744995.3774		731064.5839		712755.1094		695952.0921		674249.3927		656172.9799		634187.3864		610495.2848		579116.9930		548109.3312		515520.7250		480625.1891		450279.1984		420280.2233		383906.4545		355376.2779		326612.6885		300516.9066		278801.5016		254931.9017		237590.7613		220047.8161		205705.1563		190578.9715		165889.5421		147790.2506		112580.9581		90956.7379		75444.8071		
0.9300		1142827.0067		1104543.1730		1047670.3748		1015897.6540		996203.8979		973803.6316		942653.2052		902537.6688		891844.5995		879905.5132		867014.5990		853604.7080		837043.4689		819656.0986		798882.0479		788748.7526		773396.0541		761757.8921		745874.5790		732191.9958		714090.2124		696843.8957		675301.5063		657383.3838		636132.4537		611667.7999		580334.0249		549596.7500		517105.2454		482297.5277		451751.3433		422600.3325		385909.4140		357199.5578		328674.4822		302476.9098		280743.2642		256561.2595		239367.0641		221633.8516		207194.6964		192060.8405		167312.8770		149150.7263		113606.0645		91750.8670		76121.0683		
0.9400		1143275.0868		1104977.9918		1048120.2657		1016377.6107		996611.6457		974181.2999		943149.2415		903004.7854		892154.3363		880274.7747		867582.8328		854143.1361		837649.8337		820220.7501		799754.3498		789475.3503		773725.0723		762126.6560		746607.2960		733382.0064		715373.2535		698000.2178		676373.0836		658518.4895		636788.9681		612819.4033		581558.5213		551052.7179		518574.6942		484235.3940		453168.5869		424645.9053		388020.4587		359343.3617		330666.7728		304593.7908		282711.1822		258316.7373		241051.5369		223231.4725		208549.4433		193547.4692		168667.7905		150462.3075		114631.3211		92571.4188		76796.4216		
0.9500		1143718.3722		1105406.9115		1048528.4423		1016783.9599		997025.2608		974535.2657		943684.4088		903508.2006		892472.0454		880713.8168		868009.9286		854679.4534		838254.7787		820893.8871		800504.0374		790195.7042		774090.2519		762071.7006		747123.7011		734577.0336		716540.3641		698649.6687		677459.8111		659579.3257		637193.0887		613913.8008		582725.8710		552486.2104		519993.4072		486532.5585		454552.9326		426303.4573		390157.3057		361504.8582		332622.8505		306692.1663		284657.8892		260143.1419		242692.9107		224850.7855		209830.3124		195065.6743		169985.6369		151762.9512		115656.6482		93386.3931		77466.3550		
0.9600		1144143.0956		1105833.2662		1048943.9392		1017182.0201		997453.7999		974887.6152		944141.1672		903990.0191		892907.9790		881156.1420		868326.9070		855221.7504		838858.7345		821611.0211		801178.8398		790642.7090		774595.0170		762249.1317		747709.6834		735577.0775		717525.7303		699125.0448		678918.4365		660659.2920		637792.8760		615000.5704		584193.3514		553905.7797		521667.5752		488098.8387		455916.7807		428314.7849		392228.2628		363484.9105		334562.4716		308762.7883		286580.7790		262015.0077		244304.7974		226627.0235		211171.8366		196638.7868		171298.4698		153042.9656		116681.8129		94278.4303		78172.9443		
0.9700		1144553.1697		1106251.4577		1049341.0304		1017550.6687		997844.2999		975261.9427		944594.1074		904460.4003		893350.4148		881693.9683		868640.2439		855785.0069		839462.2380		822344.1584		801823.3351		790858.2298		775321.6890		762669.4970		748462.9529		736353.4079		718401.2265		699915.1822		680241.6589		661731.8821		638667.9246		616104.2371		585763.7913		555314.8252		523241.3250		489362.3796		457263.5314		430566.1010		394254.7186		365171.7876		336504.6091		310847.7748		288455.6840		263919.5080		245900.0739		228403.1527		212609.1530		198227.3878		172605.8180		154299.8418		117657.8956		95202.1246		78812.7085		
0.9800		1144949.2435		1106663.5911		1049751.9584		1017936.6920		998211.4237		975648.0643		945061.5976		904905.5040		893822.3443		882023.5496		869029.5726		856389.9631		840065.9038		823046.5108		802435.7406		791570.2971		776215.8700		763275.5649		749323.0037		737091.5386		719225.7955		700941.3080		681562.0485		662677.1837		639553.5703		617195.5302		587541.9008		556710.2460		525064.0519		490767.8443		458619.1685		432979.2216		396219.9400		367048.0549		338469.1921		312828.6761		290038.3818		265843.4683		247491.4229		229863.2982		214061.1605		199827.7318		173919.7433		155541.9289		118729.7425		96136.5515		79483.6064		
0.9900		1145340.2596		1107069.7145		1050141.1773		1018330.9152		998572.7278		976043.6064		945505.4160		905360.4967		894242.8792		882344.2851		869558.2920		856923.9469		840665.5825		823703.6172		802908.8874		792191.1652		777183.5306		763975.5687		750211.1043		737843.4936		720021.4818		702036.9004		682879.4862		663687.3450		640460.6430		618272.5446		589218.3451		558146.3661		527418.7257		492222.8333		460198.9981		434341.6630		398039.0760		368937.7290		340297.5364		314798.8721		291689.4406		267772.4916		249091.3433		231050.9411		215522.1011		201427.6818		175281.1539		156771.9727		119809.3748		97056.3324		80165.5279		
1.0000		1145748.9289		1107472.0269		1050535.5422		1018754.2534		998939.0479		976490.4748		945917.8104		905821.3749		894590.5514		882753.3757		870278.8563		857449.2630		841274.7593		824375.7980		803644.4761		792747.0662		778118.6000		764698.6274		751103.6453		738527.1332		720803.3845		703175.9550		684185.7879		664856.9433		641400.9959		619343.6638		590543.3958		559381.5208		529209.8120		493663.2860		462664.7875		435499.0049		399532.0524		370844.1020		342430.6125		316782.2492		293538.1706		269683.9863		250712.0741		232812.3973		217021.6982		203005.9529		176687.1889		157981.1546		120892.6447		97863.6768		80851.8427		
1.0100		1146191.2433		1107870.6895		1050938.0613		1019149.7541		999332.2154		976845.9118		946309.6835		906500.7333		894973.7631		883269.7476		871099.0081		857971.5523		841953.4853		825114.2241		804325.3234		793289.4447		778901.5560		765374.5314		751970.2330		738893.7394		721582.2659		704311.2720		685466.8643		666165.4957		642498.7097		620416.9053		591783.8611		560882.5057		532905.4445		495161.2800		465345.8911		436743.0582		400430.7907		372751.0673		344596.3199		318621.1713		295093.0733		271591.4543		252365.6194		234737.5266		218628.6059		204575.2956		178041.3443		159168.7182		121974.7117		98603.5062		81540.2605		
1.0200		1146579.9513		1108252.4717		1051304.5462		1019515.6715		999740.4369		977202.0982		946715.3003		907003.6262		895415.2682		883843.9470		871808.1517		858494.3738		842586.8103		825884.3585		804962.0014		793830.6060		779550.9763		765953.4630		752984.1968		739070.3822		722369.5845		705423.4003		686699.0577		667509.8552		643612.9806		621477.6865		593126.3787		562407.9702		535962.1390		497029.4657		467962.1906		438158.5984		401962.7486		374637.7796		346567.7141		320376.8040		296537.2715		273556.9258		254085.3396		236653.4852		220278.5404		206245.6381		179379.6678		160351.0378		123049.0883		99339.4972		82230.1970		
1.0300		1146908.8150		1108621.3366		1051664.8937		1019898.5049		1000152.0352		977555.0578		947143.9136		907223.3865		895863.9273		884450.6190		872377.7894		859060.6792		843180.8473		826574.6847		805602.2726		794388.7371		780139.1412		766634.8298		754056.8661		739734.5915		723178.9370		706580.8329		687852.4344		668857.8928		644762.0812		622524.0918		594674.9399		563936.3741		538593.7200		498896.5236		470133.6579		439589.7693		404776.1099		376470.1612		348615.6431		322222.7538		297966.5254		275493.6808		255857.0249		238514.5364		221949.9370		208169.4116		180750.2818		161515.3178		124090.0187		100170.6492		82922.0860		
1.0400		1147262.1931		1108985.2184		1052021.5931		1020286.2908		1000566.0131		977905.3015		947572.7448		907446.6783		896318.8123		885075.3444		872940.4900		859599.5572		843769.8839		827027.7337		806247.4723		795111.6421		780751.6850		767440.6201		754938.8082		740417.8818		724029.1728		707747.0389		688924.0466		670191.3589		645928.0922		623601.2791		596475.1278		565448.8961		541144.5738		500680.8180		472181.8094		441036.9474		408170.2087		378088.1206		350586.0144		324251.8651		299471.0127		277412.2447		257656.7532		240361.8192		223644.9592		210327.0050		182036.1913		162665.3447		125076.5622		101032.4977		83622.6051		
1.0500		1147601.7374		1109348.2707		1052389.2099		1020670.8257		1000995.0018		978253.0827		948000.5176		907806.6066		896779.0620		885704.0820		873502.4861		860049.9102		844346.7314		827234.4784		806893.5108		795898.0994		781506.5176		768268.5143		755716.4118		741110.8557		724961.0098		708900.6189		689681.3435		671559.0917		647095.2444		624865.9259		598417.0238		566912.7768		543580.6132		502520.8904		473886.9001		442499.6397		411647.8319		379505.3374		352348.9490		326085.7484		301003.6557		279311.9033		259464.2540		242216.5656		225337.5705		212518.2889		183541.8245		163718.5513		126143.3108		101888.5690		84322.3177		
1.0600		1147946.7882		1109709.1380		1052747.5476		1021060.0452		1001366.6411		978601.7595		948425.8442		908229.8741		897243.8873		886322.3782		873961.8368		860509.4798		844887.0970		827617.9793		807551.8154		796552.1896		782344.7521		769079.1680		756371.6646		741803.3162		725881.9928		709750.7966		690265.1284		672927.4205		648245.2383		626248.1821		600118.3569		568071.5413		545720.1390		504367.3009		475372.1579		443977.0979		414803.1283		381014.0287		354110.7783		327689.7491		303288.4219		281187.8933		261275.7098		243945.9694		227032.1816		214352.7176		184996.0590		164856.4567		127094.4866		102749.6700		85014.2925		
1.0700		1148297.9229		1110067.3990		1053079.4932		1021419.6236		1001716.5628		978945.9861		948839.6386		908704.0350		897712.0178		886912.8460		874283.1499		860963.1019		845414.0667		828237.4806		808218.2569		797192.6898		783209.1308		769753.3623		757006.5205		742505.2084		726789.0619		710680.2149		690937.0044		674258.8730		649392.8246		627708.3432		601834.2289		569659.6349		547686.8342		506217.6864		478104.3616		445468.4779		417705.5295		382578.7963		355867.2518		329243.0220		305187.2222		283033.1016		263179.4725		245749.0440		228692.6654		215791.4598		186319.3910		166123.0130		127965.6326		103622.9306		85689.4950		
1.0800		1148646.8095		1110420.9051		1053400.0867		1021734.3424		1002069.9718		979272.9490		949226.9582		909151.4046		898180.9762		887446.5601		874578.6408		861406.7906		845931.5632		828936.7185		808852.3430		797796.5537		784059.3821		770321.0075		757669.8704		743228.6729		727637.9507		711587.4289		691645.8702		675454.4256		650528.0643		628431.0055		603512.7191		571310.6485		549581.3712		508052.8912		480734.8453		446972.4318		419874.7980		384668.0067		357614.1022		330995.3425		307047.5334		285000.8005		264928.7796		247515.5198		230273.2909		217130.1810		187612.4916		167441.6996		128848.7046		104501.9250		86347.5412		
1.0900		1148991.3397		1110759.8759		1053724.8657		1022007.5771		1002425.7938		979576.4278		949577.4769		909498.3692		898681.1114		887908.0243		874964.1820		861840.4907		846440.4784		829586.0830		809288.9294		798340.2322		784894.9833		770884.6755		758440.2216		743990.0072		728436.4896		712530.8364		692549.4197		676238.1877		651689.3667		629340.8018		605137.4449		573003.9484		551445.8014		509869.2785		482761.9985		448427.0410		421576.5026		386755.2251		359347.1134		332530.9373		308892.3699		286874.7770		266473.1928		249278.4727		231804.7693		218389.4548		188888.2582		168769.6009		129869.9127		105298.2559		87007.1539		
1.1000		1149314.0548		1111078.7841		1054040.5227		1022319.9004		1002775.9283		979944.5715		949936.0715		909836.5911		899199.2102		888320.0107		875495.5291		862272.2639		846842.9811		830055.4369		809736.3966		798765.6950		785802.6596		771431.2949		759210.6919		744820.1089		728684.0634		713536.0269		693538.7950		677037.0840		652832.8497		631183.9348		606583.0401		574741.0690		553317.8096		511754.9128		484507.9978		450060.9569		423051.5260		388534.4788		360937.2672		334087.7967		310730.9735		288793.2445		267982.2280		251034.0992		233301.6201		219646.3925		190155.8913		170063.6101		131193.5705		106090.5862		87681.3903		
1.1100		1149630.0629		1111399.5125		1054358.7541		1022704.1811		1003122.4051		980344.9416		950287.2243		910232.3554		899534.5352		888705.7457		876163.3917		862706.6661		847274.7284		830385.1394		810200.5385		798933.9140		786701.0271		771973.1091		759976.7771		745673.4862		728884.2140		714516.9143		694429.2696		677837.5020		653963.0877		633103.7658		607706.2493		576459.3539		555098.3904		513540.4778		486443.9855		452398.9310		424428.6023		390233.5354		362841.1227		335695.3889		312575.8767		290707.7925		269586.2730		252760.9697		234781.0670		220852.8941		191426.9198		171242.0241		132429.0334		106877.4761		88358.7931		
1.1200		1149940.2275		1111719.3272		1054669.6051		1023088.2651		1003464.8532		980735.3239		950622.0294		910627.1572		899924.9017		889096.2233		876763.6906		863144.9860		847792.8386		830733.7186		810655.2146		799028.2343		787523.2827		772522.3056		760727.1828		746541.6266		729587.6234		715356.7247		695526.4835		678541.3868		654986.3786		634895.4403		608804.0610		577982.3146		556706.7371		515315.9763		488586.5192		455320.7002		425815.1753		391923.3680		364758.8056		337461.7059		314436.2342		292603.4820		271236.8441		254212.5399		236269.7378		222075.0873		192710.2770		172384.3780		133629.4541		107673.8776		89060.3411		
1.1300		1150260.2404		1112038.3859		1054972.1776		1023404.7556		1003802.8749		981049.6349		950951.8728		911017.1244		900327.6410		889513.4857		877252.1820		863582.2766		848234.0964		831169.1755		811074.4787		799374.9456		788212.2336		773093.2317		761479.1763		747428.1658		730338.0540		716043.5558		696826.7693		679189.4389		656023.6225		636112.4582		609870.5002		578935.4626		558262.1083		516985.4250		490466.7771		458030.9440		427317.3481		393616.6057		366623.7411		339314.5983		316320.9628		294468.9501		272894.8137		255674.2633		237757.6090		223279.2993		194006.0358		173627.1007		134717.0687		108539.4526		89752.3871		
1.1400		1150571.6804		1112348.0885		1055282.7525		1023704.3670		1004136.0013		981408.3251		951267.8377		911417.1963		900734.6116		889934.8297		877714.1150		864006.5420		848653.2635		831665.9978		811673.2776		799924.0655		788812.7722		773696.1338		762249.7419		748328.0811		731084.9788		716667.5161		698144.8043		679814.5495		657373.0534		637112.7993		610916.3621		580105.7863		559764.4268		518611.4102		492314.9647		460045.2383		428971.9434		395371.3507		368521.7874		341171.8921		318239.0254		296333.0446		274647.6896		257336.0825		239227.9798		224463.0376		195375.2252		174901.0402		135714.2447		109354.2695		90412.2004		
1.1500		1150879.3126		1112635.6212		1055592.0774		1023990.0428		1004463.7959		981789.7240		951609.0260		911819.7306		901139.2009		890359.1497		878179.9350		864428.4115		849063.6257		832167.8468		812364.1315		800769.8338		789477.0960		774329.9356		763059.4344		749235.1138		731872.6107		717284.3589		699497.7924		680434.3465		658763.2771		638124.0645		611953.2926		581187.0286		561179.4898		520266.2387		494111.9348		461905.9659		430875.7795		397234.5314		370436.2085		342980.7571		320267.4494		298058.6929		276418.3547		258901.5735		240640.1545		225729.3519		196823.3873		176189.6696		136582.5107		110157.2005		91098.7036		
1.1600		1151179.4117		1112913.7653		1055898.7866		1024263.9953		1004786.2294		982245.1171		951991.3389		912222.4908		901537.4484		890812.2421		878523.3284		864851.5590		849462.8838		832957.6360		812880.6561		801690.1232		790230.6092		775017.5167		763894.9586		750136.9323		732811.4516		718095.2215		700684.3234		681061.7465		659654.8348		639929.9490		612994.8111		582249.7521		562416.6502		521972.9659		495788.0391		463642.4782		433136.9170		399257.1029		372356.6288		344485.7086		322437.1475		299747.8892		278169.5464		260335.5290		241985.7198		227030.4858		198313.0950		177496.9967		137381.0444		110960.7853		91794.6590		
1.1700		1151441.0970		1113204.9698		1056178.6151		1024528.9186		1005103.0975		982613.3586		952441.4593		912653.5477		901929.4535		891332.6000		878944.5400		865280.3718		849852.2093		833509.2168		813235.2981		802474.9606		791016.7763		775732.2456		764743.7932		751055.1816		733743.0741		719057.9793		701999.5170		682043.2491		660025.0935		640819.2726		614026.1272		583352.1837		563488.7640		523623.0318		497246.3158		465250.8388		435655.5085		401753.7179		374277.0627		346107.1181		324612.9893		301416.7097		279905.3242		261760.2359		243560.6161		228398.0423		199800.3501		178807.8425		138249.4533		111757.5472		92488.5324		
1.1800		1151692.8536		1113487.5518		1056439.4582		1024782.1965		1005409.4306		982964.9766		952864.1538		913008.9096		902188.0322		891768.6079		879386.8513		865719.7144		850233.7487		833704.7722		813606.2690		803086.0430		791813.6475		776452.3006		765632.3778		752052.7037		734645.6457		719931.9621		703144.8783		682943.0881		661246.5610		641791.2884		615048.9739		584763.1270		564155.4793		525168.3068		498464.4255		466142.7716		438546.2366		404632.1912		376196.7172		347716.0419		326668.5990		303077.3073		281559.8308		263186.8577		245655.0149		229775.1573		201256.3260		180100.6029		139249.8093		112548.9170		93186.8516		
1.1900		1151967.8375		1113766.7646		1056710.4525		1025027.2714		1005722.1187		983323.0966		953276.8398		913359.6889		902566.6836		892088.0941		879836.9287		866188.2701		850609.4521		834060.6671		814041.7529		803652.9181		792604.5353		777137.0450		766591.9978		753097.5720		735560.3960		720788.5407		704286.6145		683993.8694		662667.6667		643338.1871		616089.4584		586345.5842		564651.6362		526694.3092		499654.6845		467795.3614		441438.5144		407544.9879		378124.1962		349344.6232		328172.9857		304742.9286		283206.1158		264653.0998		247183.9582		231196.9477		202724.7459		181347.7640		140253.9086		113343.8030		93898.7962		
1.2000		1152271.8852		1114042.3666		1056978.7869		1025267.1092		1006014.7426		983683.9626		953600.1722		913713.4223		902948.8687		892416.2820		880286.5788		866675.8360		850984.1769		834474.1813		814481.3632		804245.5817		793370.3313		777951.4561		767528.4075		754115.6487		736486.0822		721554.0354		705404.1387		684934.7336		664036.4704		644617.2187		617138.4514		587996.4991		565577.6312		528266.1575		500826.6229		469325.5860		444042.5839		410084.9654		379688.3898		351115.0152		329803.9649		306419.3935		284904.9404		266153.7309		248445.2551		232647.2503		204200.0475		182476.3256		141241.5992		114147.0563		94634.5511		
1.2100		1152528.5853		1114313.6989		1057236.8447		1025503.7841		1006288.1128		984042.0030		953861.2806		914065.4488		903370.4869		892754.8677		880729.5596		867165.1493		851362.7034		834891.5429		814973.5706		804942.8936		794088.3127		778794.0168		768391.9854		754698.5064		737420.7038		722246.1261		706487.5816		685817.9415		665521.2961		645843.0055		618182.0171		589592.4927		566582.3673		529961.8722		501998.0375		470928.7033		446118.4051		411851.2636		381284.6102		353171.0562		331801.7102		308115.0845		286601.7945		267982.8915		249655.9013		234116.0023		205761.2668		183514.4372		142229.3000		114982.9098		95373.1989		
1.2200		1152773.7544		1114572.6204		1057487.3198		1025739.1711		1006547.9652		984394.9091		954112.6132		914417.3092		903907.2495		893104.5321		881159.9041		867663.6702		851751.2195		835309.2790		815439.0040		805769.8221		794724.8651		779558.1407		769141.6896		755262.2365		738272.1920		722587.3532		707528.5038		687061.5639		667191.3484		647112.3347		619205.5234		591117.5826		567617.5375		531619.7466		503354.2875		472497.8372		447644.7924		413340.7550		383987.7001		355365.4744		333833.6765		310059.3830		288298.4505		269508.8189		250876.8350		235592.8160		207686.1582		184505.7018		143215.6832		115882.0183		96069.6759		
1.2300		1153013.7252		1114821.3589		1057738.1405		1025975.1977		1006804.7582		984741.2905		954364.6397		914768.2861		904496.3910		893496.2202		881571.7382		868174.6642		852146.6514		835847.2777		815863.8107		806655.6084		795283.2530		780198.6305		769826.7871		755690.1261		739228.9045		723127.6624		708378.4404		688569.8743		668966.3254		648368.1428		620208.9311		592635.4975		568702.5996		533236.3788		504895.7168		474057.9538		448842.1843		414662.8294		385721.2766		357616.9986		335912.8471		311941.8020		289999.3894		270967.9841		252179.9228		237065.6516		209294.5304		185554.2213		144202.3301		116688.3755		96745.9289		
1.2400		1153251.0493		1115068.0524		1057976.6196		1026212.9626		1007058.6399		985080.0386		954611.3125		915117.2165		904845.2410		893830.8514		881960.6445		868691.2279		852546.2142		836178.0365		816232.3631		807540.9523		795791.4282		780817.9361		770486.7174		756203.2612		740230.9368		723711.7204		708983.3831		688916.4746		670710.5058		649611.1564		621180.4251		594084.8299		569863.6773		534809.8649		506328.7231		475621.6748		449884.4586		415875.4264		387322.4659		359884.3600		338023.2614		313469.1693		291691.3107		272416.3361		253496.3267		238517.9173		210822.2414		186751.9215		145185.9286		117478.0624		97424.9668		
1.2500		1153514.1120		1115305.7073		1058203.3373		1026445.0513		1007263.2635		985410.2486		954858.3055		915461.6363		905168.6878		894133.0133		882304.6582		869209.4870		852951.9475		836476.8177		816633.5961		808373.2588		796264.5025		781418.4585		771176.4427		756737.4855		741041.2957		724337.4765		709448.6327		689562.7398		672200.4344		650822.7020		621838.9554		595201.5253		571087.6971		536320.7178		507578.8133		477197.2186		450989.8374		417033.8766		388872.0525		362134.1707		340126.8216		314854.0994		293311.2975		273852.2046		254912.1471		239948.3003		212259.7218		187996.2165		146163.1581		118288.7810		98104.6875		
1.2600		1153754.5952		1115522.2474		1058441.3979		1026673.9625		1007526.4024		985644.0358		955114.2001		915803.1064		905464.0163		894422.5780		882541.0986		869731.9476		853360.7298		836711.3963		817217.9862		809118.5874		796715.4731		781983.6162		771899.0213		757290.6950		741747.1589		725064.0466		710332.6032		690413.5323		673610.8192		651980.9085		622552.6632		596856.2477		572341.5423		537760.2368		508761.2419		478792.6588		452655.8685		418194.1732		390458.6665		364316.7253		342198.3422		316178.0950		294848.9502		275278.1878		256265.9708		241395.6312		213799.5875		189276.9346		147130.9027		119057.6404		98788.2211		
1.2700		1153947.8745		1115739.7213		1058668.1445		1026904.8663		1007762.6836		985840.3981		955360.4280		916102.3333		905724.6421		894724.2035		882722.4863		870247.6668		853771.4530		837202.8763		817623.0669		809676.1083		797155.1026		782510.1113		772492.5469		757848.5045		742434.8257		725977.3176		711201.6606		691436.0875		674854.2545		653035.1549		623185.2256		598536.2356		573625.3335		539167.3571		509930.8072		480411.8225		453902.3485		419414.8939		392187.4672		366361.0421		344205.0953		317644.0440		296613.1865		276696.6389		257627.7716		242884.9862		215184.3647		190563.3984		148086.2353		119859.3628		99475.6440		
1.2800		1154124.8448		1115957.5482		1058878.9418		1027156.6844		1007993.3935		986073.9841		955629.4085		916346.9727		905973.9595		895004.5953		882921.2728		870729.8111		854183.5510		837709.1014		817916.2597		810002.3659		797590.9878		782974.8405		773058.1772		758413.6234		743134.4074		726953.9010		712008.2624		692500.6017		675258.8678		653631.0960		623917.1286		600165.8059		574938.0311		540560.1988		510584.3422		482039.6814		455684.0569		420760.1980		394099.4413		368602.8988		346061.4648		319112.6337		298388.8113		278109.1682		259053.5075		244438.5045		216358.2282		191858.9241		149012.3263		120607.3518		100170.2497		
1.2900		1154308.6701		1116183.0640		1059084.2003		1027392.4742		1008223.1562		986267.0997		955927.7463		916615.3812		906225.7223		895318.3491		883248.6503		871136.6557		854596.7324		838137.8402		818087.9393		810186.3003		798032.4985		783288.5668		773493.3586		758992.3202		743870.8599		727614.2123		712871.7774		693560.0495		675631.1636		654070.7716		625125.5159		601669.8787		576278.1029		541952.6279		512104.8466		483679.0437		458241.8191		422159.4911		396107.1270		370935.1116		347744.7608		320874.5871		300062.8202		279517.0379		260655.2803		246118.0889		217289.6788		193208.0151		149926.7215		121353.4917		100905.1690		
1.3000		1154514.2282		1116400.8818		1059296.8796		1027663.1232		1008448.4662		986684.0000		956255.6440		916872.0492		906462.4248		895727.4339		883736.4952		871498.6940		855005.5943		838560.5864		818391.8334		810304.6112		798246.6483		783572.1477		773980.9437		759611.7574		744608.3796		728214.8402		713727.3918		694701.1657		676352.6614		654419.3811		626635.2257		602960.5434		577663.6468		543334.8460		513687.5442		485367.3291		460852.7178		423691.0014		398186.1015		373112.2935		349216.7245		322498.8376		301632.5155		280835.7142		262712.0204		247922.4142		218136.3674		194388.8526		150822.8936		122100.6117		101605.2940		
1.3100		1154739.9062		1116598.2332		1059506.8751		1027879.4184		1008647.9389		986868.0566		956675.1065		917145.1562		906681.5630		896230.3852		884187.3967		871852.1089		855369.1212		838985.4315		819146.3777		810453.8909		798686.6639		783858.8685		774603.5921		760311.4055		745362.0264		728814.3275		714561.7963		696176.6154		676812.1269		654796.6263		627633.0853		604131.7002		579665.6585		544765.6136		515338.7317		487055.7560		463121.5412		425208.8353		400279.1856		374981.9693		350474.3470		323860.4236		303201.0740		281918.6232		264245.8117		249743.1282		219073.9671		195386.1384		151719.5264		122846.5825		102301.5115		
1.3200		1154936.3162		1116734.5540		1059709.0397		1028091.0905		1008849.7706		987020.5322		957063.2302		917455.4140		906889.6099		896691.2180		884639.9273		872233.8636		855717.5181		839452.2213		819802.7181		810757.7566		799175.7798		784538.0414		775259.4231		760985.1656		746120.5300		729481.1535		715390.9161		697700.2411		677202.7729		655279.2698		628682.0869		605234.2115		581716.4005		546269.3306		517091.4208		488745.0800		464559.8112		426868.1361		402316.7021		376695.4300		351583.8048		325183.8004		304770.1576		283160.1872		265591.2720		250887.6233		220289.8165		196678.1861		152610.2796		123598.9418		102984.9247		
1.3300		1155096.3706		1116877.2516		1059905.0662		1028312.9692		1009047.5357		987193.8677		958030.5113		917777.2971		907095.5584		897075.2137		885020.2822		872651.2387		856106.2581		840119.7594		820285.1299		811132.3199		799674.1188		785272.1338		775909.7728		761525.2366		746877.9338		730188.6779		716114.9944		699400.7167		677664.9429		656034.1056		629987.0805		606318.8091		582821.6443		547781.8802		518911.7208		490418.7693		465423.0934		428599.2270		404337.2993		378328.3508		352610.4207		326491.6117		306338.5466		284453.1444		266966.5854		251997.1165		221884.6305		198090.9735		153487.7212		124364.3248		103663.1416		
1.3400		1155239.1880		1117044.1154		1060096.2172		1028536.9686		1009237.6198		987411.2528		962385.5540		918086.3618		907308.0164		897370.1855		885398.5070		873089.0820		856619.7908		840489.6904		820742.4102		811531.9691		800118.5268		785914.3816		776517.3418		762208.4701		747601.2960		730913.9160		716779.9963		700718.7838		678240.9592		656997.6855		631352.4260		607424.8365		583976.1931		549337.1740		520747.3199		492061.7589		466734.3252		430367.0034		406346.8376		379878.5063		353620.0138		327796.3377		307903.3967		285898.6503		268333.4670		253481.5697		223377.0952		199381.4642		154402.8490		125136.5457		104340.1280		
1.3500		1155374.6790		1117199.0086		1060284.1046		1028761.0358		1009406.1404		987668.9368		968248.5682		918300.7032		907537.8695		897617.9339		885727.3238		873327.7737		857763.9647		840832.8879		821182.1616		811927.6890		800694.4843		786371.0853		777063.1231		762927.2626		748422.2187		731656.0669		717502.3172		701760.9069		679246.0505		657988.9855		632714.6540		608589.5669		585179.6444		550932.3692		522484.4422		493659.5685		468042.5512		432257.6704		408346.3835		381336.4680		354678.9553		329110.8447		309457.2087		287263.6365		269716.3518		254857.1875		224550.6772		200674.9352		155409.8451		125909.1726		105019.7861		
1.3600		1157256.3519		   NaN		1060491.3708		1028963.8502		1009549.9252		987924.5185		972913.0211		918455.9436		907833.5095		897826.1337		886006.1764		873801.7324		858266.7963		841176.7757		821607.3875		812286.1122		801304.9350		786755.5234		777521.6487		763632.5499		749234.7200		732428.7247		718248.9605		702086.6383		680182.7156		658896.8401		633986.7088		609859.0290		586340.8958		552563.6053		523819.4138		495194.4605		469558.5009		434259.0423		410335.4915		382617.9637		355914.4861		330447.0885		310978.7579		288605.2150		271139.6466		256201.4143		225659.9721		201959.5317		156488.6664		126689.4718		105756.5538		
1.3700		   NaN		   NaN		1060680.5379		1029086.5448		1009704.5986		988218.6489		974191.0806		918724.6522		908128.4556		898028.6730		886298.1869		874229.3140		858630.4478		841458.7015		822017.3202		812583.0111		801970.3578		787171.8611		778094.6798		764318.5181		750016.4416		733459.6001		719015.4411		702617.7582		681287.9360		659679.9272		635131.6187		611200.3828		587226.2888		554235.9096		525868.8057		496709.3753		471194.8961		436112.0085		412313.3953		383477.7494		357808.5456		331966.4557		312322.7971		289942.4037		272583.9356		257503.8688		226751.2861		203222.3232		157601.6245		127635.3544		106488.7303		
1.3800		   NaN		   NaN		   NaN		1029261.8000		1009837.4544		988559.0591		974419.4133		918932.3891		908427.6814		898257.6265		886576.5822		874553.2571		858964.9165		841767.6217		822442.4544		812848.6673		802733.6870		787697.5251		778680.0265		764969.0872		750666.5035		733977.9719		719888.8049		703079.0954		682494.3600		660554.6476		636042.5086		612545.4878		588089.9502		555944.8626		528001.4049		498200.4892		472990.0645		437852.8537		414279.4855		384320.6425		359648.7199		333625.8876		313516.2097		291278.8778		274035.2454		258757.3361		227824.9280		204473.3888		158735.5683		128431.5165		107081.9889		
1.3900		   NaN		   NaN		   NaN		   NaN		   NaN		   NaN		969091.7982		   NaN		908721.3082		898542.9105		886846.6578		874784.1952		859291.5862		842058.5747		822887.4335		813126.8920		803370.5621		788222.8922		779270.4274		765513.2340		751311.7215		734432.6747		720843.4283		703526.3077		683675.2567		661598.0432		637010.7683		613816.7701		589045.3609		557678.1886		530184.2929		499678.4440		474559.2173		439574.4060		416233.3215		385344.8238		361535.2659		335152.7889		314682.6382		292612.7049		275447.7011		259994.1306		229016.5836		205682.0837		159928.5697		129203.4189		107667.1725		
1.4000		   NaN		   NaN		   NaN		   NaN		   NaN		   NaN		960478.2080		   NaN		909006.3808		898834.9903		887104.9476		874971.9715		859567.2476		842389.6587		825283.8364		813422.0141		804139.5231		788880.2077		779863.0586		766045.0022		752139.0384		734899.3046		721587.1793		703995.8354		684831.8492		662818.5548		637630.7651		615047.8840		590001.9113		559429.9790		532370.0689		501162.3475		475777.0630		441309.8896		418105.8914		386586.2577		363262.3327		336629.7196		315895.9294		293935.7856		276757.5352		261215.7975		230169.4710		206851.6208		160896.2480		129982.0035		108293.1624		
1.4100		   NaN		   NaN		   NaN		   NaN		   NaN		   NaN		940474.7626		   NaN		   NaN		   NaN		   NaN		875116.4120		862080.3765		842892.1231		824686.4743		813728.8633		804994.7581		789991.3131		780220.6871		766560.0894		753133.1029		735257.8788		722367.3784		704515.9212		685685.9422		664141.5508		638552.0889		616250.5633		590962.9661		561191.4008		534479.8107		502669.4199		477191.0496		443084.6010		419697.4584		388266.5758		364781.7712		338128.4762		317200.2859		295396.2810		278009.1865		262417.0923		231411.0758		208050.7529		161843.8219		130760.4818		108964.8327		
1.4200		   NaN		   NaN		   NaN		   NaN		   NaN		   NaN		910867.7694		   NaN		   NaN		   NaN		   NaN		   NaN		   NaN		   NaN		824541.7784		814195.1268		805741.5002		791119.9995		780506.2873		767057.6414		754209.1313		735637.3753		723224.2537		705111.3652		687220.3141		665620.8823		639543.4917		617400.2544		591935.8362		562891.2967		536545.0714		504215.2217		478661.8070		444992.5706		421030.9516		390114.4646		366286.2418		339676.9123		318526.4007		296959.3342		279245.8994		263558.1966		232673.5546		209228.7886		162784.7541		131535.2470		109643.1522		
1.4300		   NaN		   NaN		   NaN		   NaN		   NaN		   NaN		827495.1829		   NaN		   NaN		   NaN		   NaN		   NaN		   NaN		   NaN		   NaN		   NaN		   NaN		   NaN		   NaN		767533.9093		755081.3337		736656.4207		724102.4424		705832.8805		689099.4999		667507.9829		640595.1458		618339.2784		592927.3350		564228.4798		537900.4351		506014.5793		480123.6371		447015.2071		422496.2371		392039.6760		367781.6470		341267.4610		319656.9101		298539.1434		280493.4491		264556.5955		233864.7550		210389.9989		163720.8682		132302.3312		110312.7077		
1.4400		   NaN		   NaN		   NaN		   NaN		   NaN		   NaN		774169.3331		   NaN		   NaN		   NaN		   NaN		   NaN		   NaN		   NaN		   NaN		   NaN		   NaN		   NaN		   NaN		   NaN		   NaN		   NaN		   NaN		706666.1858		689796.4736		669235.2965		641830.0409		619173.6308		593943.9450		565400.0696		539068.3013		507743.5384		481520.4869		449052.0973		423930.3215		393918.4628		370012.1488		342993.5004		320583.8046		300052.1917		281774.4783		265701.7039		235015.8376		211533.3022		164645.9425		133003.6750		110972.6165		
1.4500		   NaN		   NaN		   NaN		   NaN		   NaN		   NaN		721722.3651		   NaN		   NaN		   NaN		   NaN		   NaN		   NaN		   NaN		   NaN		   NaN		   NaN		   NaN		   NaN		   NaN		   NaN		   NaN		   NaN		   NaN		689541.7562		669632.4676		644189.3100		625424.2799		595039.6705		567854.3743		540123.7391		509436.1800		482798.9419		450993.8081		425355.2723		395574.2342		371143.8288		344865.7678		321915.7214		301272.1726		283112.7805		266837.1062		236121.0090		212496.5575		165558.9453		133679.5618		111625.0195		
1.4600		   NaN		   NaN		   NaN		   NaN		   NaN		   NaN		   NaN		   NaN		   NaN		   NaN		   NaN		   NaN		   NaN		   NaN		   NaN		   NaN		   NaN		   NaN		   NaN		   NaN		   NaN		   NaN		   NaN		   NaN		669672.5460		   NaN		   NaN		   NaN		596588.8253		570708.6520		541282.2745		511031.2717		483905.9676		452679.2996		426777.4921		396752.7691		372127.4850		346817.8027		323548.2704		302985.4483		284504.4458		268049.6354		237198.2806		213360.2840		166410.7905		134419.1504		112270.2855		
1.4700		   NaN		   NaN		   NaN		   NaN		   NaN		   NaN		   NaN		   NaN		   NaN		   NaN		   NaN		   NaN		   NaN		   NaN		   NaN		   NaN		   NaN		   NaN		   NaN		   NaN		   NaN		   NaN		   NaN		   NaN		634276.0853		   NaN		   NaN		   NaN		   NaN		   NaN		542708.0059		512417.0632		484791.1312		454485.8313		428203.9202		397851.8446		373303.5385		348827.2906		325107.6417		304846.0147		285912.9417		269645.7252		238146.7905		214433.8526		167190.3523		135163.5389		112911.1525		
1.4800		   NaN		   NaN		   NaN		   NaN		   NaN		   NaN		   NaN		   NaN		   NaN		   NaN		   NaN		   NaN		   NaN		   NaN		   NaN		   NaN		   NaN		   NaN		   NaN		   NaN		   NaN		   NaN		   NaN		   NaN		563891.6457		   NaN		   NaN		   NaN		   NaN		   NaN		   NaN		513836.2460		485392.8638		455855.0295		429643.5511		399255.3368		374644.1926		350784.6945		326397.5980		306822.6977		287296.0154		271488.0406		239477.7450		215628.6926		167964.0140		135913.4975		113552.1257		
1.4900		   NaN		   NaN		   NaN		   NaN		   NaN		   NaN		   NaN		   NaN		   NaN		   NaN		   NaN		   NaN		   NaN		   NaN		   NaN		   NaN		   NaN		   NaN		   NaN		   NaN		   NaN		   NaN		   NaN		   NaN		526134.9638		   NaN		   NaN		   NaN		   NaN		   NaN		   NaN		   NaN		   NaN		457005.6712		431111.5722		400673.4804		375992.1774		352500.7638		327420.1957		308814.3391		288620.4019		273412.1777		240948.3461		216793.4486		168756.9284		136669.9277		114204.7920		
1.5000		   NaN		   NaN		   NaN		   NaN		   NaN		   NaN		   NaN		   NaN		   NaN		   NaN		   NaN		   NaN		   NaN		   NaN		   NaN		   NaN		   NaN		   NaN		   NaN		   NaN		   NaN		   NaN		   NaN		   NaN		461044.0886		   NaN		   NaN		   NaN		   NaN		   NaN		   NaN		   NaN		   NaN		   NaN		   NaN		   NaN		377356.0350		353681.3217		328927.5097		310830.7410		289914.2229		275276.0693		242427.6323		217971.0798		169608.4658		137511.1870		114865.5411		
1.5100		   NaN		   NaN		   NaN		   NaN		   NaN		   NaN		   NaN		   NaN		   NaN		   NaN		   NaN		   NaN		   NaN		   NaN		   NaN		   NaN		   NaN		   NaN		   NaN		   NaN		   NaN		   NaN		   NaN		   NaN		408329.7222		   NaN		   NaN		   NaN		   NaN		   NaN		   NaN		   NaN		   NaN		   NaN		   NaN		   NaN		   NaN		354743.2231		330827.9749		312811.9401		291216.2223		276941.9445		243934.6808		219133.4196		170637.0567		138297.9012		115529.0833		
1.5200		   NaN		   NaN		   NaN		   NaN		   NaN		   NaN		   NaN		   NaN		   NaN		   NaN		   NaN		   NaN		   NaN		   NaN		   NaN		   NaN		   NaN		   NaN		   NaN		   NaN		   NaN		   NaN		   NaN		   NaN		359070.6601		   NaN		   NaN		   NaN		   NaN		   NaN		   NaN		   NaN		   NaN		   NaN		   NaN		   NaN		   NaN		   NaN		   NaN		   NaN		292329.8477		278501.5352		   NaN		   NaN		171735.7586		163155.4570		116191.3448		
1.5300		   NaN		   NaN		   NaN		   NaN		   NaN		   NaN		   NaN		   NaN		   NaN		   NaN		   NaN		   NaN		   NaN		   NaN		   NaN		   NaN		   NaN		   NaN		   NaN		   NaN		   NaN		   NaN		   NaN		   NaN		311144.3126		   NaN		   NaN		   NaN		   NaN		   NaN		   NaN		   NaN		   NaN		   NaN		   NaN		   NaN		   NaN		   NaN		   NaN		   NaN		   NaN		   NaN		   NaN		   NaN		172788.9770		   NaN		116848.6165		
1.5400		   NaN		   NaN		   NaN		   NaN		   NaN		   NaN		   NaN		   NaN		   NaN		   NaN		   NaN		   NaN		   NaN		   NaN		   NaN		   NaN		   NaN		   NaN		   NaN		   NaN		   NaN		   NaN		   NaN		   NaN		   NaN		   NaN		   NaN		   NaN		   NaN		   NaN		   NaN		   NaN		   NaN		   NaN		   NaN		   NaN		   NaN		   NaN		   NaN		   NaN		   NaN		   NaN		   NaN		   NaN		173860.8891		   NaN		117497.0730		
1.5500		   NaN		   NaN		   NaN		   NaN		   NaN		   NaN		   NaN		   NaN		   NaN		   NaN		   NaN		   NaN		   NaN		   NaN		   NaN		   NaN		   NaN		   NaN		   NaN		   NaN		   NaN		   NaN		   NaN		   NaN		   NaN		   NaN		   NaN		   NaN		   NaN		   NaN		   NaN		   NaN		   NaN		   NaN		   NaN		   NaN		   NaN		   NaN		   NaN		   NaN		   NaN		   NaN		   NaN		   NaN		174928.3415		   NaN		118096.4484		
1.5600		   NaN		   NaN		   NaN		   NaN		   NaN		   NaN		   NaN		   NaN		   NaN		   NaN		   NaN		   NaN		   NaN		   NaN		   NaN		   NaN		   NaN		   NaN		   NaN		   NaN		   NaN		   NaN		   NaN		   NaN		   NaN		   NaN		   NaN		   NaN		   NaN		   NaN		   NaN		   NaN		   NaN		   NaN		   NaN		   NaN		   NaN		   NaN		   NaN		   NaN		   NaN		   NaN		   NaN		   NaN		   NaN		   NaN		118641.8490		
