0	0	1.5
254	675.85	664.82
254.07	675.85	664.82
254.14	675.85	664.82
254.21	675.85	664.82
254.28	675.85	664.82
254.35	675.85	664.82
254.42	675.85	664.82
254.49	675.85	664.82
254.56	675.85	664.82
254.63	675.85	664.82
254.7	675.85	664.82
254.77	675.85	664.82
254.84	675.85	664.82
254.91	675.85	664.82
254.98	675.84	664.82
255.05	675.19	667.47
255.12	674.33	667.63
255.19	673.49	665.73
255.26	673.63	665.54
255.33	674.64	667.43
255.4	675.22	669.15
255.47	674.02	667.42
255.54	674.21	668.56
255.61	673.9	668.71
255.68	672.77	666.33
255.75	677.29	667.92
255.82	677.88	669.24
255.89	675.61	670.06
255.96	673.08	669.78
256.03	676.37	669.03
256.1	679.55	668.49
256.17	677.33	669.25
256.24	673.35	666.43
256.31	673.56	665.68
256.38	679.32	669.34
256.45	677.87	669.38
256.52	677.14	668.81
256.59	677.22	668.12
256.66	678.93	669.97
256.73	678.46	670.85
256.8	677.85	671.25
256.87	678.83	671.56
256.94	677.4	669.54
257.01	678.06	668.24
257.08	681.78	668.87
257.15	683.74	672.79
257.22	682.37	673.98
257.29	679.66	673
257.36	682.52	674.49
257.43	681.96	672.9
257.5	680.41	670.7
257.57	679.55	671.07
257.64	680.55	670.99
257.71	683.01	672.17
257.78	686.88	675.44
257.85	683.19	674.5
257.92	681.84	674.84
257.99	682.2	676.22
258.06	682.8	675.74
258.13	681.53	672
258.2	680.72	668.87
258.27	682.65	672.23
258.34	682.42	669.72
258.41	682.7	669.58
258.48	683.99	675.1
258.55	682.76	674.12
258.62	684.39	673.25
258.69	687.43	673.14
258.76	687.13	676.83
258.83	688.89	679.58
258.9	690.48	681.53
258.97	689.83	682.39
259.04	689.17	681.26
259.11	689.05	679.65
259.18	689.57	677.98
259.25	688.42	678.2
259.32	686.88	678.33
259.39	685.69	678.3
259.46	687.87	677.91
259.53	690.46	678.26
259.6	691.62	678.56
259.67	689.05	677.61
259.74	690.2	679.49
259.81	691.31	680.71
259.88	691.67	679.94
259.95	690.23	681.52
260.02	690.57	681.77
260.09	691.83	680.84
260.16	691.17	680.53
260.23	694.14	682.78
260.3	695.98	684.5
260.37	692	680.93
260.44	693.79	681.09
260.51	694.8	682.45
260.58	693.76	684.44
260.65	695.2	685.79
260.72	693.69	683.82
260.79	691.03	680.03
260.86	693.45	684.99
260.93	693.95	684.69
261	694.59	683.25
261.07	697.24	685.92
261.14	697.56	683.3
261.21	697.57	682.31
261.28	697.65	685.64
261.35	697.73	684.13
261.42	698.41	682.48
261.49	699.49	681.18
261.56	700.44	682.6
261.63	698.72	684.6
261.7	697.57	686.45
261.77	700.1	687.04
261.84	699.16	687.23
261.91	699.17	686.45
261.98	701.01	684.32
262.05	701.37	684.64
262.12	701.05	686.65
262.19	700.46	689.48
262.26	700.93	687.78
262.33	702.93	688.96
262.4	704.14	690.61
262.47	702.1	689.54
262.54	701.88	690.13
262.61	701.54	689.47
262.68	700.74	686.32
262.75	702.34	689.59
262.82	704.24	690.94
262.89	706.31	690.56
262.96	708.25	691.31
263.03	706.16	691.05
263.1	703.5	690.29
263.17	703.1	689.44
263.24	706.87	691.72
263.31	708.75	692.59
263.38	707.48	690.23
263.45	710.03	691.13
263.52	712.39	691.13
263.59	713.88	690.69
263.66	711.33	694.07
263.73	710.9	693.7
263.8	711.24	691.5
263.87	711.51	689.16
263.94	712.64	693.55
264.01	714.09	696.28
264.08	715.73	694.17
264.15	714.67	695.17
264.22	713.61	695.53
264.29	712.9	695.26
264.36	714.12	695.33
264.43	715.13	697.48
264.5	715.41	698.47
264.57	714.2	692.98
264.64	716.14	694.69
264.71	716.8	697.12
264.78	715.29	698.25
264.85	716.62	696.92
264.92	717.53	696.66
264.99	717.94	697.12
265.06	717.23	695.06
265.13	718.2	696.28
265.2	719.44	697.98
265.27	719.82	696.47
265.34	720.74	694.9
265.41	720.74	694.2
265.48	719.45	694.88
265.55	716.33	692.94
265.62	717.61	693.15
265.69	721.08	695.05
265.76	719.45	694.75
265.83	720.3	695.69
265.9	721.45	696.21
265.97	721.17	693.7
266.04	723.33	694.81
266.11	724.7	695.17
266.18	724.6	693.14
266.25	723.86	692.69
266.32	723.59	691.95
266.39	723.91	690.86
266.46	725.71	689.51
266.53	724.04	687.06
266.6	721.88	685.43
266.67	721.6	687.79
266.74	722.68	688.15
266.81	723.2	689.32
266.88	722.75	692.42
266.95	722.38	693.08
267.02	722.24	694.98
267.09	722.19	697.69
267.16	721.75	697.49
267.23	718.79	694.28
267.3	717.43	692.08
267.37	722.07	697.18
267.44	721.65	695.02
267.51	721.36	692.24
267.58	722.2	690.93
267.65	722.75	694.08
267.72	721.82	694.69
267.79	720.28	693
267.86	721.09	691.92
267.93	720.96	691.69
268	720.66	692.04
268.07	720.83	692.95
268.14	720.61	692.83
268.21	720.23	692.21
268.28	719.73	691.18
268.35	718.76	689.76
268.42	719.5	688.65
268.49	721.14	688.04
268.56	721.03	689.34
268.63	719.95	690.49
268.7	719.85	691.07
268.77	722.93	690.13
268.84	721.48	689.29
268.91	720.49	688.25
268.98	720.99	686.84
269.05	724.78	691.15
269.12	725.02	691.67
269.19	723.12	689.23
269.26	723.23	691
269.33	724.78	690.42
269.4	726.2	689.46
269.47	726.07	690.74
269.54	728.13	691.02
269.61	729.64	691.9
269.68	729.98	694.04
269.75	727.07	690.8
269.82	726.34	687.69
269.89	727.54	685.69
269.96	730.79	690.58
270.03	732.21	692.27
270.1	731.66	692.16
270.17	728.1	691.2
270.24	729.72	692.35
270.31	731.91	693.83
270.38	733.83	695.12
270.45	736.1	697.07
270.52	736.25	696.57
270.59	735.35	694.22
270.66	736.93	694.42
270.73	736.81	696.54
270.8	736.64	698.1
270.87	737.85	695.25
270.94	738.35	694.83
271.01	739.47	695.7
271.08	741.47	697.75
271.15	742.3	696.21
271.22	743.44	696.36
271.29	744.57	698.01
271.36	744.5	698.87
271.43	744.11	699.45
271.5	744.12	700.12
271.57	745.36	701.42
271.64	745	699.87
271.71	745.66	699.55
271.78	747.96	702.08
271.85	752.96	706.74
271.92	754.01	705.83
271.99	752.65	700.88
272.06	753.46	703.28
272.13	754.43	704.15
272.2	755.14	704.42
272.27	755.08	705.02
272.34	756.11	703.98
272.41	756.2	703.58
272.48	754.95	704.76
272.55	757.49	705.85
272.62	758.74	705.41
272.69	760	704.26
272.76	766.32	708.24
272.83	766.42	709.21
272.9	765.03	709.14
272.97	765.65	710.2
273.04	768.74	711.39
273.11	768.95	711.25
273.18	765.15	709.03
273.25	768.74	709.81
273.32	772.77	712.33
273.39	776.39	716.01
273.46	776.08	717.45
273.53	777.29	716.57
273.6	779.08	715.5
273.67	780.9	717.18
273.74	779.57	715.12
273.81	778.3	713.78
273.88	777.72	714.84
273.95	778.01	714.27
274.02	780.34	715.47
274.09	783.67	717.83
274.16	784.49	716.62
274.23	785.49	716.62
274.3	786.97	717.58
274.37	789.39	719.67
274.44	789.88	720.78
274.51	789.9	721.73
274.58	789.77	722.75
274.65	794.18	721.52
274.72	795.09	721.18
274.79	794.23	721.92
274.86	797.29	724.65
274.93	796.99	723.04
275	796.42	721.12
275.07	798.16	724.46
275.14	799.19	724.92
275.21	800.55	725.04
275.28	802.5	725.62
275.35	806.11	726.49
275.42	809.13	727.44
275.49	810.81	728.43
275.56	807.46	729.13
275.63	809.39	731.07
275.7	811.89	732.25
275.77	811.02	729.38
275.84	813.42	730.11
275.91	816.74	732.25
275.98	820.5	735.36
276.05	816.46	732
276.12	817.26	731.21
276.19	821.23	732.97
276.26	823.76	735.53
276.33	825.68	734.85
276.4	827.59	733.08
276.47	830	732.61
276.54	833.23	735.21
276.61	835.27	737.36
276.68	835.67	737.78
276.75	836.77	740.54
276.82	838.25	740.64
276.89	839.5	738.39
276.96	838.11	736.33
277.03	840.13	736.77
277.1	842.95	738.76
277.17	844.64	741.88
277.24	847.69	742.15
277.31	850.58	742.12
277.38	852.98	742.58
277.45	854.14	740.06
277.52	854.91	740.2
277.59	855.78	742.8
277.66	858.7	745.69
277.73	861.6	746.67
277.8	862.96	746.02
277.87	860.7	743.15
277.94	863.98	743.25
278.01	868.29	744.57
278.08	872.75	746.8
278.15	867.98	742.93
278.22	867.5	741.73
278.29	870.31	743.33
278.36	874.41	747.54
278.43	877.08	749.2
278.5	877.49	749.11
278.57	873.86	747.42
278.64	877.76	750.11
278.71	881.68	754.42
278.78	884.21	759.76
278.85	886.72	762.7
278.92	887.71	763.37
278.99	888.06	762.31
279.06	890.68	762.61
279.13	892.42	763.52
279.2	893.32	764.11
279.27	893.05	762.83
279.34	897.63	765.37
279.41	900.11	767.01
279.48	899.05	765.99
279.55	900.82	767.07
279.62	902.1	766.99
279.69	902.8	766.26
279.76	902.27	769.23
279.83	903.36	769.22
279.9	905.85	768.74
279.97	910.2	771.08
280.04	908.62	772.87
280.11	909.91	774.84
280.18	915.85	777.27
280.25	915.79	777.33
280.32	914.12	777.22
280.39	912	777.13
280.46	913.55	777.91
280.53	914.41	778.04
280.6	915.58	778.53
280.67	918.09	781.09
280.74	917.44	781.26
280.81	917.05	781.57
280.88	917.61	782.87
280.95	920.36	785.02
281.02	920.21	785.66
281.09	917.96	785.08
281.16	915.51	785.36
281.23	917.41	786.53
281.3	919.56	788.06
281.37	918.47	789.45
281.44	918.27	791.14
281.51	918.02	790.96
281.58	917.52	787.78
281.65	916.18	788.56
281.72	914.67	790.6
281.79	913.48	793.44
281.86	914.68	794.96
281.93	913.59	793.93
282	911.79	792.23
282.07	910.34	792.15
282.14	910.71	793.54
282.21	909.85	795.59
282.28	907.11	798.16
282.35	904.54	798.29
282.42	902.18	799.26
282.49	900.07	800.91
282.56	898.46	801.48
282.63	897.23	802.47
282.7	895.41	803.84
282.77	891.86	805.72
282.84	889.8	804.97
282.91	887.32	803.46
282.98	884.09	801.68
283.05	887.13	807.51
283.12	883.8	807.72
283.19	876.28	803.33
283.26	870.66	803.46
283.33	868.65	806.07
283.4	867.05	808.98
283.47	863.2	809.3
283.54	860.23	809.62
283.61	856.61	810.68
283.68	852.02	812.9
283.75	848.55	812.06
283.82	842.96	811.32
283.89	836.58	811.1
283.96	834.12	813.74
284.03	829.01	815.69
284.1	822.09	816.3
284.17	813.28	813.84
284.24	807.41	813.5
284.31	801.08	814.39
284.38	793.67	816.47
284.45	790.77	815.29
284.52	786.61	816.11
284.59	781.63	818.68
284.66	777.03	820.31
284.73	769.82	817.1
284.8	763.34	813.62
284.87	760.91	816.17
284.94	756.4	815.89
285.01	753.15	816.23
285.08	751.88	818.48
285.15	749.27	820.36
285.22	744.52	820.49
285.29	738.82	819.54
285.36	736.2	822.25
285.43	734.17	823.05
285.5	731.81	822.15
285.57	728.18	818.86
285.64	725.5	819.08
285.71	723.36	819.83
285.78	721.69	820.2
285.85	717.04	819.04
285.92	715.34	819.32
285.99	715.56	820.63
286.06	714.81	819.46
286.13	712.36	819.34
286.2	708.9	818.84
286.27	704.59	815.76
286.34	702.22	816.51
286.41	701.92	818.33
286.48	703.78	820.51
286.55	699.96	821.21
286.62	698.22	819.67
286.69	697.46	816.56
286.76	694.03	816.4
286.83	694.18	817.91
286.9	694.24	819.01
286.97	690.98	816.46
287.04	688.48	816.78
287.11	685.87	816.83
287.18	683.05	815.5
287.25	684.16	816.76
287.32	683.42	815.62
287.39	682.01	813.09
287.46	684.07	816.94
287.53	681.44	816.9
287.6	678.08	815.39
287.67	677.11	815.03
287.74	675.82	814.98
287.81	674.99	813.3
287.88	674.77	808.99
287.95	671.42	809.17
288.02	669.91	809.01
288.09	669.91	808.5
288.16	670.99	808.78
288.23	669.7	807.81
288.3	667.69	806.15
288.37	666.09	804.2
288.44	664.55	800.65
288.51	663.61	799.37
288.58	663.41	802.14
288.65	662.12	799.1
288.72	661.45	797.08
288.79	661.32	796.1
288.86	661.72	794.85
288.93	661.74	796.79
289	660.97	799.01
289.07	658.69	797.5
289.14	658.21	793.33
289.21	657.39	791.48
289.28	655.83	794.12
289.35	656.64	793.17
289.42	655.42	790.49
289.49	652.82	786.76
289.56	650.58	785.84
289.63	651.9	785.89
289.7	653.22	785.48
289.77	651.4	782.28
289.84	651.26	780.53
289.91	651.88	779.93
289.98	653.13	780.62
290.05	651.55	779.59
290.12	649.1	778.05
290.19	646.69	776.28
290.26	647.82	775.58
290.33	648.02	774.27
290.4	647.44	772.25
290.47	645.88	768.94
290.54	645.26	767.57
290.61	645.57	767.11
290.68	646.83	767.4
290.75	643.51	762.72
290.82	641.27	759.15
290.89	639.95	756.67
290.96	639.46	753.92
291.03	640.96	753.68
291.1	643.6	754.75
291.17	647.14	756.16
291.24	641.05	750.33
291.31	636.12	744.69
291.38	634.53	741.79
291.45	636.53	741.02
291.52	637.46	739.82
291.59	637.22	737.88
291.66	634.74	733.52
291.73	634.1	734.04
291.8	632.84	735.9
291.87	628.51	734.79
291.94	631.78	733.85
292.01	634.23	734.61
292.08	634.15	737.95
292.15	629.72	737.5
292.22	630.03	737.89
292.29	632.88	738.91
292.36	631.32	738.09
292.43	630.64	739.05
292.5	630.39	739.44
292.57	630.32	735.55
292.64	627.74	731.52
292.71	626.4	729.77
292.78	627.08	731.6
292.85	627.63	730.6
292.92	626.93	729.56
292.99	625.49	728.45
293.06	624.78	726.17
293.13	627.78	725.49
293.2	628.85	724.16
293.27	622.12	718.55
293.34	622.47	718.51
293.41	622.3	718.81
293.48	620.16	717.76
293.55	618.49	715.43
293.62	618.39	714.63
293.69	619.22	715.18
293.76	619.05	715.6
293.83	617.99	714.34
293.9	617.34	712.68
293.97	618.42	712.18
294.04	618.2	709.39
294.11	618.06	707.31
294.18	618.26	707.08
294.25	617.87	704.53
294.32	615.74	702.12
294.39	613.02	700.15
294.46	613.8	700.09
294.53	613.93	699.4
294.6	614.54	698.66
294.67	616.89	698.62
294.74	615.53	697.2
294.81	614.61	695.98
294.88	614.96	695.52
294.95	614.39	693.88
295.02	613.45	691.65
295.09	612.36	689.11
295.16	611.79	688.11
295.23	612.78	686.74
295.3	613.77	685.25
295.37	613.41	683.91
295.44	612.9	681.69
295.51	612.16	681.63
295.58	611.17	685.19
295.65	612	683
295.72	611.16	681.42
295.79	609.25	680.25
295.86	607.98	676.51
295.93	607.51	675.69
296	607.84	676.35
296.07	609.32	677.27
296.14	607.66	677.83
296.21	606.6	678.31
296.28	606.92	678.77
296.35	609.49	676.63
296.42	608.17	674.1
296.49	604.82	671.52
296.56	605.49	670.68
296.63	603.92	669.05
296.7	602.63	667.5
296.77	604.01	667.29
296.84	605.36	665.66
296.91	605.5	664.63
296.98	604.08	665.01
297.05	601.81	663.01
297.12	602.98	661.55
297.19	605.52	660.91
297.26	602.17	662.69
297.33	601.55	662.37
297.4	601.87	660.69
297.47	601.99	657.93
297.54	602.83	657.47
297.61	603.61	657.27
297.68	604.15	656.7
297.75	601.65	653.72
297.82	600.42	651.56
297.89	600.13	650.34
297.96	600.11	650.58
298.03	599.39	651.04
298.1	599.17	651.01
298.17	600.8	649.17
298.24	600.31	649.73
298.31	599.86	649.78
298.38	599.82	648.26
298.45	598.49	647.39
298.52	597.95	646.06
298.59	597.68	644.46
298.66	595.82	644.07
298.73	595.81	643.97
298.8	595.64	643.59
298.87	593.45	641.97
298.94	592.44	638.76
299.01	593.65	637.56
299.08	597.37	639.99
299.15	594.95	639.09
299.22	592.54	636.82
299.29	590.53	633.8
299.36	590.71	633.65
299.43	591.84	631.95
299.5	591.99	630.36
299.57	589	631.32
299.64	588.98	631.3
299.71	588.94	630.99
299.78	588.29	630.54
299.85	584.67	625.19
299.92	582.84	623.66
299.99	582.35	625.3
300.06	582.19	624.26
300.13	583.37	623.72
300.2	584.46	623.46
300.27	584.17	623.27
300.34	583.42	620.62
300.41	581.66	617.47
300.48	578.77	614.37
300.55	580.13	611.49
300.62	580.95	610.42
300.69	581.71	611.01
300.76	584.22	612.46
300.83	584.49	614.17
300.9	583.6	615.35
300.97	581.93	614.59
301.04	580.43	615.82
301.11	579.73	616.01
301.18	580	613.91
301.25	579.21	612.82
301.32	576.91	610.46
301.39	573.83	607.39
301.46	572.44	607.71
301.53	570.75	606.22
301.6	568.54	603.61
301.67	565.36	600.18
301.74	562.92	598.43
301.81	560.87	596.52
301.88	559.14	593.78
301.95	555.46	589.1
302.02	553.54	583.78
302.09	552.17	578.4
302.16	547.07	576.61
302.23	542.83	573.56
302.3	538.88	569.64
302.37	534.82	564.91
302.44	529.65	558.61
302.51	524	551.47
302.58	518.01	543.54
302.65	518.01	543.26
302.72	518.01	543.26
302.79	518.01	543.26
302.86	518.01	543.26
302.93	518.01	543.26
