265	396.4095577
265.02	396.4306742
265.04	396.4517896
265.06	396.4729037
265.08	396.4940167
265.1	396.5151284
265.12	396.5362389
265.14	396.5573482
265.16	396.5784563
265.18	396.5995632
265.2	396.6206688
265.22	396.6417733
265.24	396.6628765
265.26	396.6839785
265.28	396.7050793
265.3	396.7261789
265.32	396.7472773
265.34	396.7683745
265.36	396.7894704
265.38	396.8105652
265.4	396.8316587
265.42	396.8527509
265.44	396.873842
265.46	396.8949319
265.48	396.9160205
265.5	396.9371079
265.52	396.9581941
265.54	396.979279
265.56	397.0003628
265.58	397.0214453
265.6	397.0425266
265.62	397.0636067
265.64	397.0846855
265.66	397.1057632
265.68	397.1268396
265.7	397.1479147
265.72	397.1689885
265.74	397.1900611
265.76	397.2111324
265.78	397.2322025
265.8	397.2532714
265.82	397.2743391
265.84	397.2954055
265.86	397.3164707
265.88	397.3375347
265.9	397.3585974
265.92	397.3796589
265.94	397.4007192
265.96	397.4217782
265.98	397.442836
266	397.4638926
266.02	397.484948
266.04	397.5060004
266.06	397.5270517
266.08	397.5481017
266.1	397.5691504
266.12	397.590198
266.14	397.6112443
266.16	397.6322893
266.18	397.6533331
266.2	397.6743756
266.22	397.6954169
266.24	397.716457
266.26	397.7374958
266.28	397.7585334
266.3	397.7795697
266.32	397.8006048
266.34	397.8216387
266.36	397.8426557
266.38	397.8636714
266.4	397.8846859
266.42	397.9056991
266.44	397.926711
266.46	397.9477216
266.48	397.968731
266.5	397.9897391
266.52	398.0107459
266.54	398.0317515
266.56	398.0527557
266.58	398.0737587
266.6	398.0947604
266.62	398.1157609
266.64	398.1367601
266.66	398.1577579
266.68	398.1787546
266.7	398.1997499
266.72	398.2207439
266.74	398.2417367
266.76	398.2627282
266.78	398.2837184
266.8	398.3047073
266.82	398.3256949
266.84	398.3466813
266.86	398.3676664
266.88	398.3886501
266.9	398.4096326
266.92	398.4306139
266.94	398.4515938
266.96	398.4725724
266.98	398.4935498
267	398.5145258
267.02	398.5355006
267.04	398.5564741
267.06	398.5774463
267.08	398.5984172
267.1	398.6193868
267.12	398.6403551
267.14	398.6613221
267.16	398.6822878
267.18	398.7032523
267.2	398.7242154
267.22	398.7451772
267.24	398.7661378
267.26	398.787097
267.28	398.808055
267.3	398.8290116
267.32	398.849967
267.34	398.870921
267.36	398.8918738
267.38	398.9128252
267.4	398.9337754
267.42	398.9547243
267.44	398.9756718
267.46	398.9966181
267.48	399.0175631
267.5	399.0385067
267.52	399.059449
267.54	399.0803901
267.56	399.1013298
267.58	399.1222682
267.6	399.1432053
267.62	399.1641412
267.64	399.1850756
267.66	399.2060088
267.68	399.2269407
267.7	399.2478714
267.72	399.2688009
267.74	399.289729
267.76	399.3106558
267.78	399.3315812
267.8	399.3525054
267.82	399.3734283
267.84	399.3943498
267.86	399.41527
267.88	399.4361889
267.9	399.4571065
267.92	399.4780228
267.94	399.4989377
267.96	399.5198513
267.98	399.5407636
268	399.5616746
268.02	399.5825859
268.04	399.6034959
268.06	399.6244046
268.08	399.6453119
268.1	399.6662179
268.12	399.6871226
268.14	399.708026
268.16	399.728928
268.18	399.7498288
268.2	399.7707282
268.22	399.7916262
268.24	399.812523
268.26	399.8334184
268.28	399.8543125
268.3	399.8752053
268.32	399.8960967
268.34	399.9170024
268.36	399.9379068
268.38	399.9588099
268.4	399.9797117
268.42	400.0006122
268.44	400.0215113
268.46	400.0424092
268.48	400.0633057
268.5	400.0842009
268.52	400.1050948
268.54	400.1259874
268.56	400.1468787
268.58	400.1677687
268.6	400.1886574
268.62	400.2095447
268.64	400.2304306
268.66	400.2513151
268.68	400.2721983
268.7	400.2930803
268.72	400.3139609
268.74	400.3348401
268.76	400.3557181
268.78	400.3765947
268.8	400.39747
268.82	400.418344
268.84	400.4392166
268.86	400.460088
268.88	400.480958
268.9	400.5018267
268.92	400.522694
268.94	400.54356
268.96	400.5644247
268.98	400.5852865
269	400.606147
269.02	400.6270061
269.04	400.6478638
269.06	400.6687203
269.08	400.6895754
269.1	400.7104291
269.12	400.7312816
269.14	400.7521326
269.16	400.7729824
269.18	400.7938308
269.2	400.8146778
269.22	400.8355235
269.24	400.8563679
269.26	400.8772109
269.28	400.8980526
269.3	400.918893
269.32	400.9397166
269.34	400.9605389
269.36	400.9813598
269.38	401.0021794
269.4	401.0229976
269.42	401.0438144
269.44	401.0646298
269.46	401.0854438
269.48	401.1062565
269.5	401.1270678
269.52	401.1478777
269.54	401.1686863
269.56	401.1894934
269.58	401.2102992
269.6	401.2311036
269.62	401.2519066
269.64	401.2727083
269.66	401.2935085
269.68	401.3143074
269.7	401.3351049
269.72	401.355901
269.74	401.3766957
269.76	401.397489
269.78	401.4182809
269.8	401.4390715
269.82	401.4598606
269.84	401.4806484
269.86	401.5014348
269.88	401.5222198
269.9	401.5430033
269.92	401.5637855
269.94	401.5845663
269.96	401.6053457
269.98	401.6261237
270	401.6469003
270.02	401.6676755
270.04	401.6884493
270.06	401.7092217
270.08	401.7299927
270.1	401.7507623
270.12	401.7715305
270.14	401.7922973
270.16	401.8130627
270.18	401.8338267
270.2	401.8545892
270.22	401.8753504
270.24	401.8961102
270.26	401.9168685
270.28	401.9376255
270.3	401.958381
270.32	401.9791351
270.34	401.9998878
270.36	402.0206391
270.38	402.041389
270.4	402.0621375
270.42	402.0828846
270.44	402.1036302
270.46	402.1243744
270.48	402.1451172
270.5	402.1658586
270.52	402.1865985
270.54	402.2073371
270.56	402.2280742
270.58	402.2488099
270.6	402.2695441
270.62	402.2902771
270.64	402.3110087
270.66	402.3317388
270.68	402.3524676
270.7	402.3731949
270.72	402.3939207
270.74	402.4146451
270.76	402.4353681
270.78	402.4560897
270.8	402.4768098
270.82	402.4975285
270.84	402.5182457
270.86	402.5389616
270.88	402.5596759
270.9	402.5803889
270.92	402.6011004
270.94	402.6218104
270.96	402.6425206
270.98	402.6632294
271	402.6839367
271.02	402.7046426
271.04	402.7253471
271.06	402.7460501
271.08	402.7667516
271.1	402.7874518
271.12	402.8081504
271.14	402.8288475
271.16	402.8495432
271.18	402.8702374
271.2	402.8909301
271.22	402.9116214
271.24	402.9323112
271.26	402.9529996
271.28	402.9736865
271.3	402.9943873
271.32	403.0150867
271.34	403.0357847
271.36	403.0564812
271.38	403.0771762
271.4	403.0978699
271.42	403.1185621
271.44	403.1392528
271.46	403.1599422
271.48	403.1806301
271.5	403.201315
271.52	403.2219984
271.54	403.2426804
271.56	403.263361
271.58	403.2840401
271.6	403.3047177
271.62	403.3253939
271.64	403.3460687
271.66	403.366742
271.68	403.3874138
271.7	403.4080842
271.72	403.4287532
271.74	403.4494206
271.76	403.4700867
271.78	403.4907512
271.8	403.5114143
271.82	403.532076
271.84	403.5527361
271.86	403.5733798
271.88	403.594022
271.9	403.6146628
271.92	403.635302
271.94	403.6559397
271.96	403.676576
271.98	403.6972107
272	403.717844
272.02	403.7384757
272.04	403.759106
272.06	403.7797347
272.08	403.800362
272.1	403.8209878
272.12	403.8416121
272.14	403.8622348
272.16	403.8828561
272.18	403.9034758
272.2	403.9240941
272.22	403.9447108
272.24	403.9653261
272.26	403.9859398
272.28	404.006552
272.3	404.0271628
272.32	404.047772
272.34	404.0683797
272.36	404.0889858
272.38	404.1095905
272.4	404.1301936
272.42	404.1507953
272.44	404.1713954
272.46	404.191994
272.48	404.212591
272.5	404.2331866
272.52	404.2537806
272.54	404.2743731
272.56	404.2949641
272.58	404.3155535
272.6	404.3361415
272.62	404.3567279
272.64	404.3773127
272.66	404.3978961
272.68	404.4184779
272.7	404.4390581
272.72	404.4596369
272.74	404.4802141
272.76	404.5007897
272.78	404.5213639
272.8	404.5419365
272.82	404.5625075
272.84	404.583077
272.86	404.603645
272.88	404.6242114
272.9	404.6447763
272.92	404.6653397
272.94	404.6859015
272.96	404.7064617
272.98	404.7270204
273	404.7475775
273.02	404.7681331
273.04	404.7886871
273.06	404.8092396
273.08	404.8297905
273.1	404.8503399
273.12	404.8708878
273.14	404.8914342
273.16	404.9119791
273.18	404.9325223
273.2	404.953064
273.22	404.9736042
273.24	404.9941428
273.26	405.0146798
273.28	405.0352153
273.3	405.0557491
273.32	405.0762813
273.34	405.0968119
273.36	405.1173409
273.38	405.1378684
273.4	405.1583942
273.42	405.1789185
273.44	405.1994412
273.46	405.2199624
273.48	405.2404835
273.5	405.261003
273.52	405.281521
273.54	405.3020374
273.56	405.3225521
273.58	405.3430654
273.6	405.363577
273.62	405.384087
273.64	405.4045955
273.66	405.4251024
273.68	405.4456077
273.7	405.4661098
273.72	405.4866104
273.74	405.5071094
273.76	405.5276068
273.78	405.5481026
273.8	405.5685968
273.82	405.5890893
273.84	405.6095954
273.86	405.6300998
273.88	405.6506026
273.9	405.6711039
273.92	405.6916036
273.94	405.7121016
273.96	405.7325981
273.98	405.7530931
274	405.7735864
274.02	405.7940781
274.04	405.8145682
274.06	405.8350568
274.08	405.855529
274.1	405.8759996
274.12	405.8964686
274.14	405.9169359
274.16	405.9374017
274.18	405.9578658
274.2	405.9783283
274.22	405.9987891
274.24	406.0192483
274.26	406.0397059
274.28	406.0601619
274.3	406.0806162
274.32	406.1010689
274.34	406.1215199
274.36	406.1419693
274.38	406.1624171
274.4	406.1828632
274.42	406.2033077
274.44	406.2237505
274.46	406.2441917
274.48	406.2646312
274.5	406.2850691
274.52	406.3055053
274.54	406.3259399
274.56	406.3463729
274.58	406.3668042
274.6	406.3872338
274.62	406.4076617
274.64	406.4280881
274.66	406.4485127
274.68	406.4689357
274.7	406.489357
274.72	406.5097767
274.74	406.5301947
274.76	406.550611
274.78	406.5710256
274.8	406.5914386
274.82	406.6118499
274.84	406.6322596
274.86	406.6526675
274.88	406.6730738
274.9	406.6934784
274.92	406.7138813
274.94	406.7342826
274.96	406.7546821
274.98	406.77508
275	406.7954762
275.02	406.8158707
275.04	406.8362636
275.06	406.8566547
275.08	406.8770441
275.1	406.8974319
275.12	406.9178179
275.14	406.9382023
275.16	406.958585
275.18	406.9789659
275.2	406.9993452
275.22	407.0197227
275.24	407.0400985
275.26	407.0604725
275.28	407.0808448
275.3	407.1012155
275.32	407.1215845
275.34	407.1419518
275.36	407.1623174
275.38	407.1826813
275.4	407.2030435
275.42	407.223404
275.44	407.2437627
275.46	407.2641197
275.48	407.284475
275.5	407.3048286
275.52	407.3251804
275.54	407.3455306
275.56	407.3658789
275.58	407.3862256
275.6	407.4065705
275.62	407.4269137
275.64	407.4472537
275.66	407.4675919
275.68	407.4879299
275.7	407.5082662
275.72	407.5286007
275.74	407.5489335
275.76	407.5692646
275.78	407.5895939
275.8	407.6099214
275.82	407.6302472
275.84	407.6505712
275.86	407.6708935
275.88	407.6912141
275.9	407.7115328
275.92	407.7318499
275.94	407.7521651
275.96	407.7724786
275.98	407.7927903
276	407.8131003
276.02	407.8334085
276.04	407.8537005
276.06	407.8740055
276.08	407.8943087
276.1	407.9146101
276.12	407.9349097
276.14	407.9552076
276.16	407.9755036
276.18	407.9957979
276.2	408.0160904
276.22	408.0363812
276.24	408.0566701
276.26	408.0769573
276.28	408.0972426
276.3	408.1175262
276.32	408.137808
276.34	408.158088
276.36	408.1783662
276.38	408.1986426
276.4	408.2189172
276.42	408.2391899
276.44	408.2594609
276.46	408.2797301
276.48	408.2999975
276.5	408.3202631
276.52	408.3405268
276.54	408.3607888
276.56	408.3810489
276.58	408.4013072
276.6	408.4215637
276.62	408.4418183
276.64	408.4620712
276.66	408.4823222
276.68	408.5025714
276.7	408.5228188
276.72	408.5430643
276.74	408.563308
276.76	408.5835499
276.78	408.60379
276.8	408.6240282
276.82	408.6442646
276.84	408.6644991
276.86	408.6847318
276.88	408.7049627
276.9	408.7251917
276.92	408.7454189
276.94	408.7656442
276.96	408.7858675
276.98	408.806089
277	408.8263086
277.02	408.8465264
277.04	408.8667423
277.06	408.8869563
277.08	408.9071685
277.1	408.9273788
277.12	408.9475873
277.14	408.9677939
277.16	408.9879986
277.18	409.0082014
277.2	409.0284024
277.22	409.0486016
277.24	409.068799
277.26	409.0889945
277.28	409.1091881
277.3	409.1293798
277.32	409.1495696
277.34	409.1697576
277.36	409.1899436
277.38	409.2101263
277.4	409.2303072
277.42	409.2504861
277.44	409.2706631
277.46	409.2908382
277.48	409.3110114
277.5	409.3311827
277.52	409.3513521
277.54	409.3715196
277.56	409.3916852
277.58	409.4118488
277.6	409.4320105
277.62	409.4521718
277.64	409.4723312
277.66	409.4924886
277.68	409.5126442
277.7	409.5327978
277.72	409.5529495
277.74	409.5730992
277.76	409.593247
277.78	409.6133929
277.8	409.6335228
277.82	409.6536507
277.84	409.6737766
277.86	409.6939006
277.88	409.7140226
277.9	409.7341426
277.92	409.7542607
277.94	409.7743768
277.96	409.7944909
277.98	409.814603
278	409.8347132
278.02	409.8548358
278.04	409.8749564
278.06	409.8950751
278.08	409.9151918
278.1	409.9353065
278.12	409.9554192
278.14	409.97553
278.16	409.9956388
278.18	410.0157457
278.2	410.0358506
278.22	410.0559534
278.24	410.0760543
278.26	410.0961533
278.28	410.1162502
278.3	410.1363452
278.32	410.1564381
278.34	410.1765291
278.36	410.1966181
278.38	410.2167051
278.4	410.23679
278.42	410.256873
278.44	410.276954
278.46	410.297033
278.48	410.3171098
278.5	410.3371846
278.52	410.3572574
278.54	410.3773282
278.56	410.397397
278.58	410.4174638
278.6	410.4375286
278.62	410.4575913
278.64	410.477652
278.66	410.4977107
278.68	410.5177673
278.7	410.5378219
278.72	410.5578745
278.74	410.577925
278.76	410.5979735
278.78	410.61802
278.8	410.6380644
278.82	410.6581067
278.84	410.6781471
278.86	410.6981853
278.88	410.7182215
278.9	410.7382557
278.92	410.7582864
278.94	410.7783151
278.96	410.7983418
278.98	410.8183665
279	410.838389
279.02	410.8584095
279.04	410.8784279
279.06	410.8984443
279.08	410.9184585
279.1	410.9384707
279.12	410.9584807
279.14	410.9784887
279.16	410.9984946
279.18	411.0184984
279.2	411.0385001
279.22	411.0584997
279.24	411.0784972
279.26	411.0984926
279.28	411.1184859
279.3	411.1384771
279.32	411.1584662
279.34	411.1784532
279.36	411.1984395
279.38	411.2184098
279.4	411.2383781
279.42	411.2583442
279.44	411.2783081
279.46	411.2982699
279.48	411.3182296
279.5	411.3381871
279.52	411.3581424
279.54	411.3780956
279.56	411.3980466
279.58	411.4179955
279.6	411.4379422
279.62	411.4578867
279.64	411.4778291
279.66	411.4977693
279.68	411.5177073
279.7	411.5376431
279.72	411.5575767
279.74	411.5775082
279.76	411.5974375
279.78	411.6173787
279.8	411.6373177
279.82	411.6572546
279.84	411.6771892
279.86	411.6971217
279.88	411.7170519
279.9	411.7369799
279.92	411.7569058
279.94	411.7768294
279.96	411.7967509
279.98	411.8166701
280	411.8365872
280.02	411.8565021
280.04	411.8764148
280.06	411.8963253
280.08	411.9162335
280.1	411.9361396
280.12	411.9560435
280.14	411.9759451
280.16	411.9958445
280.18	412.0157418
280.2	412.0356367
280.22	412.0555295
280.24	412.07542
280.26	412.0953084
280.28	412.1151944
280.3	412.1350783
280.32	412.1549599
280.34	412.1748379
280.36	412.1947136
280.38	412.2145871
280.4	412.2344584
280.42	412.2543273
280.44	412.2741941
280.46	412.2940587
280.48	412.313921
280.5	412.3337811
280.52	412.3536389
280.54	412.3734944
280.56	412.3933477
280.58	412.4131986
280.6	412.4330473
280.62	412.4528937
280.64	412.4727378
280.66	412.4925797
280.68	412.5124192
280.7	412.5322564
280.72	412.5520913
280.74	412.571924
280.76	412.5917543
280.78	412.6115823
280.8	412.631408
280.82	412.6512179
280.84	412.6710255
280.86	412.6908307
280.88	412.7106336
280.9	412.7304355
280.92	412.7502351
280.94	412.7700324
280.96	412.7898273
280.98	412.8096198
281	412.82941
281.02	412.8491978
281.04	412.8689832
281.06	412.8887663
281.08	412.908547
281.1	412.9283253
281.12	412.9481013
281.14	412.9678748
281.16	412.9876459
281.18	413.0074145
281.2	413.0271808
281.22	413.0469447
281.24	413.0667062
281.26	413.0864653
281.28	413.1062219
281.3	413.1259762
281.32	413.1457281
281.34	413.1654775
281.36	413.1852384
281.38	413.2049968
281.4	413.2247528
281.42	413.2445065
281.44	413.2642577
281.46	413.2840065
281.48	413.303753
281.5	413.323497
281.52	413.3432386
281.54	413.3629777
281.56	413.3827145
281.58	413.4024488
281.6	413.4221807
281.62	413.4419101
281.64	413.4616358
281.66	413.4813591
281.68	413.5010799
281.7	413.5207982
281.72	413.5405141
281.74	413.5602276
281.76	413.5799386
281.78	413.5996471
281.8	413.6193531
281.82	413.6390567
281.84	413.6587578
281.86	413.6784565
281.88	413.6981528
281.9	413.7178466
281.92	413.7375379
281.94	413.7572267
281.96	413.776913
281.98	413.7965968
282	413.8162782
282.02	413.835957
282.04	413.8556333
282.06	413.8753071
282.08	413.8949784
282.1	413.9146472
282.12	413.9343134
282.14	413.953964
282.16	413.973612
282.18	413.9932575
282.2	414.0129004
282.22	414.0325408
282.24	414.0521786
282.26	414.0718138
282.28	414.0914465
282.3	414.1110765
282.32	414.1307053
282.34	414.1503314
282.36	414.169955
282.38	414.189576
282.4	414.2091944
282.42	414.2288103
282.44	414.2484235
282.46	414.2680341
282.48	414.2876421
282.5	414.3072475
282.52	414.3268503
282.54	414.3464505
282.56	414.3660481
282.58	414.3856431
282.6	414.4052354
282.62	414.4248251
282.64	414.4444122
282.66	414.4639966
282.68	414.4835784
282.7	414.5031576
282.72	414.5227341
282.74	414.542308
282.76	414.5618792
282.78	414.5814478
282.8	414.6010272
282.82	414.6206039
282.84	414.6401767
282.86	414.6597469
282.88	414.6793144
282.9	414.6988792
282.92	414.7184413
282.94	414.7380008
282.96	414.7575576
282.98	414.7771118
283	414.7966632
283.02	414.816212
283.04	414.8357581
283.06	414.8553015
283.08	414.8748422
283.1	414.8943802
283.12	414.9139155
283.14	414.9334483
283.16	414.9529783
283.18	414.9725056
283.2	414.9920302
283.22	415.0115521
283.24	415.0310713
283.26	415.0505877
283.28	415.0701014
283.3	415.0896123
283.32	415.1091206
283.34	415.128626
283.36	415.1481159
283.38	415.1676031
283.4	415.1870874
283.42	415.2065689
283.44	415.2260475
283.46	415.2455234
283.48	415.2649964
283.5	415.2844667
283.52	415.3039342
283.54	415.3233988
283.56	415.3428607
283.58	415.3623197
283.6	415.3817759
283.62	415.4012307
283.64	415.4206826
283.66	415.4401316
283.68	415.4595779
283.7	415.4790213
283.72	415.4984619
283.74	415.5178996
283.76	415.5373345
283.78	415.5567665
283.8	415.5761957
283.82	415.595622
283.84	415.6150455
283.86	415.6344661
283.88	415.6538838
283.9	415.6732987
283.92	415.6927106
283.94	415.7121197
283.96	415.7315246
283.98	415.7509267
284	415.7703258
284.02	415.789722
284.04	415.8091153
284.06	415.8285057
284.08	415.8478932
284.1	415.8672778
284.12	415.8866725
284.14	415.9060644
284.16	415.9254534
284.18	415.9448394
284.2	415.9642225
284.22	415.9836027
284.24	416.00298
284.26	416.0223544
284.28	416.0417258
284.3	416.0610943
284.32	416.08046
284.34	416.0998227
284.36	416.1191824
284.38	416.1385392
284.4	416.157893
284.42	416.1772438
284.44	416.1965916
284.46	416.2159363
284.48	416.2352781
284.5	416.2546044
284.52	416.2739277
284.54	416.2932479
284.56	416.3125652
284.58	416.3318794
284.6	416.3511906
284.62	416.3704987
284.64	416.3898038
284.66	416.4091059
284.68	416.4284049
284.7	416.4477008
284.72	416.4669937
284.74	416.4862835
284.76	416.5055703
284.78	416.524854
284.8	416.5441346
284.82	416.5634134
284.84	416.5826892
284.86	416.6019618
284.88	416.6212314
284.9	416.6404978
284.92	416.6597612
284.94	416.6790215
284.96	416.6982787
284.98	416.7175327
285	416.7367824
285.02	416.756029
285.04	416.7752724
285.06	416.7945127
285.08	416.8137499
285.1	416.8329839
285.12	416.8522148
285.14	416.8714425
285.16	416.890667
285.18	416.9098884
285.2	416.9291066
285.22	416.9483217
285.24	416.9675335
285.26	416.9867422
285.28	417.0059477
285.3	417.02515
285.32	417.044349
285.34	417.0635578
285.36	417.0827633
285.38	417.1019656
285.4	417.1211648
285.42	417.1403607
285.44	417.1595534
285.46	417.1787429
285.48	417.1979292
285.5	417.2171123
285.52	417.2362922
285.54	417.2554688
285.56	417.2746422
285.58	417.2938002
285.6	417.3129548
285.62	417.3321062
285.64	417.3512544
285.66	417.3703992
285.68	417.3895408
285.7	417.408679
285.72	417.427814
285.74	417.4469457
285.76	417.466074
285.78	417.485199
285.8	417.5043208
285.82	417.5234391
285.84	417.5425542
285.86	417.5616659
285.88	417.5807743
285.9	417.5998794
285.92	417.6189811
285.94	417.6380807
285.96	417.657177
285.98	417.6762699
286	417.6953582
286.02	417.7144432
286.04	417.7335248
286.06	417.752603
286.08	417.7716778
286.1	417.7907492
286.12	417.8098172
286.14	417.8288819
286.16	417.8479431
286.18	417.8670008
286.2	417.8860552
286.22	417.9051061
286.24	417.9241536
286.26	417.9431977
286.28	417.9622383
286.3	417.9812755
286.32	418.0003091
286.34	418.0193392
286.36	418.0383659
286.38	418.0573891
286.4	418.0764088
286.42	418.0954252
286.44	418.1144381
286.46	418.1334474
286.48	418.1524658
286.5	418.1714808
286.52	418.1904922
286.54	418.2095001
286.56	418.2285046
286.58	418.2475055
286.6	418.266491
286.62	418.285473
286.64	418.3044515
286.66	418.3234264
286.68	418.3423977
286.7	418.3613655
286.72	418.3803297
286.74	418.3992904
286.76	418.4182475
286.78	418.437201
286.8	418.4561509
286.82	418.4750973
286.84	418.49404
286.86	418.5129792
286.88	418.5319147
286.9	418.5508467
286.92	418.569775
286.94	418.5886985
286.96	418.6076184
286.98	418.6265359
287	418.6454497
287.02	418.6643599
287.04	418.6832664
287.06	418.7021693
287.08	418.7210685
287.1	418.7399641
287.12	418.7588559
287.14	418.7777441
287.16	418.7966286
287.18	418.8155093
287.2	418.8343863
287.22	418.8532596
287.24	418.8721291
287.26	418.890995
287.28	418.9098571
287.3	418.9287155
287.32	418.9475702
287.34	418.9664211
287.36	418.9852682
287.38	419.0041118
287.4	419.0229515
287.42	419.0417875
287.44	419.0606198
287.46	419.0794483
287.48	419.0982729
287.5	419.1170938
287.52	419.1359109
287.54	419.1547242
287.56	419.1735343
287.58	419.1923406
287.6	419.2111431
287.62	419.2299418
287.64	419.2487366
287.66	419.2675276
287.68	419.2863148
287.7	419.3050981
287.72	419.3238776
287.74	419.3426532
287.76	419.3614249
287.78	419.3801928
287.8	419.3989568
287.82	419.4177169
287.84	419.436472
287.86	419.4552232
287.88	419.4739705
287.9	419.4927139
287.92	419.5114533
287.94	419.5301889
287.96	419.5489205
287.98	419.5676493
288	419.5863743
288.02	419.6050951
288.04	419.623812
288.06	419.642525
288.08	419.6612339
288.1	419.679939
288.12	419.69864
288.14	419.717337
288.16	419.7360301
288.18	419.7547191
288.2	419.7734042
288.22	419.7920852
288.24	419.8107622
288.26	419.8294352
288.28	419.8481042
288.3	419.8667692
288.32	419.8854302
288.34	419.9040872
288.36	419.9227401
288.38	419.9413889
288.4	419.9600337
288.42	419.9786744
288.44	419.997311
288.46	420.0159436
288.48	420.034572
288.5	420.0531851
288.52	420.0717941
288.54	420.0903989
288.56	420.1089996
288.58	420.127608
288.6	420.1462123
288.62	420.1648125
288.64	420.1834085
288.66	420.2020004
288.68	420.2205881
288.7	420.2391706
288.72	420.2577489
288.74	420.276323
288.76	420.2948929
288.78	420.3134586
288.8	420.3320202
288.82	420.3505774
288.84	420.3691304
288.86	420.3876792
288.88	420.4062238
288.9	420.4247641
288.92	420.4433013
288.94	420.4618343
288.96	420.480363
288.98	420.4988875
289	420.5174077
289.02	420.5359237
289.04	420.5544353
289.06	420.5729427
289.08	420.5914458
289.1	420.6099446
289.12	420.6284391
289.14	420.6469292
289.16	420.6654152
289.18	420.6838968
289.2	420.7023741
289.22	420.7208471
289.24	420.7393157
289.26	420.75778
289.28	420.7762399
289.3	420.7946955
289.32	420.8131467
289.34	420.8315935
289.36	420.8500359
289.38	420.8684739
289.4	420.8868966
289.42	420.9053148
289.44	420.9237286
289.46	420.942138
289.48	420.9605429
289.5	420.9789434
289.52	420.9973394
289.54	421.0157415
289.56	421.0341391
289.58	421.0525322
289.6	421.0709219
289.62	421.0893059
289.64	421.1076855
289.66	421.1260607
289.68	421.1444313
289.7	421.1627974
289.72	421.181159
289.74	421.199516
289.76	421.2178686
289.78	421.2362165
289.8	421.25456
289.82	421.2729
289.84	421.2912355
289.86	421.3095664
289.88	421.3278927
289.9	421.3462144
289.92	421.3645316
289.94	421.3828442
289.96	421.4011522
289.98	421.4194556
290	421.4377545
290.02	421.4560488
290.04	421.4743384
290.06	421.4926234
290.08	421.5109038
290.1	421.5291795
290.12	421.5474506
290.14	421.565717
290.16	421.5839788
290.18	421.6022359
290.2	421.6204883
290.22	421.638736
290.24	421.656979
290.26	421.6752173
290.28	421.6934509
290.3	421.7116692
290.32	421.7298826
290.34	421.7480914
290.36	421.7663049
290.38	421.7845031
290.4	421.8026965
290.42	421.8208851
290.44	421.8390698
290.46	421.8572487
290.48	421.8754341
290.5	421.8936147
290.52	421.9117905
290.54	421.9299615
290.56	421.9481277
290.58	421.966289
290.6	421.9844455
290.62	422.0025972
290.64	422.0207441
290.66	422.038886
290.68	422.0570242
290.7	422.0751576
290.72	422.0932861
290.74	422.1114097
290.76	422.1295284
290.78	422.1476422
290.8	422.1657512
290.82	422.1838553
290.84	422.2019545
290.86	422.2200487
290.88	422.2381381
290.9	422.2562225
290.92	422.274302
290.94	422.2923765
290.96	422.3104461
290.98	422.3285107
291	422.3465703
291.02	422.3646249
291.04	422.3826746
291.06	422.4007192
291.08	422.4187589
291.1	422.4367935
291.12	422.4548231
291.14	422.4728477
291.16	422.4908672
291.18	422.5088714
291.2	422.5268703
291.22	422.5448643
291.24	422.5628531
291.26	422.5808358
291.28	422.5988135
291.3	422.616786
291.32	422.6347534
291.34	422.6527157
291.36	422.6706729
291.38	422.6886359
291.4	422.7065937
291.42	422.7245464
291.44	422.742494
291.46	422.7604365
291.48	422.7783738
291.5	422.7963059
291.52	422.8142339
291.54	422.8321567
291.56	422.8500743
291.58	422.8679858
291.6	422.8858932
291.62	422.9037953
291.64	422.9216922
291.66	422.9395839
291.68	422.9574704
291.7	422.9753517
291.72	422.9932277
291.74	423.0110984
291.76	423.0289639
291.78	423.0468242
291.8	423.0646791
291.82	423.0825288
291.84	423.1003732
291.86	423.1182123
291.88	423.136046
291.9	423.1538745
291.92	423.1716976
291.94	423.1895155
291.96	423.2073278
291.98	423.2251349
292	423.2429365
292.02	423.2607329
292.04	423.2785238
292.06	423.2962994
292.08	423.3140695
292.1	423.3318433
292.12	423.3496116
292.14	423.3673646
292.16	423.3851121
292.18	423.4028542
292.2	423.4205909
292.22	423.4383221
292.24	423.4560478
292.26	423.4737681
292.28	423.4914935
292.3	423.5092135
292.32	423.5269281
292.34	423.5446275
292.36	423.5623321
292.38	423.5800312
292.4	423.5977248
292.42	423.615412
292.44	423.6330946
292.46	423.6507718
292.48	423.6684434
292.5	423.6861095
292.52	423.70377
292.54	423.721425
292.56	423.7390744
292.58	423.7567183
292.6	423.7743566
292.62	423.7919893
292.64	423.8096164
292.66	423.8272379
292.68	423.8448538
292.7	423.862464
292.72	423.8800687
292.74	423.8976676
292.76	423.9152609
292.78	423.9328486
292.8	423.9504306
292.82	423.9680069
292.84	423.9855776
292.86	424.0031426
292.88	424.0207019
292.9	424.0382555
292.92	424.0558025
292.94	424.0733437
292.96	424.0908792
292.98	424.108409
293	424.125933
293.02	424.1434513
293.04	424.1609542
293.06	424.1784514
293.08	424.1959428
293.1	424.2134284
293.12	424.2309082
293.14	424.2483822
293.16	424.2658608
293.18	424.2833337
293.2	424.3008008
293.22	424.3182621
293.24	424.3357185
293.26	424.3531691
293.28	424.370614
293.3	424.3880529
293.32	424.4054861
293.34	424.4229133
293.36	424.4403348
293.38	424.4577503
293.4	424.47516
293.42	424.4925639
293.44	424.5099618
293.46	424.5273538
293.48	424.54474
293.5	424.5621202
293.52	424.5794945
293.54	424.5968628
293.56	424.6142252
293.58	424.6315816
293.6	424.6489321
293.62	424.6662766
293.64	424.6836152
293.66	424.7009478
293.68	424.7182744
293.7	424.7355951
293.72	424.7529097
293.74	424.7702184
293.76	424.7875211
293.78	424.8048168
293.8	424.8221064
293.82	424.8393901
293.84	424.8566677
293.86	424.8739393
293.88	424.8912048
293.9	424.9084643
293.92	424.9257177
293.94	424.9429651
293.96	424.9601972
293.98	424.9774232
294	424.9946431
294.02	425.0118569
294.04	425.0290745
294.06	425.0462861
294.08	425.0634826
294.1	425.0806729
294.12	425.0978671
294.14	425.1150551
294.16	425.1322371
294.18	425.1494128
294.2	425.1665824
294.22	425.1837459
294.24	425.2009032
294.26	425.2180543
294.28	425.2351993
294.3	425.252338
294.32	425.2694706
294.34	425.2865969
294.36	425.3037171
294.38	425.3208309
294.4	425.3379385
294.42	425.3550399
294.44	425.3721351
294.46	425.389224
294.48	425.4063067
294.5	425.4233831
294.52	425.4404533
294.54	425.4575172
294.56	425.4745748
294.58	425.4916261
294.6	425.5086712
294.62	425.5257099
294.64	425.5427424
294.66	425.5597685
294.68	425.5767884
294.7	425.593801
294.72	425.6108073
294.74	425.6278073
294.76	425.644801
294.78	425.6617883
294.8	425.6787693
294.82	425.6957439
294.84	425.7127122
294.86	425.729674
294.88	425.7466295
294.9	425.7635796
294.92	425.7805233
294.94	425.7974607
294.96	425.8143827
294.98	425.8312983
295	425.8482074
295.02	425.8651198
295.04	425.8820258
295.06	425.8989253
295.08	425.9158184
295.1	425.9327051
295.12	425.9495853
295.14	425.9664591
295.16	425.9833264
295.18	426.0001872
295.2	426.0170416
295.22	426.0338895
295.24	426.0507309
295.26	426.0675658
295.28	426.0843942
295.3	426.1012161
295.32	426.1180314
295.34	426.1348402
295.36	426.1516425
295.38	426.1684383
295.4	426.1852275
295.42	426.2020103
295.44	426.2187864
295.46	426.235556
295.48	426.2523191
295.5	426.2690756
295.52	426.2858256
295.54	426.3025691
295.56	426.319306
295.58	426.3360363
295.6	426.35276
295.62	426.3694772
295.64	426.3861877
295.66	426.4028917
295.68	426.419589
295.7	426.4362797
295.72	426.4529629
295.74	426.4696395
295.76	426.4863104
295.78	426.5029746
295.8	426.5196323
295.82	426.5362833
295.84	426.5529276
295.86	426.5695653
295.88	426.5861963
295.9	426.6028207
295.92	426.6194383
295.94	426.6360586
295.96	426.6526723
295.98	426.6692792
296	426.6858795
296.02	426.7024731
296.04	426.71906
296.06	426.7356317
296.08	426.7521967
296.1	426.768755
296.12	426.7853066
296.14	426.8018515
296.16	426.8183896
296.18	426.834921
296.2	426.8514457
296.22	426.8679636
296.24	426.8844748
296.26	426.9009793
296.28	426.9174769
296.3	426.9339679
296.32	426.950452
296.34	426.9669295
296.36	426.9834001
296.38	426.999864
296.4	427.0163211
296.42	427.0327714
296.44	427.0492149
296.46	427.0656516
296.48	427.0820815
296.5	427.0985047
296.52	427.114921
296.54	427.1313305
296.56	427.1477332
296.58	427.1641291
296.6	427.1805181
296.62	427.1969004
296.64	427.2132758
296.66	427.2296443
296.68	427.246007
296.7	427.2623628
296.72	427.2787118
296.74	427.2950539
296.76	427.3113892
296.78	427.3277177
296.8	427.3440392
296.82	427.360354
296.84	427.3766618
296.86	427.3929628
296.88	427.4092569
296.9	427.4255441
296.92	427.4418245
296.94	427.458106
296.96	427.4743807
296.98	427.4906484
297	427.5069093
297.02	427.5231633
297.04	427.5394104
297.06	427.5556506
297.08	427.5718839
297.1	427.5881103
297.12	427.6043298
297.14	427.6205424
297.16	427.6367481
297.18	427.6529468
297.2	427.6691386
297.22	427.6853235
297.24	427.7015015
297.26	427.7176725
297.28	427.7338368
297.3	427.749994
297.32	427.7661444
297.34	427.7822877
297.36	427.7984242
297.38	427.8145537
297.4	427.8306683
297.42	427.8467759
297.44	427.8628766
297.46	427.8789703
297.48	427.895057
297.5	427.9111368
297.52	427.9272097
297.54	427.9432755
297.56	427.9593344
297.58	427.9753863
297.6	427.9914313
297.62	428.0074693
297.64	428.0235003
297.66	428.0395243
297.68	428.0555413
297.7	428.0715523
297.72	428.0875562
297.74	428.1035532
297.76	428.1195431
297.78	428.1355261
297.8	428.151502
297.82	428.1674709
297.84	428.1834329
297.86	428.1993878
297.88	428.2153358
297.9	428.2312767
297.92	428.2472107
297.94	428.2631376
297.96	428.2790575
297.98	428.2949705
298	428.3108764
298.02	428.3267753
298.04	428.3426757
298.06	428.3585691
298.08	428.3744555
298.1	428.3903348
298.12	428.4062072
298.14	428.4220725
298.16	428.4379308
298.18	428.4537822
298.2	428.4696265
298.22	428.4854637
298.24	428.501294
298.26	428.5171172
298.28	428.5329334
298.3	428.5487426
298.32	428.5645448
298.34	428.58034
298.36	428.5961283
298.38	428.6119094
298.4	428.6276836
298.42	428.6434507
298.44	428.6592108
298.46	428.6749639
298.48	428.69071
298.5	428.706449
298.52	428.722181
298.54	428.737906
298.56	428.7536239
298.58	428.7693349
298.6	428.7850387
298.62	428.8007356
298.64	428.8164254
298.66	428.8321075
298.68	428.8477824
298.7	428.8634504
298.72	428.8791113
298.74	428.8947652
298.76	428.9104121
298.78	428.926052
298.8	428.9416848
298.82	428.9573106
298.84	428.9729293
298.86	428.9885411
298.88	429.0041458
298.9	429.0197434
298.92	429.0353349
298.94	429.0509194
298.96	429.0664968
298.98	429.0820673
299	429.0976307
299.02	429.113187
299.04	429.1287364
299.06	429.1442787
299.08	429.159814
299.1	429.1753423
299.12	429.1908636
299.14	429.2063778
299.16	429.2218851
299.18	429.2373853
299.2	429.2528785
299.22	429.2683647
299.24	429.2838438
299.26	429.299316
299.28	429.3147812
299.3	429.3302393
299.32	429.3456905
299.34	429.3611346
299.36	429.3765717
299.38	429.3920098
299.4	429.4074409
299.42	429.422865
299.44	429.4382821
299.46	429.4536922
299.48	429.4690953
299.5	429.4844914
299.52	429.4998806
299.54	429.5152627
299.56	429.5306378
299.58	429.546006
299.6	429.56136
299.62	429.576707
299.64	429.5920471
299.66	429.6073802
299.68	429.6227063
299.7	429.6380254
299.72	429.6533376
299.74	429.6686429
299.76	429.6839412
299.78	429.6992326
299.8	429.714517
299.82	429.7297944
299.84	429.7450649
299.86	429.7603284
299.88	429.775585
299.9	429.7908347
299.92	429.8060774
299.94	429.8213131
299.96	429.836542
299.98	429.8517639
300	429.8669788
300.02	429.8821868
300.04	429.8973879
300.06	429.9125821
300.08	429.9277693
300.1	429.9429497
300.12	429.9581231
300.14	429.9732896
300.16	429.9884492
300.18	430.0036019
300.2	430.0187477
300.22	430.0338865
300.24	430.0490185
300.26	430.0641436
300.28	430.0792618
300.3	430.0943731
300.32	430.1094776
300.34	430.1245751
300.36	430.1396658
300.38	430.1547496
300.4	430.1698266
300.42	430.1848966
300.44	430.1999598
300.46	430.2150162
300.48	430.2300657
300.5	430.2451083
300.52	430.2601441
300.54	430.2751731
300.56	430.2901952
300.58	430.3052105
300.6	430.3202189
300.62	430.3352206
300.64	430.3502161
300.66	430.3652049
300.68	430.3801868
300.7	430.395162
300.72	430.4101303
300.74	430.4250918
300.76	430.4400466
300.78	430.4549945
300.8	430.4699356
300.82	430.48487
300.84	430.4997976
300.86	430.5147184
300.88	430.5296324
300.9	430.5445397
300.92	430.5594402
300.94	430.5743339
300.96	430.5892209
300.98	430.6041012
301	430.6189747
301.02	430.6338414
301.04	430.6487015
301.06	430.6635548
301.08	430.6784013
301.1	430.6932412
301.12	430.7080743
301.14	430.7229008
301.16	430.7377205
301.18	430.7525335
301.2	430.7673399
301.22	430.7821395
301.24	430.7969325
301.26	430.8117188
301.28	430.8264984
301.3	430.8412713
301.32	430.8560376
301.34	430.8707972
301.36	430.8855502
301.38	430.9002965
301.4	430.9150362
301.42	430.9297693
301.44	430.9444957
301.46	430.9592155
301.48	430.9739286
301.5	430.9886352
301.52	431.0033352
301.54	431.0180285
301.56	431.0327152
301.58	431.0474026
301.6	431.0620833
301.62	431.0767575
301.64	431.091425
301.66	431.106086
301.68	431.1207404
301.7	431.1353883
301.72	431.1500296
301.74	431.1646644
301.76	431.1792926
301.78	431.1939143
301.8	431.2085295
301.82	431.2231381
301.84	431.2377402
301.86	431.2523358
301.88	431.2669249
301.9	431.2815075
301.92	431.2960836
301.94	431.3106532
301.96	431.3252163
301.98	431.339773
302	431.3543232
302.02	431.3688669
302.04	431.3834042
302.06	431.397935
302.08	431.4124594
302.1	431.4269773
302.12	431.4414888
302.14	431.4559939
302.16	431.4704926
302.18	431.4849848
302.2	431.4994707
302.22	431.5139501
302.24	431.5284232
302.26	431.5428899
302.28	431.5573502
302.3	431.5718041
302.32	431.5862517
302.34	431.6006929
302.36	431.6151278
302.38	431.6295563
302.4	431.6439785
302.42	431.6583944
302.44	431.6728039
302.46	431.6872133
302.48	431.7016164
302.5	431.7160132
302.52	431.7304037
302.54	431.7447879
302.56	431.7591658
302.58	431.7735374
302.6	431.7879027
302.62	431.8022618
302.64	431.8166146
302.66	431.8309612
302.68	431.8453015
302.7	431.8596356
302.72	431.8739634
302.74	431.8882796
302.76	431.9025895
302.78	431.9168933
302.8	431.9311969
302.82	431.9454943
302.84	431.9597856
302.86	431.9740707
302.88	431.9883496
302.9	432.0026223
302.92	432.0168889
302.94	432.0311493
302.96	432.0454036
302.98	432.0596517
303	432.0738938
303.02	432.0881297
303.04	432.1023596
303.06	432.1165833
303.08	432.130801
303.1	432.1450125
303.12	432.159218
303.14	432.1734174
303.16	432.1876107
303.18	432.201798
303.2	432.2159792
303.22	432.2301544
303.24	432.2443235
303.26	432.2584866
303.28	432.2726437
303.3	432.2867948
303.32	432.3009399
303.34	432.315079
303.36	432.3292121
303.38	432.3433392
303.4	432.3574603
303.42	432.3715755
303.44	432.3856847
303.46	432.399788
303.48	432.4138853
303.5	432.4279767
303.52	432.4420622
303.54	432.4561418
303.56	432.4702154
303.58	432.4842832
303.6	432.498345
303.62	432.512401
303.64	432.5264511
303.66	432.5404953
303.68	432.5545337
303.7	432.5685662
303.72	432.5825929
303.74	432.5966138
303.76	432.6106288
303.78	432.624638
303.8	432.6386414
303.82	432.652639
303.84	432.6666308
303.86	432.6806168
303.88	432.694597
303.9	432.7085715
303.92	432.7225402
303.94	432.7365032
303.96	432.7504604
303.98	432.7644119
304	432.7783576
304.02	432.7922976
304.04	432.806232
304.06	432.8201606
304.08	432.8340835
304.1	432.8480008
304.12	432.8619123
304.14	432.8758182
304.16	432.8897185
304.18	432.9036131
304.2	432.917502
304.22	432.9313854
304.24	432.945263
304.26	432.9591351
304.28	432.9730016
304.3	432.9868625
304.32	433.0007177
304.34	433.0145674
304.36	433.0284116
304.38	433.0422501
304.4	433.0560831
304.42	433.0699106
304.44	433.0837263
304.46	433.0975365
304.48	433.1113412
304.5	433.1251404
304.52	433.1389341
304.54	433.1527223
304.56	433.166505
304.58	433.1802823
304.6	433.1940541
304.62	433.2078205
304.64	433.2215814
304.66	433.2353369
304.68	433.2490869
304.7	433.2628316
304.72	433.2765768
304.74	433.2903161
304.76	433.30405
304.78	433.3177725
304.8	433.3314896
304.82	433.3452013
304.84	433.3589077
304.86	433.3726092
304.88	433.3863054
304.9	433.3999963
304.92	433.4136819
304.94	433.4273621
304.96	433.4410371
304.98	433.4547067
305	433.468371
305.02	433.48203
305.04	433.4956837
305.06	433.5093322
305.08	433.5229809
305.1	433.5366242
305.12	433.5502624
305.14	433.5638953
305.16	433.577523
305.18	433.5911454
305.2	433.6047627
305.22	433.6183747
305.24	433.6319816
305.26	433.6455833
305.28	433.6591798
305.3	433.6727711
305.32	433.6863573
305.34	433.6999383
305.36	433.7135142
305.38	433.7270849
305.4	433.7406506
305.42	433.7542111
305.44	433.7677665
305.46	433.7813169
305.48	433.7948621
305.5	433.8084023
305.52	433.8219374
305.54	433.8354674
305.56	433.8489924
305.58	433.8625123
305.6	433.8760272
305.62	433.8895371
305.64	433.903042
305.66	433.9165419
305.68	433.9300367
305.7	433.9435266
305.72	433.9570115
305.74	433.9704914
305.76	433.9839664
305.78	433.9974364
305.8	434.0109015
305.82	434.0243616
305.84	434.0378168
305.86	434.0512671
305.88	434.0647125
305.9	434.078153
305.92	434.0915885
305.94	434.1050192
305.96	434.1184451
305.98	434.131866
306	434.1452822
306.02	434.1586935
306.04	434.1721
306.06	434.1855016
306.08	434.1988984
306.1	434.2122904
306.12	434.2256776
306.14	434.23906
306.16	434.2524376
306.18	434.2658105
306.2	434.2791785
306.22	434.2925419
306.24	434.3059004
306.26	434.3192542
306.28	434.3326038
306.3	434.3459486
306.32	434.3592888
306.34	434.3726242
306.36	434.3859549
306.38	434.3992809
306.4	434.4126023
306.42	434.425919
306.44	434.439231
306.46	434.4525383
306.48	434.465841
306.5	434.479139
306.52	434.4924325
306.54	434.5057213
306.56	434.5190054
306.58	434.532285
306.6	434.5455599
306.62	434.5588303
306.64	434.5720961
306.66	434.5853623
306.68	434.5986239
306.7	434.6118805
306.72	434.6251329
306.74	434.6383809
306.76	434.6516242
306.78	434.6648631
306.8	434.6780974
306.82	434.6913272
306.84	434.704552
306.86	434.7177723
306.88	434.7309881
306.9	434.7441994
306.92	434.7574062
306.94	434.7706086
306.96	434.7838066
306.98	434.7970001
307	434.8101891
307.02	434.8233738
307.04	434.836554
307.06	434.8497244
307.08	434.8628904
307.1	434.876052
307.12	434.8892093
307.14	434.9023621
307.16	434.9155107
307.18	434.928655
307.2	434.9417948
307.22	434.9549304
307.24	434.9680616
307.26	434.9811885
307.28	434.9943112
307.3	435.0074295
307.32	435.0205435
307.34	435.0336532
307.36	435.0467587
307.38	435.0598599
307.4	435.0729568
307.42	435.0860495
307.44	435.099138
307.46	435.1122222
307.48	435.1253022
307.5	435.138378
307.52	435.1514495
307.54	435.1645169
307.56	435.1775806
307.58	435.1906401
307.6	435.2036954
307.62	435.2167465
307.64	435.2297935
307.66	435.2428363
307.68	435.2558749
307.7	435.2689095
307.72	435.2819399
307.74	435.2949662
307.76	435.3079884
307.78	435.3210064
307.8	435.3340204
307.82	435.3470303
307.84	435.3600361
307.86	435.3730379
307.88	435.3860356
307.9	435.3990292
307.92	435.4120188
307.94	435.4250043
307.96	435.4379858
307.98	435.4509633
308	435.4639367
308.02	435.4769061
308.04	435.4898762
308.06	435.5028423
308.08	435.5158044
308.1	435.5287625
308.12	435.5417166
308.14	435.5546668
308.16	435.567613
308.18	435.5805552
308.2	435.5934935
308.22	435.6064279
308.24	435.6193583
308.26	435.6322843
308.28	435.6452064
308.3	435.6581247
308.32	435.671039
308.34	435.6839495
308.36	435.696856
308.38	435.7097587
308.4	435.7226576
308.42	435.7355525
308.44	435.7484437
308.46	435.761331
308.48	435.7742144
308.5	435.787094
308.52	435.7999698
308.54	435.8128418
308.56	435.82571
308.58	435.8385744
308.6	435.851435
308.62	435.8642918
308.64	435.8771399
308.66	435.8899842
308.68	435.9028248
308.7	435.9156616
308.72	435.9284947
308.74	435.9413241
308.76	435.9541502
308.78	435.9669725
308.8	435.9797912
308.82	435.9926062
308.84	436.0054175
308.86	436.0182251
308.88	436.0310291
308.9	436.0438294
308.92	436.056626
308.94	436.0694189
308.96	436.0822083
308.98	436.094994
309	436.107776
309.02	436.1205544
309.04	436.1333293
309.06	436.1461005
309.08	436.1588681
309.1	436.1716321
309.12	436.1843925
309.14	436.1971494
309.16	436.2099026
309.18	436.2226523
309.2	436.2353984
309.22	436.248141
309.24	436.26088
309.26	436.2736155
309.28	436.2863474
309.3	436.2990759
309.32	436.3118008
309.34	436.3245266
309.36	436.3372489
309.38	436.3499678
309.4	436.3626831
309.42	436.3753949
309.44	436.3881033
309.46	436.4008082
309.48	436.4135096
309.5	436.4262076
309.52	436.4389021
309.54	436.4515927
309.56	436.4642799
309.58	436.4769636
309.6	436.4896439
309.62	436.5023208
309.64	436.5149943
309.66	436.5276643
309.68	436.540331
309.7	436.5529943
309.72	436.5656542
309.74	436.5783108
309.76	436.590964
309.78	436.6036138
309.8	436.6162602
309.82	436.6289033
309.84	436.6415431
309.86	436.6541796
309.88	436.6668127
309.9	436.6794425
309.92	436.692069
309.94	436.7046926
309.96	436.7173129
309.98	436.7299299
310	436.7425436
310.02	436.7551494
310.04	436.7677519
310.06	436.7803512
310.08	436.7929472
310.1	436.80554
310.12	436.8181295
310.14	436.8307159
310.16	436.8432989
310.18	436.8558788
310.2	436.8684555
310.22	436.8810289
310.24	436.8935992
310.26	436.9061662
310.28	436.91873
310.3	436.9312907
310.32	436.9438482
310.34	436.9564025
310.36	436.9689537
310.38	436.9815017
310.4	436.9940465
310.42	437.0065883
310.44	437.0191269
310.46	437.0316624
310.48	437.0441947
310.5	437.056724
310.52	437.0692502
310.54	437.0817733
310.56	437.0942932
310.58	437.1068101
310.6	437.119328
310.62	437.1318428
310.64	437.1443546
310.66	437.1568633
310.68	437.1693689
310.7	437.1818714
310.72	437.1943709
310.74	437.2068669
310.76	437.2193599
310.78	437.2318498
310.8	437.2443367
310.82	437.2568206
310.84	437.2693014
310.86	437.2817793
310.88	437.2942541
310.9	437.3067259
310.92	437.3191948
310.94	437.3316607
310.96	437.3441236
310.98	437.3565835
311	437.3690404
311.02	437.3814944
311.04	437.3939454
311.06	437.4063935
311.08	437.4188387
311.1	437.4312809
311.12	437.4437205
311.14	437.4561573
311.16	437.4685911
311.18	437.481022
311.2	437.49345
311.22	437.5058752
311.24	437.5182974
311.26	437.5307167
311.28	437.5431331
311.3	437.5555466
311.32	437.567953
311.34	437.5803564
311.36	437.5927569
311.38	437.6051546
311.4	437.6175495
311.42	437.6299415
311.44	437.6423307
311.46	437.6547171
311.48	437.6671006
311.5	437.6794814
311.52	437.6918593
311.54	437.7042345
311.56	437.7166068
311.58	437.7289764
311.6	437.7413432
311.62	437.7537072
311.64	437.7660685
311.66	437.778427
311.68	437.7907827
311.7	437.8031356
311.72	437.8154859
311.74	437.8278333
311.76	437.8401781
311.78	437.8525201
311.8	437.8648593
311.82	437.8771959
311.84	437.8895297
311.86	437.9018608
311.88	437.9141931
311.9	437.9265226
311.92	437.9388491
311.94	437.9511728
311.96	437.9634938
311.98	437.9758122
312	437.9881278
312.02	438.0004408
312.04	438.0127512
312.06	438.0250588
312.08	438.0373638
312.1	438.0496661
312.12	438.0619658
312.14	438.0742629
312.16	438.0865573
312.18	438.098849
312.2	438.1111382
312.22	438.1234247
312.24	438.1357086
312.26	438.1479898
312.28	438.1602685
312.3	438.1725446
312.32	438.1848184
312.34	438.1970897
312.36	438.2093584
312.38	438.2216244
312.4	438.2338879
312.42	438.2461489
312.44	438.2584072
312.46	438.2706629
312.48	438.2829161
312.5	438.2951668
312.52	438.3074149
312.54	438.3196604
312.56	438.3319034
312.58	438.3441398
312.6	438.3563736
312.62	438.3686049
312.64	438.3808337
312.66	438.39306
312.68	438.4052839
312.7	438.4175052
312.72	438.429724
312.74	438.4419404
312.76	438.4541543
312.78	438.4663657
312.8	438.4785747
312.82	438.4907811
312.84	438.5029852
312.86	438.5151867
312.88	438.5273858
312.9	438.5395825
312.92	438.5517767
312.94	438.5639685
312.96	438.5761578
312.98	438.5883448
313	438.6005292
313.02	438.6127113
313.04	438.624891
313.06	438.6370682
313.08	438.6492431
313.1	438.6614151
313.12	438.6735848
313.14	438.6857521
313.16	438.6979206
313.18	438.7100867
313.2	438.7222505
313.22	438.7344119
313.24	438.7465709
313.26	438.7587276
313.28	438.7708818
313.3	438.7830337
313.32	438.7951833
313.34	438.8073305
313.36	438.8194754
313.38	438.8316179
313.4	438.8437581
313.42	438.8558959
313.44	438.8680314
313.46	438.8801646
313.48	438.8922955
313.5	438.904424
313.52	438.9165503
313.54	438.9286746
313.56	438.9407966
313.58	438.9529162
313.6	438.9650336
313.62	438.9771487
313.64	438.9892614
313.66	439.0013719
313.68	439.0134802
313.7	439.0255861
313.72	439.0376898
313.74	439.0497912
313.76	439.0618904
313.78	439.0739873
313.8	439.0860819
313.82	439.0981743
313.84	439.1102645
313.86	439.1223485
313.88	439.1344304
313.9	439.14651
313.92	439.1585874
313.94	439.1706626
313.96	439.1827356
313.98	439.1948064
314	439.206875
314.02	439.2189413
314.04	439.2310055
314.06	439.2430675
314.08	439.2551273
314.1	439.267185
314.12	439.2792404
314.14	439.2912937
314.16	439.3033448
314.18	439.3153938
314.2	439.3274406
314.22	439.3394852
314.24	439.3515277
314.26	439.363568
314.28	439.3756062
314.3	439.3876419
314.32	439.3996754
314.34	439.4117068
314.36	439.4237361
314.38	439.4357632
314.4	439.4477883
314.42	439.4598112
314.44	439.471832
314.46	439.4838507
314.48	439.4958707
314.5	439.5078887
314.52	439.5199045
314.54	439.5319182
314.56	439.5439299
314.58	439.5559394
314.6	439.5679469
314.62	439.5799523
314.64	439.5919555
314.66	439.6039568
314.68	439.6159559
314.7	439.6279529
314.72	439.6399479
314.74	439.6519408
314.76	439.6639317
314.78	439.6759205
314.8	439.6879072
314.82	439.6998923
314.84	439.7118753
314.86	439.7238562
314.88	439.7358351
314.9	439.747812
314.92	439.7597869
314.94	439.7717597
314.96	439.7837306
314.98	439.7956993
315	439.8076661
315.02	439.8196309
315.04	439.8315937
315.06	439.8435544
315.08	439.8555132
315.1	439.8674699
315.12	439.8794247
315.14	439.8913738
315.16	439.903321
315.18	439.9152662
315.2	439.9272094
315.22	439.9391507
315.24	439.95109
315.26	439.9630273
315.28	439.9749627
315.3	439.9868961
315.32	439.9988276
315.34	440.0107571
315.36	440.0226847
315.38	440.0346103
315.4	440.046534
315.42	440.0584558
315.44	440.0703757
315.46	440.0822936
315.48	440.0942096
315.5	440.1061237
315.52	440.1180355
315.54	440.1299453
315.56	440.1418533
315.58	440.1537594
315.6	440.1656636
315.62	440.1775658
315.64	440.1894662
315.66	440.2013647
315.68	440.2132613
315.7	440.225156
315.72	440.2370489
315.74	440.2489398
315.76	440.2608289
315.78	440.2727161
315.8	440.2846015
315.82	440.296485
315.84	440.3083666
315.86	440.3202496
315.88	440.3321307
315.9	440.34401
315.92	440.3558874
315.94	440.367763
315.96	440.3796367
315.98	440.3915085
316	440.4033785
316.02	440.4152467
316.04	440.4271131
316.06	440.4389776
316.08	440.4508402
316.1	440.4627011
316.12	440.4745601
316.14	440.4864173
316.16	440.498273
316.18	440.510127
316.2	440.521979
316.22	440.5338293
316.24	440.5456778
316.26	440.5575245
316.28	440.5693693
316.3	440.5812124
316.32	440.5930537
316.34	440.6048932
316.36	440.6167309
316.38	440.6285668
316.4	440.6404009
316.42	440.6522332
316.44	440.6640638
316.46	440.6758892
316.48	440.6877128
316.5	440.6995347
316.52	440.7113548
316.54	440.7231731
316.56	440.7349897
316.58	440.7468046
316.6	440.7586177
316.62	440.770429
316.64	440.7822386
316.66	440.7940465
316.68	440.8058527
316.7	440.8176571
316.72	440.8294598
316.74	440.8412607
316.76	440.85306
316.78	440.8648575
316.8	440.876653
316.82	440.8884467
316.84	440.9002388
316.86	440.9120291
316.88	440.9238177
316.9	440.9356046
316.92	440.9473899
316.94	440.9591734
316.96	440.9709553
316.98	440.9827354
317	440.9945139
317.02	441.0062907
317.04	441.0180658
317.06	441.0298392
317.08	441.0416109
317.1	441.053381
317.12	441.0651494
317.14	441.0769161
317.16	441.0886811
317.18	441.1004445
317.2	441.1122062
317.22	441.1239662
317.24	441.1357247
317.26	441.1474814
317.28	441.1592365
317.3	441.17099
317.32	441.1827448
317.34	441.1944981
317.36	441.2062497
317.38	441.2179996
317.4	441.2297479
317.42	441.2414946
317.44	441.2532396
317.46	441.264983
317.48	441.2767248
317.5	441.288465
317.52	441.3002035
317.54	441.3119404
317.56	441.3236757
317.58	441.3354096
317.6	441.347142
317.62	441.3588728
317.64	441.3706019
317.66	441.3823294
317.68	441.3940554
317.7	441.4057797
317.72	441.4175024
317.74	441.4292236
317.76	441.4409431
317.78	441.4526611
317.8	441.4643774
317.82	441.4760922
317.84	441.4878021
317.86	441.4995105
317.88	441.5112173
317.9	441.5229226
317.92	441.5346262
317.94	441.5463283
317.96	441.5580289
317.98	441.5697279
318	441.5814253
318.02	441.5931211
318.04	441.6048155
318.06	441.6165082
318.08	441.6281994
318.1	441.6398891
318.12	441.6515772
318.14	441.6632635
318.16	441.6749482
318.18	441.6866314
318.2	441.6983131
318.22	441.7099932
318.24	441.7216718
318.26	441.7333488
318.28	441.7450244
318.3	441.7566984
318.32	441.7683709
318.34	441.7800419
318.36	441.7917114
318.38	441.8033793
318.4	441.8150458
318.42	441.8267107
318.44	441.8383741
318.46	441.850036
318.48	441.8616964
318.5	441.8733553
318.52	441.8850127
318.54	441.8966686
318.56	441.908323
318.58	441.919976
318.6	441.9316274
318.62	441.9432774
318.64	441.9549258
318.66	441.9665728
318.68	441.9782184
318.7	441.9898624
318.72	442.001505
318.74	442.0131461
318.76	442.0247857
318.78	442.0364238
318.8	442.0480605
318.82	442.0596958
318.84	442.0713324
318.86	442.0829676
318.88	442.0946014
318.9	442.1062336
318.92	442.1178645
318.94	442.1294938
318.96	442.1411217
318.98	442.1527482
319	442.1643732
319.02	442.1759968
319.04	442.1876189
319.06	442.1992395
319.08	442.2108588
319.1	442.2224769
319.12	442.2340935
319.14	442.2457087
319.16	442.2573225
319.18	442.2689348
319.2	442.2805458
319.22	442.2921552
319.24	442.3037633
319.26	442.3153699
319.28	442.3269752
319.3	442.3385759
319.32	442.3501752
319.34	442.3617732
319.36	442.3733697
319.38	442.3849648
319.4	442.3965585
319.42	442.4081509
319.44	442.4197418
319.46	442.4313313
319.48	442.4429194
319.5	442.4545062
319.52	442.4660915
319.54	442.4776755
319.56	442.4892577
319.58	442.5008386
319.6	442.5124181
319.62	442.5239962
319.64	442.5355729
319.66	442.5471483
319.68	442.5587223
319.7	442.5702949
319.72	442.5818661
319.74	442.593436
319.76	442.6050045
319.78	442.6165717
319.8	442.6281374
319.82	442.6397018
319.84	442.6512648
319.86	442.6628265
319.88	442.6743868
319.9	442.6859458
319.92	442.6975034
319.94	442.7090596
319.96	442.7206146
319.98	442.7321681
320	442.7437203
320.02	442.7552712
320.04	442.7668208
320.06	442.778369
320.08	442.7899158
320.1	442.8014613
320.12	442.8130055
320.14	442.8245484
320.16	442.8360899
320.18	442.8476301
320.2	442.859169
320.22	442.8707066
320.24	442.8822428
320.26	442.8937777
320.28	442.9053113
320.3	442.9168436
320.32	442.9283745
320.34	442.9399042
320.36	442.9514325
320.38	442.9629595
320.4	442.9744853
320.42	442.9860097
320.44	442.9975328
320.46	443.0090546
320.48	443.0205751
320.5	443.032097
320.52	443.0436176
320.54	443.0551369
320.56	443.0666549
320.58	443.0781717
320.6	443.0896871
320.62	443.1012012
320.64	443.112714
320.66	443.1242256
320.68	443.1357358
320.7	443.1472451
320.72	443.158753
320.74	443.1702597
320.76	443.1817651
320.78	443.1932692
320.8	443.204772
320.82	443.2162707
320.84	443.227768
320.86	443.2392641
320.88	443.250759
320.9	443.2622526
320.92	443.2737449
320.94	443.285236
320.96	443.2967258
320.98	443.3082144
321	443.3197017
321.02	443.3311877
321.04	443.3426725
321.06	443.354156
321.08	443.365638
321.1	443.3771188
321.12	443.3885983
321.14	443.4000765
321.16	443.4115535
321.18	443.4230293
321.2	443.4345038
321.22	443.4459771
321.24	443.4574491
321.26	443.4689199
321.28	443.4803895
321.3	443.4918578
321.32	443.5033249
321.34	443.5147907
321.36	443.5262554
321.38	443.5377188
321.4	443.5491809
321.42	443.5606419
321.44	443.5721016
321.46	443.5835601
321.48	443.5950174
321.5	443.6064734
321.52	443.6179283
321.54	443.6293819
321.56	443.6408343
321.58	443.6522855
321.6	443.6637355
321.62	443.6751843
321.64	443.6866319
321.66	443.6980783
321.68	443.7095235
321.7	443.7209674
321.72	443.7324102
321.74	443.7438518
321.76	443.7552921
321.78	443.7667313
321.8	443.7781693
321.82	443.7896061
321.84	443.8010417
321.86	443.8124761
321.88	443.8239093
321.9	443.8353413
321.92	443.8467721
321.94	443.8582018
321.96	443.8696303
321.98	443.8810575
322	443.8924836
322.02	443.9039086
322.04	443.9153323
322.06	443.9267549
322.08	443.9381763
322.1	443.9495965
322.12	443.9610155
322.14	443.9724334
322.16	443.9838501
322.18	443.9952657
322.2	444.00668
322.22	444.0180933
322.24	444.0295053
322.26	444.0409187
322.28	444.052331
322.3	444.0637421
322.32	444.075152
322.34	444.0865608
322.36	444.0979684
322.38	444.1093749
322.4	444.1207802
322.42	444.1321843
322.44	444.1435873
322.46	444.1549894
322.48	444.1663876
322.5	444.1777847
322.52	444.1891806
322.54	444.2005754
322.56	444.211969
322.58	444.2233615
322.6	444.2347529
322.62	444.2461431
322.64	444.2575322
322.66	444.2689202
322.68	444.2803068
322.7	444.2916922
322.72	444.3030765
322.74	444.3144597
322.76	444.3258417
322.78	444.3372226
322.8	444.3486024
322.82	444.3599811
322.84	444.3713586
322.86	444.382735
322.88	444.3941103
322.9	444.4054844
322.92	444.4168575
322.94	444.4282294
322.96	444.4396002
322.98	444.4509698
323	444.4623384
323.02	444.4737059
323.04	444.4850722
323.06	444.4964374
323.08	444.5078016
323.1	444.5191646
323.12	444.5305265
323.14	444.5418873
323.16	444.553247
323.18	444.5646056
323.2	444.5759631
323.22	444.5873195
323.24	444.5986748
323.26	444.610029
323.28	444.6213821
323.3	444.6327341
323.32	444.644085
323.34	444.6554349
323.36	444.6667836
323.38	444.6781312
323.4	444.6894778
323.42	444.7008233
323.44	444.7121676
323.46	444.7235109
323.48	444.7348531
323.5	444.7461943
323.52	444.7575343
323.54	444.7688733
323.56	444.7802112
323.58	444.791548
323.6	444.8028837
323.62	444.8142184
323.64	444.8255519
323.66	444.8368845
323.68	444.8482159
323.7	444.8595462
323.72	444.8708755
323.74	444.8822038
323.76	444.8935309
323.78	444.904857
323.8	444.916182
323.82	444.927506
323.84	444.9388289
323.86	444.9501507
323.88	444.9614715
323.9	444.9727912
323.92	444.9841098
323.94	444.9954274
323.96	445.006744
323.98	445.0180595
324	445.0293739
324.02	445.0406873
324.04	445.0519996
324.06	445.0633108
324.08	445.0746211
324.1	445.0859302
324.12	445.0972384
324.14	445.1085454
324.16	445.1198515
324.18	445.1311588
324.2	445.1424652
324.22	445.1537704
324.24	445.1650721
324.26	445.1763727
324.28	445.1876723
324.3	445.1989709
324.32	445.2102684
324.34	445.2215628
324.36	445.2328585
324.38	445.2441532
324.4	445.2554468
324.42	445.2667394
324.44	445.2780307
324.46	445.289321
324.48	445.3006102
324.5	445.3118982
324.52	445.3231855
324.54	445.3344717
324.56	445.3457568
324.58	445.357041
324.6	445.3683241
324.62	445.3796062
324.64	445.3908872
324.66	445.4021673
324.68	445.4134463
324.7	445.4247243
324.72	445.4360013
324.74	445.4472773
324.76	445.4585522
324.78	445.4698262
324.8	445.4810991
324.82	445.4923711
324.84	445.503642
324.86	445.5149119
324.88	445.5261808
324.9	445.5374487
324.92	445.5487156
324.94	445.5599815
324.96	445.5712463
324.98	445.5825102
325	445.5937731
325.02	445.605035
325.04	445.6162958
325.06	445.6275557
325.08	445.6388146
325.1	445.6500725
325.12	445.6613294
325.14	445.6725853
325.16	445.6838402
325.18	445.6950941
325.2	445.706347
325.22	445.7175989
325.24	445.7288498
325.26	445.7400998
325.28	445.7513487
325.3	445.7625967
325.32	445.7738437
325.34	445.7850897
325.36	445.7963347
325.38	445.8075787
325.4	445.8188217
325.42	445.8300638
325.44	445.8413049
325.46	445.852545
325.48	445.8637841
325.5	445.8750222
325.52	445.8862594
325.54	445.8974956
325.56	445.9087308
325.58	445.919965
325.6	445.9311983
325.62	445.9424306
325.64	445.9536619
325.66	445.9648923
325.68	445.9761217
325.7	445.9873501
325.72	445.9985775
325.74	446.009804
325.76	446.0210295
325.78	446.0322541
325.8	446.0434776
325.82	446.0547003
325.84	446.0659219
325.86	446.0771426
325.88	446.0883623
325.9	446.0995811
325.92	446.1107989
325.94	446.1220158
325.96	446.1332317
325.98	446.1444466
326	446.1556606
