265	1.08627
265.02	1.0861425
265.04	1.0859325
265.06	1.086195
265.08	1.08633
265.1	1.0859925
265.12	1.0857825
265.14	1.0860475
265.16	1.0861825
265.18	1.08584
265.2	1.0860275
265.22	1.0861175
265.24	1.085755
265.26	1.08593
265.28	1.0860125
265.3	1.0856475
265.32	1.08582
265.34	1.0859025
265.36	1.0855375
265.38	1.08571
265.4	1.08579
265.42	1.085425
265.44	1.0855975
265.46	1.08568
265.48	1.085315
265.5	1.085485
265.52	1.0855675
265.54	1.0852025
265.56	1.085375
265.58	1.0854575
265.6	1.08509
265.62	1.0852625
265.64	1.0853475
265.66	1.08498
265.68	1.08515
265.7	1.085235
265.72	1.08487
265.74	1.08504
265.76	1.0851225
265.78	1.084755
265.8	1.0849275
265.82	1.0850125
265.84	1.0846475
265.86	1.0848175
265.88	1.0849
265.9	1.084535
265.92	1.084705
265.94	1.08479
265.96	1.084425
265.98	1.084595
266	1.08428
266.02	1.0836925
266.04	1.08414
266.06	1.0843775
266.08	1.084095
266.1	1.0843125
266.12	1.084425
266.14	1.083675
266.16	1.08363
266.18	1.083995
266.2	1.0837825
266.22	1.08404
266.24	1.084175
266.26	1.0838275
266.28	1.0836175
266.3	1.08349
266.32	1.083795
266.34	1.083955
266.36	1.083625
266.38	1.083425
266.4	1.0833
266.42	1.0836075
266.44	1.0837675
266.46	1.0834375
266.48	1.0832375
266.5	1.0831125
266.52	1.08342
266.54	1.0835825
266.56	1.0832525
266.58	1.08305
266.6	1.0833175
266.62	1.0834525
266.64	1.0831175
266.66	1.08291
266.68	1.0831725
266.7	1.0833075
266.72	1.08297
266.74	1.0827625
266.76	1.083025
266.78	1.08316
266.8	1.0828225
266.82	1.0826125
266.84	1.0828775
266.86	1.0830125
266.88	1.0826725
266.9	1.082465
266.92	1.08273
266.94	1.0828625
266.96	1.082525
266.98	1.0823175
267	1.0825825
267.02	1.0827175
267.04	1.0823775
267.06	1.08217
267.08	1.082435
267.1	1.0825675
267.12	1.08223
267.14	1.0820225
267.16	1.0822875
267.18	1.082025
267.2	1.0818625
267.22	1.08215
267.24	1.0819025
267.26	1.081745
267.28	1.0820325
267.3	1.0817875
267.32	1.0816325
267.34	1.0819225
267.36	1.0816775
267.38	1.08152
267.4	1.0818125
267.42	1.0815675
267.44	1.0814075
267.46	1.0817
267.48	1.0814575
267.5	1.0813
267.52	1.0815875
267.54	1.0813425
267.56	1.0811875
267.58	1.08148
267.6	1.081235
267.62	1.081075
267.64	1.0813675
267.66	1.0811225
267.68	1.080965
267.7	1.0812575
267.72	1.0810125
267.74	1.080855
267.76	1.0811475
267.78	1.0809
267.8	1.0807425
267.82	1.0810375
267.84	1.08079
267.86	1.0806325
267.88	1.080925
267.9	1.0806775
267.92	1.0805225
267.94	1.080815
267.96	1.0805675
267.98	1.0804125
268	1.080705
268.02	1.0804575
268.04	1.0803
268.06	1.080595
268.08	1.0803475
268.1	1.0801875
268.12	1.080485
268.14	1.0802375
268.16	1.0800775
268.18	1.0803725
268.2	1.0801275
268.22	1.0799675
268.24	1.07987
268.26	1.0798
268.28	1.0801325
268.3	1.0799125
268.32	1.0797675
268.34	1.0796775
268.36	1.07961
268.38	1.079945
268.4	1.0797275
268.42	1.0795825
268.44	1.07949
268.46	1.0794225
268.48	1.0797625
268.5	1.0795425
268.52	1.0793975
268.54	1.0793075
268.56	1.07924
268.58	1.07957
268.6	1.0793525
268.62	1.0792225
268.64	1.07913
268.66	1.0790625
268.68	1.0793875
268.7	1.0791725
268.72	1.07904
268.74	1.0789425
268.76	1.0788775
268.78	1.0792075
268.8	1.0789875
268.82	1.078855
268.84	1.0787625
268.86	1.0786925
268.88	1.07902
268.9	1.078805
268.92	1.0786725
268.94	1.0789575
268.96	1.0787225
268.98	1.0785775
269	1.0788575
269.02	1.0786175
269.04	1.07847
269.06	1.0787475
269.08	1.078505
269.1	1.0783625
269.12	1.07864
269.14	1.078395
269.16	1.07825
269.18	1.07853
269.2	1.0782875
269.22	1.07814
269.24	1.07842
269.26	1.0781775
269.28	1.0780325
269.3	1.07831
269.32	1.0780675
269.34	1.0779225
269.36	1.0782
269.38	1.0779575
269.4	1.07781
269.42	1.07809
269.44	1.0778475
269.46	1.0777
269.48	1.0779825
269.5	1.07774
269.52	1.07759
269.54	1.07787
269.56	1.07763
269.58	1.0774825
269.6	1.07776
269.62	1.0775175
269.64	1.0773725
269.66	1.0776525
269.68	1.07741
269.7	1.0772625
269.72	1.0775425
269.74	1.0773
269.76	1.07715
269.78	1.0774325
269.8	1.07757
269.82	1.0772525
269.84	1.077065
269.86	1.07732
269.88	1.0774425
269.9	1.07712
269.92	1.076925
269.94	1.0771775
269.96	1.0773
269.98	1.0769725
270	1.07678
270.02	1.0770325
270.04	1.077155
270.06	1.07683
270.08	1.076635
270.1	1.0768875
270.12	1.0770075
270.14	1.076685
270.16	1.07649
270.18	1.07674
270.2	1.076865
270.22	1.07654
270.24	1.0763425
270.26	1.076595
270.28	1.07672
270.3	1.0767725
270.32	1.07641
270.34	1.0761925
270.36	1.0764325
270.38	1.07655
270.4	1.0765975
270.42	1.07623
270.44	1.0760125
270.46	1.0762525
270.48	1.0763675
270.5	1.0764175
270.52	1.07643
270.54	1.0760425
270.56	1.0754275
270.58	1.07583
270.6	1.0760325
270.62	1.076135
270.64	1.076175
270.66	1.0757975
270.68	1.075955
270.7	1.076025
270.72	1.07605
270.74	1.0760475
270.76	1.0756475
270.78	1.0757925
270.8	1.0758525
270.82	1.075875
270.84	1.0758725
270.86	1.07547
270.88	1.0756125
270.9	1.0756725
270.92	1.075315
270.94	1.07548
270.96	1.07555
270.98	1.0751975
271	1.075365
271.02	1.07544
271.04	1.07509
271.06	1.0752575
271.08	1.07533
271.1	1.07498
271.12	1.07515
271.14	1.0752225
271.16	1.0748725
271.18	1.0750425
271.2	1.075115
271.22	1.0747625
271.24	1.0749325
271.26	1.0750075
271.28	1.0746575
271.3	1.0748275
271.32	1.0749
271.34	1.0745475
271.36	1.0747175
271.38	1.0747925
271.4	1.07444
271.42	1.07461
271.44	1.074685
271.46	1.0743325
271.48	1.0745025
271.5	1.074575
271.52	1.0742225
271.54	1.074395
271.56	1.07447
271.58	1.0741175
271.6	1.0742875
271.62	1.0743625
271.64	1.0740075
271.66	1.0741775
271.68	1.074255
271.7	1.0739025
271.72	1.0740725
271.74	1.074145
271.76	1.0737925
271.78	1.073585
271.8	1.0738275
271.82	1.073945
271.84	1.0736175
271.86	1.07342
271.88	1.0736725
271.9	1.073795
271.92	1.07347
271.94	1.0732775
271.96	1.0735275
271.98	1.0736475
272	1.0733275
272.02	1.0731325
272.04	1.0733825
272.06	1.073505
272.08	1.0731825
272.1	1.0729875
272.12	500001322
272.14	1.0733625
272.16	1.0730375
272.18	1.0728425
272.2	1.0730975
272.22	1.0732175
272.24	1.0728925
272.26	1.0727
272.28	1.0725725
272.3	1.0728625
272.32	1.07301
272.34	1.0726975
272.36	1.0725075
272.38	1.0723875
272.4	1.07268
272.42	1.072825
272.44	1.072515
272.46	1.0723275
272.48	1.0722075
272.5	1.0721225
272.52	1.072435
272.54	1.0725925
272.56	1.07229
272.58	1.072105
272.6	1.071985
272.62	1.071905
272.64	1.0718425
272.66	1.07179
272.68	1.071745
272.7	1.071705
272.72	1.0716675
272.74	1.07163
272.76	1.07159
272.78	1.0715525
272.8	1.0715175
272.82	1.0714825
272.84	1.071445
272.86	1.0714075
272.88	1.0713725
272.9	1.071335
272.92	1.0712975
272.94	1.0712625
272.96	1.071225
272.98	1.0711875
273	1.0711525
273.02	1.0711175
273.04	1.07108
273.06	1.0710425
273.08	1.0710075
273.1	1.07097
273.12	1.0709325
273.14	1.0708975
273.16	1.0708625
273.18	1.070825
273.2	1.0707875
273.22	1.07075
273.24	1.070715
273.26	1.07068
273.28	1.07064
273.3	1.070605
273.32	1.07057
273.34	1.0705325
273.36	1.0704975
273.38	1.07046
273.4	1.0704225
273.42	1.070385
273.44	1.07035
273.46	1.070315
273.48	1.0702775
273.5	1.07024
273.52	1.070205
273.54	1.0701675
273.56	1.07013
273.58	1.070095
273.6	1.0700575
273.62	1.0700225
273.64	1.0699875
273.66	1.06995
273.68	1.0699125
273.7	1.069875
273.72	1.0698375
273.74	1.0698025
273.76	1.0697675
273.78	1.06973
273.8	1.0696925
273.82	1.0696575
273.84	1.0696225
273.86	1.069585
273.88	1.0695475
273.9	1.06951
273.92	1.069475
273.94	1.06944
273.96	1.0694
273.98	1.069365
274	1.06933
274.02	1.0692925
274.04	1.069255
274.06	1.0692175
274.08	1.0691825
274.1	1.0691475
274.12	1.06911
274.14	1.0690725
274.16	1.0690375
274.18	1.069355
274.2	1.06954
274.22	1.069285
274.24	1.0691125
274.26	1.0689925
274.28	1.0689025
274.3	1.0688325
274.32	1.0691325
274.34	1.0693075
274.36	1.069045
274.38	1.0688675
274.4	1.0687425
274.42	1.069005
274.44	1.0691575
274.46	1.0688825
274.48	1.0686975
274.5	1.06857
274.52	1.06883
274.54	1.06898
274.56	1.068705
274.58	1.06852
274.6	1.068745
274.62	1.06887
274.64	1.0685825
274.66	1.06839
274.68	1.0686075
274.7	1.06873
274.72	1.06844
274.74	1.0682475
274.76	1.068465
274.78	1.0685875
274.8	1.0683
274.82	1.0681025
274.84	1.06832
274.86	1.0684475
274.88	1.0681575
274.9	1.06831
274.92	1.068395
274.94	1.068085
274.96	1.068225
274.98	1.0683
275	1.067985
275.02	1.068125
275.04	1.0681975
275.06	1.06788
275.08	1.0680175
275.1	1.06809
275.12	1.067775
275.14	1.0679125
275.16	1.067985
275.18	1.067665
275.2	1.0678025
275.22	1.06788
275.24	1.06756
275.26	1.067695
275.28	1.06777
275.3	1.0674525
275.32	1.06759
275.34	1.067665
275.36	1.067345
275.38	1.0674825
275.4	1.0675575
275.42	1.0672375
275.44	1.067375
275.46	1.06745
275.48	1.06748
275.5	1.067485
275.52	1.0671275
275.54	1.0672375
275.56	1.0672975
275.58	1.0673175
275.6	1.067315
275.62	1.066955
275.64	1.067065
275.66	1.0671225
275.68	1.06714
275.7	1.06714
275.72	1.067125
275.74	1.0671025
275.76	1.0670775
275.78	1.067045
275.8	1.0670125
275.82	1.06698
275.84	1.066945
275.86	1.06691
275.88	1.066875
275.9	1.06684
275.92	2194
275.94	1.06677
275.96	1.066735
275.98	1.0667
276	1.066665
276.02	1.06663
276.04	1.0665925
276.06	1.06656
276.08	1.066525
276.1	1.0664875
276.12	1.0664525
276.14	1.0664175
276.16	1.066025
276.18	1.06577
276.2	1.065955
276.22	1.066055
276.24	1.066105
276.26	1.06612
276.28	1.0661175
276.3	1.065745
276.32	1.0655
276.34	1.0656925
276.36	1.0657975
276.38	1.06585
276.4	1.065515
276.42	1.0652925
276.44	1.065495
276.46	1.065605
276.48	1.0656625
276.5	1.0653325
276.52	1.06511
276.54	1.06531
276.56	1.065425
276.58	1.0651325
276.6	1.0649325
276.62	1.065485
276.64	1.06548
276.66	1.065115
276.68	1.0648675
276.7	1.065055
276.72	1.0654975
276.74	1.0650675
276.76	1.0647875
276.78	1.06495
276.8	1.06504
276.82	1.0650675
276.84	1.06473
276.86	1.0648625
276.88	1.06492
276.9	1.0646025
276.92	1.0647425
276.94	1.0648025
276.96	1.0644875
276.98	1.0646325
277	1.064695
277.02	1.06438
277.04	1.064525
277.06	1.064585
277.08	1.0642725
277.1	1.0644175
277.12	1.0644775
277.14	1.064165
277.16	1.0643075
277.18	1.06437
277.2	1.0640575
277.22	1.0642
277.24	1.0642625
277.26	1.064285
277.28	1.0643025
277.3	1.0639525
277.32	1.0640525
277.34	1.06445
277.36	1.064005
277.38	1.06371
277.4	1.0641975
277.42	1.06414
277.44	1.0637525
277.46	1.063505
277.48	1.0636675
277.5	1.0641
277.52	1.06368
277.54	1.0634025
277.56	1.06355
277.58	1.063625
277.6	1.0640075
277.62	1.0635575
277.64	1.0632575
277.66	1.0633925
277.68	1.0634625
277.7	1.0634925
277.72	1.0634975
277.74	1.06316
277.76	1.062935
277.78	1.0631075
277.8	1.063205
277.82	1.0632525
277.84	1.0632675
277.86	1.063265
277.88	1.06325
277.9	1.063225
277.92	1.0631975
277.94	1.06317
277.96	1.063135
277.98	1.0631
278	1.06307
278.02	1.063035
278.04	1.0629975
278.06	1.0629625
278.08	1.0629275
278.1	1.06289
278.12	1.062855
278.14	1.06282
278.16	1.062785
278.18	1.06275
278.2	1.0627125
278.22	1.0626775
278.24	1.0626425
278.26	1.0626075
278.28	1.06257
278.3	1.0625325
278.32	1.0625
278.34	1.062465
278.36	1.0624275
278.38	1.06239
278.4	1.062355
278.42	1.0623225
278.44	1.062285
278.46	1.0622475
278.48	1.0622125
278.5	1.0621775
278.52	1.0621425
278.54	1.062105
278.56	1.06207
278.58	1.0620325
278.6	1.0616575
278.62	1.06175
278.64	1.06179
278.66	1.061805
278.68	1.0618
278.7	1.0614475
278.72	1.06155
278.74	1.061595
278.76	1.061615
278.78	1.061615
278.8	1.06126
278.82	1.061365
278.84	1.061415
278.86	1.061095
278.88	1.06122
278.9	5000005148
278.92	1.060975
278.94	1.0611025
278.96	1.061165
278.98	1.06086
279	1.0609925
279.02	1.0610575
279.04	1.06075
279.06	1.06088
279.08	1.060945
279.1	1.06064
279.12	1.06077
279.14	1.060835
279.16	1.06053
279.18	1.06066
279.2	1.060725
279.22	1.06042
279.24	1.0602175
279.26	1.0604075
279.28	1.06051
279.3	1.06023
279.32	1.0600425
279.34	1.06024
279.36	1.06035
279.38	1.060075
279.4	1.05989
279.42	1.0600925
279.44	1.0602025
279.46	1.059925
279.48	1.05974
279.5	1.060255
279.52	1.060575
279.54	1.060125
279.56	1.059825
279.58	1.0596175
279.6	1.0597975
279.62	1.06021
279.64	1.060135
279.66	1.05977
279.68	1.05952
279.7	1.0593425
279.72	1.059855
279.74	1.060175
279.76	1.0597275
279.78	1.0594225
279.8	1.059525
279.82	1.059585
279.84	1.0593025
279.86	1.0591025
279.88	1.05927
279.9	1.0593675
279.92	1.05911
279.94	1.0589275
279.96	1.0591025
279.98	1.05921
280	1.0589575
280.02	1.0590825
280.04	1.0591575
280.06	1.058885
280.08	1.0589975
280.1	1.0590625
280.12	1.058785
280.14	1.058895
280.16	1.0589575
280.18	1.0586775
280.2	1.058785
280.22	1.058845
280.24	1.058565
280.26	1.0586725
280.28	1.058735
280.3	1.05876
280.32	1.058765
280.34	1.0584525
280.36	1.0585325
280.38	1.0585775
280.4	1.058595
280.42	1.058595
280.44	1.05858
280.46	1.0585575
280.48	1.05853
280.5	1.0585
280.52	1.0584675
280.54	1.058435
280.56	1.0584
280.58	1.0583625
280.6	1.0583275
280.62	1.05829
280.64	1.0582525
280.66	1.0582175
280.68	1.05818
280.7	1.0581425
280.72	1.058105
280.74	1.0580675
280.76	1.05803
280.78	1.0579925
280.8	1.0579575
280.82	1.05792
280.84	1.05788
280.86	1.0578425
280.88	1.0578075
280.9	1.05777
280.92	1.0577325
280.94	1.0579925
280.96	1.0578575
280.98	1.0577575
281	1.0576725
281.02	1.057605
281.04	1.0578475
281.06	1.0577
281.08	1.0575875
281.1	1.057795
281.12	1.05763
281.14	1.057505
281.16	1.0577025
281.18	1.05753
281.2	1.0574025
281.22	1.0575975
281.24	1.0574225
281.26	1.057295
281.28	1.0574875
281.3	1.05731
281.32	1.0571825
281.34	1.0573775
281.36	1.0574925
281.38	1.0572675
281.4	1.057105
281.42	1.057275
281.44	1.0573775
281.46	1.0571425
281.48	1.0566575
281.5	1.0566125
281.52	1.056885
281.54	1.057055
281.56	1.0568675
281.58	1.0567275
281.6	1.0565975
281.62	1.0565025
281.64	1.0567375
281.66	1.05688
281.68	1.0569675
281.7	1.05641
281.72	1.0560225
281.74	1.0563525
281.76	1.0565625
281.78	1.05638
281.8	1.0562425
281.82	1.0564525
281.84	1.0565825
281.86	1.0563425
281.88	1.05617
281.9	1.056355
281.92	1.0564675
281.94	1.0562175
281.96	1.056035
281.98	1.056215
282	1.0560125
282.02	1.0558625
282.04	1.0560625
282.06	1.0558725
282.08	1.05573
282.1	1.055935
282.12	1.05575
282.14	1.05561
282.16	1.055815
282.18	1.0556325
282.2	1.055495
282.22	1.0557
282.24	1.055515
282.26	1.0553775
282.28	1.055275
282.3	1.0551925
282.32	1.0554325
282.34	1.0552725
282.36	1.0551525
282.38	1.05506
282.4	1.0549825
282.42	1.0549225
282.44	1.0548675
282.46	1.054815
282.48	1.0547675
282.5	1.054725
282.52	1.0546825
282.54	1.05464
282.56	1.0546
282.58	1.0545575
282.6	1.0545175
282.62	1.0544775
282.64	1.0547125
282.66	1.05487
282.68	1.05469
282.7	1.0545475
282.72	1.0544375
282.74	1.05435
282.76	1.0545525
282.78	1.054685
282.8	1.0544875
282.82	1.054335
282.84	1.054495
282.86	1.054595
282.88	1.054375
282.9	1.05421
282.92	1.05406
282.94	1.05425
282.96	1.0540925
282.98	1.0542425
283	1.0543325
283.02	1.053815
283.04	1.0540175
283.06	1.0541425
283.08	1.05365
283.1	1.053865
283.12	1.054
283.14	1.0535125
283.16	1.0537325
283.18	1.0538725
283.2	1.05366
283.22	1.0538025
283.24	1.0538825
283.26	1.0536275
283.28	1.0537425
283.3	1.053805
283.32	1.05354
283.34	1.05335
283.36	1.0535
283.38	1.0535875
283.4	1.05334
283.42	1.0531625
283.44	1.0533225
283.46	1.053415
283.48	1.0531675
283.5	1.0529925
283.52	1.0528625
283.54	1.0530475
283.56	1.05316
283.58	1.0531975
283.6	1.0529525
283.62	1.0527725
283.64	1.052635
283.66	1.052525
283.68	1.0529925
283.7	1.05304
283.72	1.0527625
283.74	1.0528225
283.76	1.052595
283.78	1.052425
283.8	1.052555
283.82	1.0523725
283.84	1.0522325
283.86	1.052385
283.88	1.0524775
283.9	1.05227
283.92	1.0521125
283.94	1.05225
283.96	1.0523325
283.98	1.0523775
284	1.0521425
284.02	1.05196
284.04	1.0520775
284.06	1.05215
284.08	1.052185
284.1	1.0522
284.12	1.0521975
284.14	1.052185
284.16	1.0521625
284.18	1.0521325
284.2	1.0521025
284.22	1.0520675
284.24	1.05203
284.26	1.05199
284.28	1.05195
284.3	1.0519075
284.32	1.0518675
284.34	1.051825
284.36	1.05178
284.38	1.05174
284.4	1.0516975
284.42	1.0516525
284.44	1.05161
284.46	1.0515675
284.48	1.0515225
284.5	1.0514775
284.52	1.0514325
284.54	1.05139
284.56	1.0513475
284.58	1.0513
284.6	1.051255
284.62	1.050935
284.64	1.050695
284.66	1.0510375
284.68	1.0512725
284.7	1.0511825
284.72	1.0511025
284.74	1.0507525
284.76	1.0507375
284.78	1.050995
284.8	1.0509225
284.82	1.0505775
284.84	1.0505625
284.86	1.05082
284.88	1.050745
284.9	1.050645
284.92	1.050565
284.94	1.0505275
284.96	1.05045
284.98	1.0503875
285	1.0503625
285.02	1.050295
285.04	1.0502375
285.06	1.050455
285.08	1.0503275
285.1	1.0502225
285.12	1.0504075
285.14	1.0502525
285.16	1.05013
285.18	1.0500325
285.2	1.049945
285.22	1.049875
285.24	1.04981
285.26	1.04975
285.28	1.0496925
285.3	1.0496375
285.32	1.049825
285.34	1.04971
285.36	1.0496125
285.38	1.049765
285.4	1.0496275
285.42	1.049515
285.44	1.049655
285.46	1.0495075
285.48	1.0493875
285.5	1.04952
285.52	1.049605
285.54	1.0494225
285.56	1.0490075
285.58	1.049195
285.6	1.049315
285.62	1.0493925
285.64	1.049435
285.66	1.049185
285.68	1.04926
285.7	1.0493
285.72	1.0490525
285.74	1.0491225
285.76	1.04916
285.78	1.04891
285.8	1.04898
285.82	1.049015
285.84	1.04876
285.86	1.0485675
285.88	1.0486775
285.9	1.0487375
285.92	1.048505
285.94	1.048325
285.96	1.0481825
285.98	1.048325
286	1.04841
286.02	1.048195
286.04	1.04825
286.06	1.048285
286.08	1.0480775
286.1	1.0479075
286.12	1.0477675
286.14	1.047875
286.16	1.0479425
286.18	1.047755
286.2	1.0478225
286.22	1.0478625
286.24	1.0476575
286.26	1.0477075
286.28	1.0477325
286.3	1.047735
286.32	1.047725
286.34	1.047705
286.36	1.047675
286.38	1.047635
286.4	1.0475925
286.42	1.04755
286.44	1.0475
286.46	1.0474475
286.48	1.0473975
286.5	1.0473425
286.52	1.0475
286.54	1.0473925
286.56	1.0472975
286.58	1.047425
286.6	1.0472925
286.62	1.0471775
286.64	1.0470425
286.66	1.04693
286.68	1.0470825
286.7	1.0469725
286.72	1.04687
286.74	1.04674
286.76	1.0466325
286.78	1.046785
286.8	1.0468825
286.82	1.046695
286.84	1.04654
286.86	1.046655
286.88	1.0464825
286.9	1.0463375
286.92	1.0464575
286.94	1.0462875
286.96	1.046145
286.98	1.0462675
287	1.046095
287.02	1.04595
287.04	1.04603
287.06	1.04608
287.08	1.045905
287.1	1.04575
287.12	1.04582
287.14	1.04586
287.16	1.0456725
287.18	1.045715
287.2	1.04573
287.22	1.045725
287.24	1.04571
287.26	1.0456775
287.28	1.0456375
287.3	1.0453575
287.32	1.0453675
287.34	1.0453525
287.36	1.0450925
287.38	1.0451175
287.4	1.0453075
287.42	1.04501
287.44	1.045005
287.46	1.0451725
287.48	1.0450475
287.5	1.0449425
287.52	1.04489
287.54	1.0448275
287.56	1.0447175
287.58	1.0446175
287.6	1.04453
287.62	1.0444475
287.64	1.0443675
287.66	1.04429
287.68	1.0442125
287.7	1.044135
287.72	1.0440575
287.74	1.0439825
287.76	1.0440875
287.78	1.0441525
287.8	1.0440025
287.82	1.0438675
287.84	1.043925
287.86	1.0439525
287.88	1.0437725
287.9	1.043795
287.92	1.043795
287.94	1.043775
287.96	1.0437425
287.98	1.043695
288	1.0436425
288.02	1.043355
288.04	1.043295
288.06	1.0432825
288.08	1.0432475
288.1	1.043375
288.12	1.0432325
288.14	1.0431075
288.16	1.0432125
288.18	1.0430525
288.2	1.04291
288.22	1.0429975
288.24	1.042825
288.26	1.0426725
288.28	1.0425325
288.3	1.0424
288.32	1.042275
288.34	1.0423275
288.36	1.0423525
288.38	1.0421775
288.4	1.0421875
288.42	1.042175
288.44	1.04214
288.46	1.0420925
288.48	1.0420325
288.5	1.0417475
288.52	1.0417175
288.54	1.041835
288.56	1.04169
288.58	1.04161
288.6	1.0415175
288.62	1.0413675
288.64	1.0412325
288.66	1.0411025
288.68	1.04119
288.7	1.04123
288.72	1.0410225
288.74	1.040835
288.76	1.04082
288.78	1.04079
288.8	1.040585
288.82	1.0405475
288.84	1.0404975
288.86	1.04043
288.88	1.04035
288.9	1.0402575
288.92	1.0403075
288.94	1.040175
288.96	1.040035
288.98	1.040045
289	1.0400275
289.02	1.03978
289.04	1.03956
289.06	1.03956
289.08	1.0395275
289.1	1.0392675
289.12	1.0391775
289.14	1.03928
289.16	1.0391275
289.18	1.0389775
289.2	1.03883
289.22	1.03868
289.24	1.038525
289.26	1.0385075
289.28	1.038465
289.3	1.0383975
289.32	1.0383075
289.34	1.0382025
289.36	1.0380825
289.38	1.0377525
289.4	1.0377825
289.42	1.037775
289.44	1.0374025
289.46	1.0371975
289.48	1.03713
289.5	1.0371025
289.52	1.0370375
289.54	1.0368775
289.56	1.0367125
289.58	1.0365425
289.6	1.0363625
289.62	1.0361725
289.64	1.036105
289.66	1.03601
289.68	1.035885
289.7	1.03574
289.72	1.0355775
289.74	1.035335
289.76	1.035095
289.78	1.03504
289.8	1.034945
289.82	1.0346325
289.84	1.0344425
289.86	1.034425
289.88	1.034175
289.9	1.034035
289.92	1.03387
289.94	1.03368
289.96	1.0334675
289.98	1.0332375
290	1.0329925
290.02	1.0326575
290.04	1.0325025
290.06	1.032315
290.08	1.032025
290.1	1.031725
290.12	1.03142
290.14	1.0310975
290.16	1.030865
290.18	1.0307125
290.2	1.0304125
290.22	1.0300875
290.24	1.029845
290.26	1.029565
290.28	1.0293475
290.3	1.02909
290.32	1.02862
290.34	1.028245
290.36	1.0280175
290.38	1.0275675
290.4	1.027195
290.42	1.0268825
290.44	1.02644
290.46	1.0259675
290.48	1.0256425
290.5	1.02527
290.52	1.024685
290.54	1.0241725
290.56	1.023795
290.58	1.0233575
290.6	1.0227025
290.62	1.022105
290.64	1.0215525
290.66	1.0209575
290.68	1.0203175
290.7	1.0197075
290.72	1.0191225
290.74	1.0183175
290.76	1.01748
290.78	1.01677
290.8	1.0159075
290.82	1.01507
290.84	1.014185
290.86	1.0132425
290.88	1.0122475
290.9	1.0111075
290.92	1.010145
290.94	1.00905
290.96	1.007735
290.98	1.0064375
291	1.00509
291.02	1.0036925
291.04	1.002235
291.06	1.000715
291.08	0.9991325
291.1	0.9973425
291.12	0.995465
291.14	0.993545
291.16	0.9915775
291.18	0.9895125
291.2	0.9873575
291.22	0.9851075
291.24	0.9826675
291.26	0.980165
291.28	0.9775525
291.3	0.9748725
291.32	0.97213
291.34	0.9693225
291.36	0.9664475
291.38	0.96334
291.4	0.9601975
291.42	0.95715
291.44	0.953875
291.46	0.9504025
291.48	0.94705
291.5	0.9436875
291.52	0.940125
291.54	0.9365225
291.56	0.93293
291.58	0.9293175
291.6	0.92566
291.62	0.921855
291.64	0.9180475
291.66	0.91424
291.68	0.910425
291.7	0.9066025
291.72	0.90267
291.74	0.8987425
291.76	0.89482
291.78	0.8909
291.8	0.88698
291.82	0.8829575
291.84	0.8789475
291.86	0.8749675
291.88	0.8708775
291.9	0.86681
291.92	0.8627775
291.94	0.8587725
291.96	0.8547775
291.98	0.85079
292	0.84673
292.02	0.8426875
292.04	0.8386625
292.06	0.8345575
292.08	0.8304925
292.1	0.82645
292.12	0.82244
292.14	0.8183575
292.16	0.8141975
292.18	0.8101925
292.2	0.8062175
292.22	0.80217
292.24	0.7981675
292.26	0.7940875
292.28	0.790055
292.3	0.7860675
292.32	0.78202
292.34	0.778025
292.36	0.7740625
292.38	0.770045
292.4	0.76599
292.42	0.7620825
292.44	0.758215
292.46	0.7542025
292.48	0.7502475
292.5	0.7463475
292.52	0.7424125
292.54	0.7385375
292.56	0.7347175
292.58	0.730945
292.6	0.7271325
292.62	0.7233075
292.64	0.7195425
292.66	0.71583
292.68	0.7121
292.7	0.7083575
292.72	0.7046825
292.74	0.701075
292.76	0.6975325
292.78	0.6939775
292.8	0.690415
292.82	0.6869275
292.84	0.6835175
292.86	0.680175
292.88	0.6768325
292.9	0.6735025
292.92	0.670305
292.94	0.6671825
292.96	0.6640825
292.98	0.661045
293	0.65808
293.02	0.6551975
293.04	0.6523875
293.06	0.649655
293.08	0.646995
293.1	0.6444525
293.12	0.64199
293.14	0.6395975
293.16	0.6373175
293.18	0.635145
293.2	0.6330875
293.22	0.6310925
293.24	0.6291925
293.26	0.62743
293.28	0.6257575
293.3	0.6241725
293.32	0.6226775
293.34	0.6212625
293.36	0.6199525
293.38	0.6187175
293.4	0.6175475
293.42	0.6164725
293.44	0.61549
293.46	0.6145625
293.48	0.6136625
293.5	0.61284
293.52	0.6120925
293.54	0.6113675
293.56	0.6106875
293.58	0.6100725
293.6	0.609495
293.62	0.6089575
293.64	0.6084525
293.66	0.60798
293.68	0.607545
293.7	0.607115
293.72	0.606715
293.74	0.6063475
293.76	0.6060025
293.78	0.605685
293.8	0.605375
293.82	0.6050875
293.84	0.604805
293.86	0.604545
293.88	0.6043075
293.9	0.6040725
293.92	0.6038425
293.94	0.6036325
293.96	0.6034425
293.98	0.6032375
294	0.6030525
294.02	0.602885
294.04	0.6027175
294.06	0.602555
294.08	0.6024075
294.1	0.6022625
294.12	0.6021175
294.14	0.6019875
294.16	0.6018625
294.18	0.601735
294.2	0.60161
294.22	0.6014875
294.24	0.6013775
294.26	0.60127
294.28	0.6011625
294.3	0.601055
294.32	0.60095
294.34	0.6008575
294.36	0.600765
294.38	0.6006725
294.4	0.6005825
294.42	0.6004925
294.44	0.6004125
294.46	0.600335
294.48	0.6002575
294.5	0.60018
294.52	0.6001
294.54	0.600025
294.56	0.59995
294.58	0.5998825
294.6	0.59981
294.62	0.599735
294.64	0.5996675
294.66	0.599605
294.68	0.59954
294.7	0.599475
294.72	0.5994125
294.74	0.5993475
294.76	0.599285
294.78	0.5992325
294.8	0.5991775
294.82	0.5991125
294.84	0.5990525
294.86	0.5989975
294.88	0.5989425
294.9	0.5988925
294.92	0.5988375
294.94	0.598775
294.96	0.5987225
294.98	0.5986775
295	0.598625
295.02	0.59857
295.04	0.5985175
295.06	0.5984675
295.08	0.59842
295.1	0.5983675
295.12	0.5983175
295.14	0.5982725
295.16	0.598225
295.18	0.5981725
295.2	0.5981225
295.22	0.59808
295.24	0.598035
295.26	0.5979875
295.28	0.5979425
295.3	0.5978925
295.32	0.5978425
295.34	0.5977975
295.36	0.5977525
295.38	0.5977075
295.4	0.5976625
295.42	0.59762
295.44	0.5975775
295.46	0.59753
295.48	0.597485
295.5	0.5974425
295.52	0.5974
295.54	0.597355
295.56	0.59731
295.58	0.5972675
295.6	0.597225
295.62	0.59718
295.64	0.597135
295.66	0.5970925
295.68	0.59705
295.7	0.5970075
295.72	0.5969625
295.74	0.5969175
295.76	0.596875
295.78	0.596835
295.8	0.59679
295.82	0.5967475
295.84	0.596705
295.86	0.5966625
295.88	0.59662
295.9	0.596575
295.92	0.596535
295.94	0.5964925
295.96	0.59645
295.98	0.5964075
296	0.596365
296.02	0.596325
296.04	0.5962825
296.06	0.59624
296.08	0.5962
296.1	0.5961575
296.12	0.596115
296.14	0.596075
296.16	0.596035
296.18	0.5959925
296.2	0.59595
296.22	0.59591
296.24	0.59587
296.26	0.59583
296.28	0.5957875
296.3	0.5957475
296.32	0.5957075
296.34	0.5956675
296.36	0.5956275
296.38	0.595585
296.4	0.5955475
296.42	0.5955075
296.44	0.595465
296.46	0.5954275
296.48	0.5953875
296.5	0.5953475
296.52	0.59531
296.54	0.5952675
296.56	0.5952275
296.58	0.5951925
296.6	0.5951525
296.62	0.5951125
296.64	0.5950725
296.66	0.5950325
296.68	0.5949975
296.7	0.5949575
296.72	0.5949175
296.74	0.59488
296.76	0.5948425
296.78	0.594805
296.8	0.594765
296.82	0.5947275
296.84	0.59469
296.86	0.59465
296.88	0.5946125
296.9	0.594575
296.92	0.5945375
296.94	0.5945
296.96	0.5944625
296.98	0.5944275
297	0.5943875
297.02	0.59435
297.04	0.594315
297.06	0.594275
297.08	0.5942375
297.1	0.5942025
297.12	0.594165
297.14	0.5941275
297.16	0.59409
297.18	0.5940525
297.2	0.5940175
297.22	0.5939825
297.24	0.593945
297.26	0.5939075
297.28	0.59387
297.3	0.593835
297.32	0.5938
297.34	0.59376
297.36	0.593725
297.38	0.59369
297.4	0.5936525
297.42	0.5936175
297.44	0.5935825
297.46	0.5935475
297.48	0.59351
297.5	0.5934725
297.52	0.5934375
297.54	0.5934025
297.56	0.5933675
297.58	0.59333
297.6	0.593295
297.62	0.59326
297.64	0.5932225
297.66	0.5931875
297.68	0.593155
297.7	0.59312
297.72	0.5930825
297.74	0.593045
297.76	0.59301
297.78	0.5929775
297.8	0.5929425
297.82	0.5929075
297.84	0.59287
297.86	0.592835
297.88	0.5928025
297.9	0.592765
297.92	0.59273
297.94	0.5926975
297.96	0.5926625
297.98	0.592625
298	0.59259
298.02	0.5925575
298.04	0.5925225
298.06	0.5924875
298.08	0.5924525
298.1	0.5924175
298.12	0.5923825
298.14	0.5923475
298.16	0.5923125
298.18	0.59228
298.2	0.592245
298.22	0.59221
298.24	0.592175
298.26	0.59214
298.28	0.5921075
298.3	0.5920725
298.32	0.5920375
298.34	0.5920025
298.36	0.5919675
298.38	0.591935
298.4	0.5919
298.42	0.591865
298.44	0.5918325
298.46	0.5917975
298.48	0.5917625
298.5	0.5917275
298.52	0.591695
298.54	0.59166
298.56	0.591625
298.58	0.5915925
298.6	0.5915575
298.62	0.5915225
298.64	0.59149
298.66	0.591455
298.68	0.59142
298.7	0.5913875
298.72	0.5913525
298.74	0.5913175
298.76	0.591285
298.78	0.5912525
298.8	0.5912175
298.82	0.5911825
298.84	0.5911475
298.86	0.591115
298.88	0.59108
298.9	0.591045
298.92	0.5910125
298.94	0.59098
298.96	0.590945
298.98	0.59091
299	0.5908775
299.02	0.5908425
299.04	0.59081
299.06	0.5907775
299.08	0.59074
299.1	0.5907075
299.12	0.590675
299.14	0.59064
299.16	0.590605
299.18	0.5905725
299.2	0.59054
299.22	0.5905025
299.24	0.59047
299.26	0.5904375
299.28	0.5904025
299.3	0.59037
299.32	0.5903375
299.34	0.5903025
299.36	0.5902675
299.38	0.590235
299.4	0.5902
299.42	0.590165
299.44	0.590135
299.46	0.5901
299.48	0.590065
299.5	0.5900325
299.52	0.5899975
299.54	0.589965
299.56	0.5899325
299.58	0.5898975
299.6	0.5898625
299.62	0.58983
299.64	0.5897975
299.66	0.5897625
299.68	0.58973
299.7	0.5896975
299.72	0.5896625
299.74	0.5896275
299.76	0.5895925
299.78	0.58956
299.8	0.5895275
299.82	0.589495
299.84	0.5894625
299.86	0.5894275
299.88	0.5893925
299.9	0.5893575
299.92	0.589325
299.94	0.5892925
299.96	0.58926
299.98	0.589225
300	0.58919
300.02	0.58916
300.04	0.589125
300.06	0.58909
300.08	0.5890575
300.1	0.589025
300.12	0.5889925
300.14	0.5889575
300.16	0.5889225
300.18	0.58889
300.2	0.5888575
300.22	0.5888225
300.24	0.5887875
300.26	0.588755
300.28	0.5887225
300.3	0.58869
300.32	0.5886575
300.34	0.5886225
300.36	0.5885875
300.38	0.588555
300.4	0.5885225
300.42	0.5884875
300.44	0.588455
300.46	0.5884225
300.48	0.5883875
300.5	0.588355
300.52	0.58832
300.54	0.5882875
300.56	0.588255
300.58	0.58822
300.6	0.5881875
300.62	0.588155
300.64	0.58812
300.66	0.5880875
300.68	0.588055
300.7	0.58802
300.72	0.5879875
300.74	0.5879525
300.76	0.58792
300.78	0.5878875
300.8	0.5878525
300.82	0.58782
300.84	0.5877875
300.86	0.587755
300.88	0.58772
300.9	0.587685
300.92	0.587655
300.94	0.5876225
300.96	0.5875875
300.98	0.5875525
301	0.58752
301.02	0.5874875
301.04	0.5874525
301.06	0.58742
301.08	0.5873875
301.1	0.5873525
301.12	0.58732
301.14	0.5872875
301.16	0.587255
301.18	0.58722
301.2	0.5871875
301.22	0.587155
301.24	0.58712
301.26	0.5870875
301.28	0.587055
301.3	0.58702
301.32	0.5869875
301.34	0.586955
301.36	0.58692
301.38	0.5868875
301.4	0.586855
301.42	0.5868225
301.44	0.5867875
301.46	0.586755
301.48	0.5867225
301.5	0.58669
301.52	0.586655
301.54	0.58662
301.56	0.58659
301.58	0.5865575
301.6	0.5865225
301.62	0.58649
301.64	0.5864575
301.66	0.5864225
301.68	0.5863875
301.7	0.5863575
301.72	0.586325
301.74	0.58629
301.76	0.5862575
301.78	0.5862225
301.8	0.58619
301.82	0.5861575
301.84	0.586125
301.86	0.5860925
301.88	0.5860575
301.9	0.586025
301.92	0.5859925
301.94	0.58596
301.96	0.5859275
301.98	0.5858925
302	0.58586
302.02	0.5858275
302.04	0.5857925
302.06	0.58576
302.08	0.5857275
302.1	0.5856925
302.12	0.58566
302.14	0.58563
302.16	0.585595
302.18	0.58556
302.2	0.58553
302.22	0.5854975
302.24	0.5854625
302.26	0.58543
302.28	0.5853975
302.3	0.5853625
302.32	0.58533
302.34	0.5852975
302.36	0.585265
302.38	0.5852325
302.4	0.5851975
302.42	0.585165
302.44	0.5851325
302.46	0.5850975
302.48	0.585065
302.5	0.585035
302.52	0.5850025
302.54	0.5849675
302.56	0.5849325
302.58	0.5849
302.6	0.58487
302.62	0.584835
302.64	0.5848025
302.66	0.58477
302.68	0.584735
302.7	0.584705
302.72	0.58467
302.74	0.5846375
302.76	0.584605
302.78	0.58457
302.8	0.58454
302.82	0.5845075
302.84	0.5844725
302.86	0.58444
302.88	0.5844075
302.9	0.5843725
302.92	0.58434
302.94	0.58431
302.96	0.584275
302.98	0.5842425
303	0.58421
303.02	0.584175
303.04	0.584145
303.06	0.5841125
303.08	0.5840775
303.1	0.584045
303.12	0.5840125
303.14	0.5839775
303.16	0.583945
303.18	0.583915
303.2	0.5838825
303.22	0.5838475
303.24	0.583815
303.26	0.5837825
303.28	0.58375
303.3	0.5837175
303.32	0.5836825
303.34	0.58365
303.36	0.5836175
303.38	0.583585
303.4	0.5835525
303.42	0.58352
303.44	0.5834875
303.46	0.5834525
303.48	0.58342
303.5	0.58339
303.52	0.5833575
303.54	0.5833225
303.56	0.58329
303.58	0.5832575
303.6	0.5832225
303.62	0.58319
303.64	0.58316
303.66	0.5831275
303.68	0.5830925
303.7	0.58306
303.72	0.58303
303.74	0.582995
303.76	0.58296
303.78	0.58293
303.8	0.5828975
303.82	0.582865
303.84	0.5828325
303.86	0.5827975
303.88	0.582765
303.9	0.582735
303.92	0.5827
303.94	0.5826675
303.96	0.5826375
303.98	0.5826025
304	0.5825675
304.02	0.5825375
304.04	0.582505
304.06	0.58247
304.08	0.58244
304.1	0.5824075
304.12	0.5823725
304.14	0.58234
304.16	0.58231
304.18	0.5822775
304.2	0.5822425
304.22	0.58221
304.24	0.5821775
304.26	0.582145
304.28	0.5821125
304.3	0.58208
304.32	0.5820475
304.34	0.5820125
304.36	0.5819825
304.38	0.58195
304.4	0.581915
304.42	0.581885
304.44	0.5818525
304.46	0.5818175
304.48	0.581785
304.5	0.581755
304.52	0.5817225
304.54	0.5816875
304.56	0.581655
304.58	0.581625
304.6	0.5815925
304.62	0.5815575
304.64	0.581525
304.66	0.5814925
304.68	0.58146
304.7	0.5814275
304.72	0.581395
304.74	0.581365
304.76	0.58133
304.78	0.5812975
304.8	0.5812675
304.82	0.5812325
304.84	0.5812
304.86	0.5811675
304.88	0.581135
304.9	0.5811025
304.92	0.58107
304.94	0.5810375
304.96	0.581005
304.98	0.5809725
305	0.58094
305.02	0.5809075
305.04	0.580875
305.06	0.5808425
305.08	0.58081
305.1	0.58078
305.12	0.580745
305.14	0.5807125
305.16	0.5806825
305.18	0.5806475
305.2	0.580615
305.22	0.5805825
305.24	0.58055
305.26	0.5805175
305.28	0.580485
305.3	0.580455
305.32	0.5804225
305.34	0.5803875
305.36	0.580355
305.38	0.580325
305.4	0.5802925
305.42	0.5802575
305.44	0.580225
305.46	0.580195
305.48	0.5801625
305.5	0.58013
305.52	0.5800975
305.54	0.5800625
305.56	0.5800325
305.58	0.58
305.6	0.579965
305.62	0.579935
305.64	0.579905
305.66	0.57987
305.68	0.5798375
305.7	0.5798075
305.72	0.5797725
305.74	0.57974
305.76	0.5797075
305.78	0.579675
305.8	0.579645
305.82	0.5796125
305.84	0.57958
305.86	0.5795475
305.88	0.5795125
305.9	0.5794825
305.92	0.57945
305.94	0.5794175
305.96	0.5793875
305.98	0.5793525
306	0.57932
306.02	0.5792875
306.04	0.579255
306.06	0.579225
306.08	0.5791925
306.1	0.57916
306.12	0.5791275
306.14	0.579095
306.16	0.5790625
306.18	0.57903
306.2	0.5789975
306.22	0.578965
306.24	0.578935
306.26	0.5789025
306.28	0.5788675
306.3	0.5788375
306.32	0.578805
306.34	0.5787725
306.36	0.57874
306.38	0.5787075
306.4	0.5786775
306.42	0.5786425
306.44	0.57861
306.46	0.57858
306.48	0.5785475
306.5	0.578515
306.52	0.5784825
306.54	0.57845
306.56	0.57842
306.58	0.5783875
306.6	0.5783525
306.62	0.57832
306.64	0.57829
306.66	0.5782575
306.68	0.578225
306.7	0.578195
306.72	0.5781625
306.74	0.5781275
306.76	0.578095
306.78	0.578065
306.8	0.5780325
306.82	0.578
306.84	0.57797
306.86	0.5779375
306.88	0.5779025
306.9	0.57787
306.92	0.57784
306.94	0.5778075
306.96	0.577775
306.98	0.577745
307	0.5777125
307.02	0.57768
307.04	0.5776475
307.06	0.577615
307.08	0.5775825
307.1	0.57755
307.12	0.57752
307.14	0.5774875
307.16	0.577455
307.18	0.5774225
307.2	0.57739
307.22	0.57736
307.24	0.5773275
307.26	0.5772925
307.28	0.5772625
307.3	0.5772325
307.32	0.5771975
307.34	0.577165
307.36	0.577135
307.38	0.5771025
307.4	0.57707
307.42	0.57704
307.44	0.5770075
307.46	0.5769725
307.48	0.5769425
307.5	0.5769125
307.52	0.5768775
307.54	0.576845
307.56	0.576815
307.58	0.5767825
307.6	0.57675
307.62	0.57672
307.64	0.5766875
307.66	0.576655
307.68	0.5766225
307.7	0.57659
307.72	0.5765575
307.74	0.5765275
307.76	0.576495
307.78	0.5764625
307.8	0.5764325
307.82	0.5764
307.84	0.5763675
307.86	0.576335
307.88	0.5763025
307.9	0.57627
307.92	0.57624
307.94	0.5762075
307.96	0.576175
307.98	0.576145
308	0.5761125
308.02	0.57608
308.04	0.5760475
308.06	0.576015
308.08	0.575985
308.1	0.575955
308.12	0.5759225
308.14	0.5758875
308.16	0.575855
308.18	0.575825
308.2	0.575795
308.22	0.5757625
308.24	0.57573
308.26	0.5756975
308.28	0.575665
308.3	0.575635
308.32	0.5756025
308.34	0.57557
308.36	0.5755375
308.38	0.575505
308.4	0.575475
308.42	0.575445
308.44	0.5754125
308.46	0.57538
308.48	0.5753475
308.5	0.575315
308.52	0.575285
308.54	0.5752525
308.56	0.57522
308.58	0.57519
308.6	0.5751575
308.62	0.575125
308.64	0.5750925
308.66	0.57506
308.68	0.57503
308.7	0.575
308.72	0.5749675
308.74	0.574935
308.76	0.5749025
308.78	0.57487
308.8	0.57484
308.82	0.5748075
308.84	0.574775
308.86	0.574745
308.88	0.5747125
308.9	0.57468
308.92	0.57465
308.94	0.5746175
308.96	0.574585
308.98	0.574555
309	0.5745225
309.02	0.57449
309.04	0.57446
309.06	0.5744275
309.08	0.574395
309.1	0.574365
309.12	0.5743325
309.14	0.5743
309.16	0.57427
309.18	0.5742375
309.2	0.574205
309.22	0.574175
309.24	0.5741425
309.26	0.57411
309.28	0.57408
309.3	0.5740475
309.32	0.574015
309.34	0.573985
309.36	0.5739525
309.38	0.57392
309.4	0.57389
309.42	0.5738575
309.44	0.573825
309.46	0.573795
309.48	0.573765
309.5	0.5737325
309.52	0.5737
309.54	0.5736675
309.56	0.573635
309.58	0.573605
309.6	0.573575
309.62	0.5735425
309.64	0.57351
309.66	0.5734775
309.68	0.5734475
309.7	0.5734175
309.72	0.5733825
309.74	0.5733525
309.76	0.5733225
309.78	0.5732875
309.8	0.5732575
309.82	0.5732275
309.84	0.573195
309.86	0.5731625
309.88	0.57313
309.9	0.5731
309.92	0.57307
309.94	0.5730375
309.96	0.573005
309.98	0.572975
310	0.5729425
310.02	0.57291
310.04	0.57288
310.06	0.57285
310.08	0.5728175
310.1	0.572785
310.12	0.5727525
310.14	0.5727225
310.16	0.5726925
310.18	0.5726575
310.2	0.5726275
310.22	0.5725975
310.24	0.572565
310.26	0.5725325
310.28	0.5725025
310.3	0.5724725
310.32	0.5724375
310.34	0.5724075
310.36	0.5723775
310.38	0.572345
310.4	0.5723125
310.42	0.57228
310.44	0.57225
310.46	0.57222
310.48	0.57219
310.5	0.5721575
310.52	0.572125
310.54	0.5720925
310.56	0.57206
310.58	0.5720325
310.6	0.572
310.62	0.5719675
310.64	0.5719375
310.66	0.571905
310.68	0.571875
310.7	0.5718425
310.72	0.57181
310.74	0.57178
310.76	0.5717475
310.78	0.5717175
310.8	0.5716875
310.82	0.571655
310.84	0.5716225
310.86	0.57159
310.88	0.57156
310.9	0.57153
310.92	0.5714975
310.94	0.5714675
310.96	0.5714375
310.98	0.5714025
311	0.5713725
311.02	0.5713425
311.04	0.57131
311.06	0.5712775
311.08	0.5712475
311.1	0.5712175
311.12	0.5711825
311.14	0.5711525
311.16	0.5711225
311.18	0.57109
311.2	0.57106
311.22	0.57103
311.24	0.5709975
311.26	0.570965
311.28	0.570935
311.3	0.570905
311.32	0.5708725
311.34	0.57084
311.36	0.57081
311.38	0.5707775
311.4	0.5707475
311.42	0.5707175
311.44	0.570685
311.46	0.5706525
311.48	0.5706225
311.5	0.5705925
311.52	0.57056
311.54	0.5705275
311.56	0.5704975
311.58	0.5704675
311.6	0.570435
311.62	0.5704025
311.64	0.5703725
311.66	0.5703425
311.68	0.57031
311.7	0.57028
311.72	0.5702475
311.74	0.570215
311.76	0.570185
311.78	0.570155
311.8	0.570125
311.82	0.5700925
311.84	0.57006
311.86	0.57003
311.88	0.57
311.9	0.5699675
311.92	0.569935
311.94	0.569905
311.96	0.569875
311.98	0.569845
312	0.5698125
312.02	0.56978
312.04	0.56975
312.06	0.56972
312.08	0.5696875
312.1	0.569655
312.12	0.569625
312.14	0.569595
312.16	0.569565
312.18	0.5695325
312.2	0.5695
312.22	0.56947
312.24	0.56944
312.26	0.5694075
312.28	0.569375
312.3	0.569345
312.32	0.569315
312.34	0.569285
312.36	0.5692525
312.38	0.5692225
312.4	0.5691925
312.42	0.5691575
312.44	0.5691275
312.46	0.5690975
312.48	0.5690675
312.5	0.5690375
312.52	0.5690025
312.54	0.5689725
312.56	0.5689425
312.58	0.56891
312.6	0.56888
312.62	0.56885
312.64	0.56882
312.66	4999997633
312.68	0.568755
312.7	0.568725
312.72	0.568695
312.74	0.568665
312.76	0.5686325
312.78	0.5686
312.8	0.56857
312.82	0.56854
312.84	0.56851
312.86	0.5684775
312.88	0.5684475
312.9	0.5684175
312.92	0.5683825
312.94	0.5683525
312.96	0.568325
312.98	0.5682925
313	0.56826
313.02	0.56823
313.04	0.5682
313.06	0.5681675
313.08	0.5681375
313.1	0.5681075
313.12	0.568075
313.14	0.568045
313.16	0.568015
313.18	0.5679825
313.2	0.56795
313.22	0.5679225
313.24	0.5678925
313.26	0.5678575
313.28	0.5678275
313.3	0.5677975
313.32	0.5677675
313.34	0.5677375
313.36	0.567705
313.38	0.5676725
313.4	0.5676425
313.42	0.5676125
313.44	0.5675825
313.46	0.5675525
313.48	0.56752
313.5	0.5674875
313.52	0.5674575
313.54	0.56743
313.56	0.5673975
313.58	0.567365
313.6	0.567335
313.62	0.567305
313.64	0.5672725
313.66	0.5672425
313.68	0.5672125
313.7	0.56718
313.72	0.56715
313.74	0.56712
313.76	0.5670875
313.78	0.5670575
313.8	0.5670275
313.82	0.5669975
313.84	0.5669675
313.86	0.5669325
313.88	0.5669025
313.9	0.566875
313.92	0.5668425
313.94	0.5668125
313.96	0.5667825
313.98	0.56675
314	0.5667175
314.02	0.5666875
314.04	0.56666
314.06	0.5666275
314.08	0.566595
314.1	0.5665675
314.12	0.566535
314.14	0.5665025
314.16	0.566475
314.18	0.566445
314.2	0.5664125
314.22	0.56638
314.24	0.56635
314.26	0.56632
314.28	0.56629
314.3	0.56626
314.32	0.56623
314.34	0.5661975
314.36	0.566165
314.38	0.566135
314.4	0.5661075
314.42	0.566075
314.44	0.5660425
314.46	0.566015
314.48	0.5659825
314.5	0.5659525
314.52	0.5659225
314.54	0.56589
314.56	0.56586
314.58	0.56583
314.6	0.5658
314.62	0.56577
314.64	0.5657375
314.66	0.565705
314.68	0.5656775
314.7	0.5656475
314.72	0.565615
314.74	0.565585
314.76	0.565555
314.78	0.5655225
314.8	0.5654925
314.82	0.5654625
314.84	0.5654325
314.86	0.5654025
314.88	0.56537
314.9	0.56534
314.92	0.56531
314.94	0.5652775
314.96	0.5652475
314.98	0.56522
315	0.5651875
315.02	0.565155
315.04	0.5651275
315.06	0.5650975
315.08	0.565065
315.1	0.565035
315.12	0.5650025
315.14	0.5649725
315.16	0.564945
315.18	0.5649125
315.2	0.56488
315.22	0.5648525
315.24	0.5648225
315.26	0.56479
315.28	0.56476
315.3	0.56473
315.32	0.5646975
315.34	0.5646675
315.36	0.56464
315.38	0.5646075
315.4	0.564575
315.42	0.5645475
315.44	0.5645175
315.46	0.564485
315.48	0.564455
315.5	0.564425
315.52	0.564395
315.54	0.5643625
315.56	0.5643325
315.58	0.564305
315.6	0.5642725
315.62	0.56424
315.64	0.5642125
315.66	0.5641825
315.68	0.56415
315.7	0.56412
315.72	0.56409
315.74	0.56406
315.76	0.56403
315.78	0.5639975
315.8	0.5639675
315.82	0.5639375
315.84	0.5639075
315.86	0.5638775
315.88	0.5638475
315.9	0.5638175
315.92	0.563785
315.94	0.563755
315.96	0.563725
315.98	0.563695
316	0.563665
316.02	0.563635
316.04	0.5636025
316.06	0.5635725
316.08	0.5635425
316.1	0.5635125
316.12	0.5634825
316.14	0.5634525
316.16	0.5634225
316.18	0.56339
316.2	0.56336
316.22	0.56333
316.24	0.5633025
316.26	0.56327
316.28	0.5632375
316.3	0.56321
316.32	0.56318
316.34	0.56315
316.36	0.5631175
316.38	0.5630875
316.4	0.5630575
316.42	0.5630275
316.44	0.5629975
316.46	0.5629675
316.48	0.5629375
316.5	0.562905
316.52	0.562875
316.54	0.5628475
316.56	0.5628175
316.58	0.562785
316.6	0.562755
316.62	0.562725
316.64	0.562695
316.66	0.5626625
316.68	0.5626325
316.7	0.562605
316.72	0.562575
316.74	0.5625425
316.76	0.5625125
316.78	0.5624825
316.8	0.5624525
316.82	0.5624225
316.84	0.5623925
316.86	0.5623625
316.88	0.5623325
316.9	0.5623025
316.92	0.56227
316.94	0.56224
316.96	0.5622125
316.98	0.5621825
317	0.56215
317.02	0.56212
317.04	0.56209
317.06	0.56206
317.08	0.56203
317.1	0.562
317.12	0.56197
317.14	0.56194
317.16	0.56191
317.18	0.5618775
317.2	0.5618475
317.22	0.56182
317.24	0.56179
317.26	0.5617575
317.28	0.5617275
317.3	0.5617
317.32	0.5616675
317.34	0.5616375
317.36	0.5616075
317.38	0.5615775
317.4	0.56155
317.42	0.5615175
317.44	0.561485
317.46	0.5614575
317.48	0.5614275
317.5	0.5613975
317.52	0.5613675
317.54	0.5613375
317.56	0.5613075
317.58	0.561275
317.6	0.5612475
317.62	0.5612175
317.64	0.561185
317.66	0.5611575
317.68	0.5611275
317.7	0.561095
317.72	0.5610675
317.74	0.5610375
317.76	0.561005
317.78	0.560975
317.8	0.5609475
317.82	0.5609175
317.84	0.560885
317.86	0.560855
317.88	0.560825
317.9	0.5607975
317.92	0.5607675
317.94	0.560735
317.96	0.560705
317.98	0.560675
318	0.5606475
318.02	0.5606175
318.04	0.560585
318.06	0.560555
318.08	0.560525
318.1	0.5604975
318.12	0.5604675
318.14	0.560435
318.16	0.560405
318.18	0.560375
318.2	0.5603475
318.22	0.5603175
318.24	0.560285
318.26	0.560255
318.28	0.5602275
318.3	0.5601975
318.32	0.560165
318.34	0.5601375
318.36	0.5601075
318.38	0.560075
318.4	0.5600475
318.42	0.5600175
318.44	0.559985
318.46	0.5599575
318.48	0.5599275
318.5	0.559895
318.52	0.5598675
318.54	0.5598375
318.56	0.5598075
318.58	0.5597775
318.6	0.5597475
318.62	0.5597175
318.64	0.5596875
318.66	0.55966
318.68	0.5596275
318.7	0.5595975
318.72	0.5595675
318.74	0.5595375
318.76	0.55951
318.78	0.55948
318.8	0.5594475
318.82	0.5594175
318.84	0.55939
318.86	0.55936
318.88	0.55933
318.9	0.5593
318.92	0.55927
318.94	0.5592375
318.96	0.55921
318.98	0.5591825
319	0.55915
319.02	0.55912
319.04	0.55909
319.06	0.55906
319.08	0.55903
319.1	0.5590025
319.12	0.5589725
319.14	0.55894
319.16	0.5589125
319.18	0.5588825
319.2	0.5588525
319.22	0.5588225
319.24	0.5587925
319.26	0.5587625
319.28	0.5587325
319.3	0.558705
319.32	0.5586725
319.34	0.5586425
319.36	0.558615
319.38	0.558585
319.4	0.558555
319.42	0.558525
319.44	0.558495
319.46	0.558465
319.48	0.558435
319.5	0.558405
319.52	0.5583775
319.54	0.5583475
319.56	0.558315
319.58	0.5582875
319.6	0.5582575
319.62	0.5582275
319.64	0.5581975
319.66	0.5581675
319.68	0.55814
319.7	0.5581075
319.72	0.5580775
319.74	0.55805
319.76	0.55802
319.78	0.55799
319.8	0.55796
319.82	0.55793
319.84	0.5579025
319.86	0.5578725
319.88	0.55784
319.9	0.5578125
319.92	0.5577825
319.94	0.5577525
319.96	0.5577225
319.98	0.5576925
320	0.557665
320.02	0.557635
320.04	0.5576025
320.06	0.5575725
320.08	0.557545
320.1	0.5575175
320.12	0.5574875
320.14	0.557455
320.16	0.557425
320.18	0.5573975
320.2	0.5573675
320.22	0.5573375
320.24	0.55731
320.26	0.5572775
320.28	0.5572475
320.3	0.55722
320.32	0.55719
320.34	0.55716
320.36	0.55713
320.38	0.5571025
320.4	0.5570725
320.42	0.55704
320.44	0.5570125
320.46	0.5569825
320.48	0.5569525
320.5	0.556925
320.52	0.556895
320.54	0.556865
320.56	0.556835
320.58	0.556805
320.6	0.556775
320.62	0.556745
320.64	0.5567175
320.66	0.5566875
320.68	0.5566575
320.7	0.5566275
320.72	0.5565975
320.74	0.55657
320.76	0.55654
320.78	0.55651
320.8	0.55648
320.82	0.5564525
320.84	0.5564225
320.86	0.55639
320.88	0.5563625
320.9	0.556335
320.92	0.556305
320.94	0.5562725
320.96	0.5562425
320.98	0.5562175
321	0.5561875
321.02	0.556155
321.04	0.556125
321.06	0.5560975
321.08	0.55607
321.1	0.5560375
321.12	0.5560075
321.14	0.55598
321.16	0.55595
321.18	0.55592
321.2	0.5558925
321.22	0.5558625
321.24	0.5558325
321.26	0.5558025
321.28	0.5557725
321.3	0.555745
321.32	0.555715
321.34	0.555685
321.36	0.555655
321.38	0.5556275
321.4	0.5555975
321.42	0.5555675
321.44	0.55554
321.46	0.5555075
321.48	0.5554775
321.5	0.55545
321.52	0.5554225
321.54	0.5553925
321.56	0.55536
321.58	0.5553325
321.6	0.555305
321.62	0.555275
321.64	0.555245
321.66	0.555215
321.68	0.555185
321.7	0.555155
321.72	0.5551275
321.74	0.5550975
321.76	0.5550675
321.78	0.55504
321.8	0.55501
321.82	0.55498
321.84	0.5549525
321.86	0.5549225
321.88	0.5548925
321.9	0.5548625
321.92	0.5548325
321.94	0.554805
321.96	0.554775
321.98	0.554745
322	0.5547175
322.02	0.5546875
322.04	0.5546575
322.06	0.55463
322.08	0.5546
322.1	0.55457
322.12	0.55454
322.14	0.5545125
322.16	0.5544825
322.18	0.5544525
322.2	0.554425
322.22	0.554395
322.24	0.554365
322.26	0.554335
322.28	0.5543075
322.3	0.5542775
322.32	0.5542475
322.34	0.55422
322.36	0.55419
322.38	0.55416
322.4	0.5541325
322.42	0.5541025
322.44	0.5540725
322.46	0.554045
322.48	0.554015
322.5	0.553985
322.52	0.553955
322.54	0.5539275
322.56	0.5538975
322.58	0.5538675
322.6	0.55384
322.62	0.55381
322.64	0.5537825
322.66	0.5537525
322.68	0.5537225
322.7	0.553695
322.72	0.5536625
322.74	0.553635
322.76	0.5536075
322.78	0.553575
322.8	0.5535475
322.82	0.55352
322.84	0.55349
322.86	0.55346
322.88	0.55343
322.9	0.5534025
322.92	0.5533725
322.94	0.5533425
322.96	0.553315
322.98	0.553285
323	0.5532575
323.02	0.5532275
323.04	0.5531975
323.06	0.55317
323.08	0.55314
323.1	0.55311
323.12	0.55308
323.14	0.5530525
323.16	0.553025
323.18	0.552995
323.2	0.552965
323.22	0.552935
323.24	0.5529075
323.26	0.55288
323.28	0.5528475
323.3	0.5528175
323.32	0.5527925
323.34	0.5527625
323.36	0.5527325
323.38	0.552705
323.4	0.552675
323.42	0.552645
323.44	0.552615
323.46	0.5525875
323.48	0.55256
323.5	0.55253
323.52	0.5525
323.54	0.55247
323.56	0.5524425
323.58	0.5524125
323.6	0.5523825
323.62	0.5523575
323.64	0.5523275
323.66	0.552295
323.68	0.5522675
323.7	0.55224
323.72	0.55221
323.74	0.5521825
323.76	0.5521525
323.78	0.5521225
323.8	0.552095
323.82	0.552065
323.84	0.552035
323.86	0.5520075
323.88	0.55198
323.9	0.55195
323.92	0.55192
323.94	0.55189
323.96	0.5518625
323.98	0.551835
324	0.551805
324.02	0.551775
324.04	0.551745
324.06	0.5517175
324.08	0.55169
324.1	0.55166
324.12	0.55163
324.14	0.5516025
324.16	0.5515725
324.18	0.5515425
324.2	0.5515175
324.22	0.5514875
324.24	0.5514575
324.26	0.5514275
324.28	0.5513975
324.3	0.5513725
324.32	0.5513425
324.34	0.5513125
324.36	0.551285
324.38	0.551255
324.4	0.551225
324.42	0.5511975
324.44	0.55117
324.46	0.55114
324.48	0.55111
324.5	0.55108
324.52	0.5510525
324.54	0.551025
324.56	0.550995
324.58	0.5509675
324.6	0.5509375
324.62	0.5509075
324.64	0.55088
324.66	0.5508525
324.68	0.5508225
324.7	0.5507925
324.72	0.550765
324.74	0.550735
324.76	0.5507075
324.78	0.55068
324.8	0.55065
324.82	0.55062
324.84	0.55059
324.86	0.5505625
324.88	0.550535
324.9	0.550505
324.92	0.5504775
324.94	0.5504475
324.96	0.5504175
324.98	0.55039
325	0.5503625
325.02	0.5503325
325.04	0.5503025
325.06	0.550275
325.08	0.5502475
325.1	0.5502175
325.12	0.5501875
325.14	0.55016
325.16	0.5501325
325.18	0.5501025
325.2	0.5500725
325.22	0.550045
325.24	0.5500175
325.26	0.5499875
325.28	0.5499575
325.3	0.54993
325.32	0.5499025
325.34	0.549875
325.36	0.5498425
325.38	0.549815
325.4	0.5497875
325.42	0.5497575
325.44	0.54973
325.46	0.5497
325.48	0.54967
325.5	0.5496425
325.52	0.549615
325.54	0.549585
325.56	0.5495575
325.58	0.54953
325.6	0.5495
325.62	0.54947
325.64	0.5494425
325.66	0.5494125
325.68	0.5493825
325.7	0.5493575
325.72	0.5493275
325.74	0.5492975
325.76	0.5492725
325.78	0.5492425
325.8	0.5492125
325.82	0.549185
325.84	0.549155
325.86	0.5491275
325.88	0.5490975
325.9	0.5490675
325.92	0.5490425
325.94	0.5490125
325.96	0.5489825
325.98	0.5489575
326	0.548945
