Data from VACUUMSCHMELZE GmbH & Co. KG, Germany (https://vacuumschmelze.com)
Specific heat capacity at B = 1.5 T
Temperature(K)	Heat capacity(J/kg/K)

238.693389	529.0139699
238.793389	523.5540977
238.893389	527.5277001
238.993389	532.2523923
239.093389	527.5944165
239.193389	530.5446746
239.293389	524.730478
239.393389	530.5989828
239.493389	532.903994
239.593389	532.2414683
239.693389	528.2504267
239.793389	532.7825523
239.893389	533.3279403
239.993389	532.348464
240.093389	536.8352249
240.193389	533.805893
240.293389	528.5063409
240.393389	531.3741811
240.493389	535.0770268
240.593389	531.1902283
240.693389	534.8425215
240.793389	531.1732414
240.893389	533.9856645
240.993389	534.613984
241.093389	534.6859032
241.193389	532.5250885
241.293389	530.3209474
241.393389	534.9012303
241.493389	533.5356059
241.593389	538.3035185
241.693389	533.8614782
241.793389	535.9678283
241.893389	535.6681803
241.993389	537.8661887
242.093389	538.5927259
242.193389	537.2748704
242.293389	537.0272717
242.393389	535.1679629
242.493389	536.6041435
242.593389	533.9315478
242.693389	531.4446838
242.793389	532.5901173
242.893389	537.3021795
242.993389	539.4489908
243.093389	536.3752435
243.193389	538.7322113
243.293389	540.4450085
243.393389	540.6334826
243.493389	540.0826721
243.593389	535.6679674
243.693389	539.5294611
243.793389	537.5951548
243.893389	538.1611446
243.993389	539.9499601
244.093389	539.2137692
244.193389	536.4337305
244.293389	537.4550783
244.393389	538.988912
244.493389	537.2553362
244.593389	540.6483505
244.693389	540.1348261
244.793389	539.3176677
244.893389	544.4923923
244.993389	542.2901818
245.093389	539.0850727
245.193389	539.4445894
245.293389	540.7148777
245.393389	537.9117178
245.493389	541.8998042
245.593389	540.4322957
245.693389	539.2104242
245.793389	541.66101
245.893389	540.3628196
245.993389	544.8729039
246.093389	543.9309551
246.193389	543.8651935
246.293389	540.7992249
246.393389	542.5793241
246.493389	543.5840232
246.593389	541.50198
246.693389	540.4086834
246.793389	542.4649324
246.893389	548.7192832
246.993389	540.6478862
247.093389	543.2480812
247.193389	543.8820542
247.293389	545.9255797
247.393389	548.5756375
247.493389	546.9688905
247.593389	547.9330636
247.693389	545.6432966
247.793389	548.7117116
247.893389	550.5478197
247.993389	546.039329
248.093389	548.8482209
248.193389	549.1590322
248.293389	550.5913274
248.393389	549.4201786
248.493389	548.5460832
248.593389	545.1617553
248.693389	550.0778641
248.793389	546.826946
248.893389	545.7932274
248.993389	548.4765279
249.093389	551.1017287
249.193389	549.5159042
249.293389	552.5009311
249.393389	554.5549428
249.493389	549.0374154
249.593389	551.818516
249.693389	544.2026513
249.793389	551.4083234
249.893389	548.0034784
249.993389	549.9112085
250.093389	552.184867
250.193389	556.1337114
250.293389	553.4399178
250.393389	550.5392118
250.493389	554.5407415
250.593389	555.3998904
250.693389	552.2224168
250.793389	549.2484693
250.893389	553.8261016
250.993389	551.0088975
251.093389	551.0513211
251.193389	551.2905943
251.293389	555.9182084
251.393389	556.003998
251.493389	553.2930593
251.593389	549.6366917
251.693389	550.458087
251.793389	553.0569387
251.893389	553.1954615
251.993389	553.4517112
252.093389	552.1327595
252.193389	546.1105568
252.293389	551.2553199
252.393389	550.9114213
252.493389	549.1951422
252.593389	547.0468887
252.693389	549.2083347
252.793389	549.5335419
252.893389	552.316757
252.993389	553.370175
253.093389	550.7709073
253.193389	552.5673288
253.293389	552.3221563
253.393389	553.1076817
253.493389	553.3654954
253.593389	554.499365
253.693389	558.453806
253.793389	560.4848756
253.893389	555.6373685
253.993389	560.6822818
254.093389	558.8877183
254.193389	552.5493809
254.293389	560.3451256
254.393389	559.0340113
254.493389	555.6267293
254.593389	558.4631901
254.693389	556.782945
254.793389	554.1276404
254.893389	556.3163802
254.993389	555.8737393
255.093389	556.7211724
255.193389	559.1438967
255.293389	555.7194709
255.393389	560.6594642
255.493389	559.9636138
255.593389	559.6757877
255.693389	564.1847323
255.793389	562.8571185
255.893389	556.6500567
255.993389	563.3806553
256.093389	558.366678
256.193389	560.7341807
256.293389	553.4471424
256.393389	553.9263612
256.493389	562.6417327
256.593389	556.8927079
256.693389	559.6174533
256.793389	556.5724516
256.893389	558.5106309
256.993389	557.0607459
257.093389	554.8804269
257.193389	556.7581765
257.293389	561.4962389
257.393389	560.6934048
257.493389	559.1873292
257.593389	562.2917257
257.693389	562.1606913
257.793389	563.1764052
257.893389	566.4840793
257.993389	566.6605225
258.093389	561.2935065
258.193389	565.7936704
258.293389	566.6075312
258.393389	567.4918669
258.493389	564.3796998
258.593389	565.992859
258.693389	562.9050946
258.793389	561.604864
258.893389	565.777847
258.993389	564.8666746
259.093389	563.0870892
259.193389	566.7360953
259.293389	565.001891
259.393389	568.4994043
259.493389	562.2858106
259.593389	561.1160299
259.693389	561.3495434
259.793389	564.6443484
259.893389	564.2289069
259.993389	570.4927292
260.093389	569.7268811
260.193389	565.7818618
260.293389	566.8181689
260.393389	566.8759651
260.493389	567.8488491
260.593389	562.0187002
260.693389	564.9998139
260.793389	566.8550463
260.893389	566.6786331
260.993389	564.5645566
261.093389	568.2502573
261.193389	567.0514432
261.293389	568.0544619
261.393389	567.8746042
261.493389	571.8771241
261.593389	572.7342424
261.693389	569.3127116
261.793389	570.8436393
261.893389	570.1160037
261.993389	576.4825455
262.093389	570.9503803
262.193389	572.3517034
262.293389	570.0917965
262.393389	571.6506961
262.493389	570.7973809
262.593389	572.85876
262.693389	569.1203638
262.793389	566.7534758
262.893389	568.1688724
262.993389	565.4309276
263.093389	562.9849731
263.193389	566.5622286
263.293389	566.5906619
263.393389	569.9285167
263.493389	566.2550984
263.593389	567.0744184
263.693389	567.0957497
263.793389	572.5070108
263.893389	577.1675428
263.993389	575.521216
264.093389	577.5672607
264.193389	575.7769814
264.293389	577.2006275
264.393389	575.4313616
264.493389	573.5329638
264.593389	573.0940103
264.693389	573.578459
264.793389	575.9690678
264.893389	575.1473731
264.993389	571.0019641
265.093389	571.6051517
265.193389	578.4601608
265.293389	570.5819723
265.393389	569.2625593
265.493389	574.5945668
265.593389	569.6328793
265.693389	574.2620564
265.793389	568.1269748
265.893389	568.1038763
265.993389	573.9006506
266.093389	569.0500672
266.193389	572.5699231
266.293389	571.7709003
266.393389	574.1658696
266.493389	571.2448104
266.593389	577.4763046
266.693389	581.2391073
266.793389	580.0278121
266.893389	584.4881696
266.993389	579.3295884
267.093389	586.6537037
267.193389	582.8300063
267.293389	582.8185497
267.393389	580.5863133
267.493389	582.317281
267.593389	580.2241649
267.693389	579.7010035
267.793389	583.3333968
267.893389	584.4026021
267.993389	580.917221
268.093389	580.384286
268.193389	582.2913431
268.293389	577.5240026
268.393389	577.1911404
268.493389	581.0692662
268.593389	582.2913803
268.693389	577.6625252
268.793389	582.1249684
268.893389	576.7235707
268.993389	575.9471797
269.093389	577.4688434
269.193389	579.0753597
269.293389	580.9896885
269.393389	580.6273731
269.493389	585.3451827
269.593389	582.7261603
269.693389	583.364509
269.793389	586.7649967
269.893389	585.8651553
269.993389	581.3387895
270.093389	580.1803617
270.193389	579.9616826
270.293389	581.9441122
270.393389	584.9105827
270.493389	583.4833285
270.593389	590.2764459
270.693389	591.2560643
270.793389	592.1930912
270.893389	588.0561574
270.993389	586.1327595
271.093389	595.3406207
271.193389	591.0803375
271.293389	592.1226067
271.393389	593.5808383
271.493389	590.4036366
271.593389	589.4826452
271.693389	595.8943526
271.793389	594.048838
271.893389	594.7823583
271.993389	595.2136631
272.093389	595.8636159
272.193389	597.6349922
272.293389	598.2732808
272.393389	595.8648387
272.493389	594.0739127
272.593389	597.7171175
272.693389	591.4866751
272.793389	595.7570865
272.893389	595.1990172
272.993389	596.8642611
273.093389	597.8478686
273.193389	598.6357923
273.293389	593.0505075
273.393389	597.8275271
273.493389	601.7807684
273.593389	602.1728971
273.693389	598.4575454
273.793389	597.967186
273.893389	597.5940745
273.993389	596.5087322
274.093389	599.3702949
274.193389	599.2114455
274.293389	594.6961064
274.393389	593.4423486
274.493389	600.1693149
274.593389	602.8797159
274.693389	603.5914941
274.793389	600.5155085
274.893389	599.433857
274.993389	599.0949231
275.093389	597.025015
275.193389	598.1925979
275.293389	597.0209866
275.393389	599.2559132
275.493389	600.4449506
275.593389	608.1509231
275.693389	608.669536
275.793389	609.5650988
275.893389	611.0749214
275.993389	613.15184
276.093389	609.0892104
276.193389	611.8622671
276.293389	616.9210623
276.393389	616.7552156
276.493389	614.2692703
276.593389	612.484245
276.693389	617.9318756
276.793389	621.5587493
276.893389	616.9898303
276.993389	621.4032802
277.093389	618.5214741
277.193389	621.0794681
277.293389	619.9273414
277.393389	621.8032604
277.493389	619.622542
277.593389	624.601005
277.693389	623.2156072
277.793389	626.1339922
277.893389	625.4626657
277.993389	621.1743048
278.093389	626.6517381
278.193389	624.2744418
278.293389	631.0969362
278.393389	629.9317234
278.493389	626.4143505
278.593389	627.5690199
278.693389	627.5991172
278.793389	627.4249767
278.893389	629.7782671
278.993389	626.3818345
279.093389	627.8262435
279.193389	631.8803046
279.293389	628.4613928
279.393389	626.7356756
279.493389	629.9305415
279.593389	628.7703013
279.693389	628.7791432
279.793389	628.3460842
279.893389	626.4345634
279.993389	631.133073
280.093389	634.6421074
280.193389	632.7194086
280.293389	635.3286721
280.393389	632.8813115
280.493389	634.656291
280.593389	636.8748333
280.693389	639.0356569
280.793389	639.7021585
280.893389	638.1427306
280.993389	639.5922018
281.093389	640.5236885
281.193389	636.7239393
281.293389	633.9147267
281.393389	635.5389146
281.493389	637.1164845
281.593389	639.6851059
281.693389	640.4587079
281.793389	639.4477742
281.893389	641.7434721
281.993389	644.4177671
282.093389	646.7291194
282.193389	644.5943578
282.293389	644.0905067
282.393389	645.7150274
282.493389	647.9445194
282.593389	645.1381367
282.693389	644.4764969
282.793389	646.6228735
282.893389	645.2356887
282.993389	647.6112504
283.093389	652.675532
283.193389	648.6621068
283.293389	654.2123905
283.393389	653.9353062
283.493389	648.8612441
283.593389	657.9275726
283.693389	656.9255141
283.793389	654.370175
283.893389	657.7774993
283.993389	657.2083701
284.093389	661.1621179
284.193389	665.999893
284.293389	667.2156474
284.393389	666.8723047
284.493389	671.4173803
284.593389	670.5788788
284.693389	674.0352239
284.793389	671.9530241
284.893389	669.9720775
284.993389	668.5911932
285.093389	673.7244078
285.193389	675.1533835
285.293389	670.9418755
285.393389	671.8455642
285.493389	670.9982037
285.593389	673.7248272
285.693389	671.8808188
285.793389	673.3379595
285.893389	677.2790851
285.993389	678.4682585
286.093389	679.8810771
286.193389	680.6090116
286.293389	686.4974269
286.393389	687.8756144
286.493389	694.6287423
286.593389	688.1804772
286.693389	692.700445
286.793389	695.727884
286.893389	692.2161514
286.993389	694.4162392
287.093389	691.6105697
287.193389	695.1829309
287.293389	691.303081
287.393389	694.5428465
287.493389	702.0601806
287.593389	698.2192335
287.693389	704.7335086
287.793389	701.9646484
287.893389	710.1781243
287.993389	706.0741231
288.093389	710.8155222
288.193389	709.2592235
288.293389	714.9889775
288.393389	713.8532318
288.493389	714.7688033
288.593389	712.8178016
288.693389	714.5590941
288.793389	717.4966607
288.893389	721.1003692
288.993389	714.9076306
289.093389	718.1387677
289.193389	719.5038644
289.293389	722.1876258
289.393389	720.8122327
289.493389	715.5843319
289.593389	717.3868021
289.693389	719.8336256
289.793389	722.254136
289.893389	721.6794937
289.993389	718.9641697
290.093389	723.0601193
290.193389	721.7985243
290.293389	722.9175817
290.393389	722.9842728
290.493389	720.1113017
290.593389	718.7933932
290.693389	720.3908081
290.793389	721.1722818
290.893389	719.1083518
290.993389	721.9113755
291.093389	721.964293
291.193389	726.6119447
291.293389	720.3101483
291.393389	723.4476067
291.493389	724.9583745
291.593389	726.6789678
291.693389	725.7355221
291.793389	723.7915304
291.893389	723.2476629
291.993389	725.1386022
292.093389	722.3064404
292.193389	722.8731562
292.293389	723.0241639
292.393389	725.2859957
292.493389	721.1286174
292.593389	719.371308
292.693389	717.9368972
292.793389	722.4794914
292.893389	720.5780367
292.993389	720.4170589
293.093389	724.1261789
293.193389	726.6346834
293.293389	725.5108032
293.393389	729.3575526
293.493389	729.2160798
293.593389	721.7211118
293.693389	726.9510877
293.793389	727.125015
293.893389	726.4328169
293.993389	724.1991676
294.093389	724.5191463
294.193389	725.5503295
294.293389	718.6960661
294.393389	719.5644315
294.493389	715.8785559
294.593389	715.6074645
294.693389	718.8539511
294.793389	715.4945455
294.893389	712.0795107
294.993389	708.5223334
295.093389	710.7612591
295.193389	708.6919656
295.293389	705.7843493
295.393389	698.6163897
295.493389	702.8949412
295.593389	703.9243389
295.693389	699.3570853
295.793389	694.1892823
295.893389	692.1056585
295.993389	696.258829
296.093389	692.0290643
296.193389	689.560063
296.293389	690.3849733
296.393389	687.452691
296.493389	688.8396702
296.593389	685.0716758
296.693389	680.4015974
296.793389	681.0251388
296.893389	677.125913
296.993389	675.186583
297.093389	675.5507372
297.193389	672.2993723
297.293389	671.0270528
297.393389	667.1975494
297.493389	664.3889012
297.593389	663.2723472
297.693389	661.7161778
297.793389	663.1938823
297.893389	658.9231768
297.993389	659.9507314
298.093389	660.0806243
298.193389	658.0474422
298.293389	654.3970809
298.393389	659.2773333
298.493389	657.8269686
298.593389	656.0068382
298.693389	654.2488812
298.793389	652.8542023
298.893389	648.0638354
298.993389	648.1338549
299.093389	645.5334524
299.193389	645.2382813
299.293389	642.3048475
299.393389	638.2303806
299.493389	636.184695
299.593389	635.5992689
299.693389	632.1872383
299.793389	628.6147706
299.893389	624.3291554
299.993389	628.200968
300.093389	620.4774536
300.193389	628.977783
300.293389	628.2709411
300.393389	627.0180744
300.493389	621.8470275
300.593389	622.0860898
300.693389	619.882197
300.793389	613.9110351
300.893389	614.732818
300.993389	608.903893
301.093389	603.3203793
301.193389	604.6288341
301.293389	601.8480814
301.393389	601.7797917
301.493389	599.8546711
301.593389	602.6383921
301.693389	597.9241776
301.793389	600.2802457
301.893389	600.4739423
301.993389	593.0508496
302.093389	595.6358607
302.193389	598.2533122
302.293389	593.8763957
302.393389	592.5932563
302.493389	590.1150197
302.593389	586.7165052
302.693389	586.3739829
302.793389	588.3336973
302.893389	584.5890249
302.993389	585.4185715
303.093389	585.6718145
303.193389	585.2594929
303.293389	582.7636986
303.393389	582.3679528
303.493389	580.836004
303.593389	582.0589163
303.693389	579.1798344
303.793389	578.7499617
303.893389	574.4819281
303.993389	576.3032679
304.093389	575.2787574
304.193389	572.0772929
304.293389	571.5611033
304.393389	565.5677048
304.493389	568.6761261
304.593389	565.0745433
304.693389	564.6025023
304.793389	559.0206601
304.893389	559.9136182
304.993389	557.2100502
305.093389	556.1225412
305.193389	557.028296
305.293389	556.1404928
305.393389	552.8867125
305.493389	551.7284161
305.593389	550.1924647
305.693389	551.0777086
305.793389	546.823329
305.893389	545.2589074
305.993389	547.7475463
306.093389	547.4708253
306.193389	548.3865339
306.293389	551.3125329
306.393389	549.2340477
306.493389	547.4637865
306.593389	544.8376696
306.693389	540.6861545
306.793389	542.2104331
306.893389	541.915213
306.993389	536.7029247
307.093389	536.5117841
307.193389	534.8502269
307.293389	532.5907136
307.393389	536.3280877
307.493389	535.6951861
307.593389	530.9478522
307.693389	532.3192166
307.793389	532.9164852
307.893389	534.268968
307.993389	532.6845854
308.093389	528.1259463
308.193389	528.6588764
308.293389	529.4950452
308.393389	527.70164
308.493389	526.7972087
308.593389	531.2459108
308.693389	524.0506428
308.793389	524.4243277
308.893389	525.3409163
308.993389	523.7233431
309.093389	521.3669174
309.193389	519.8070226
309.293389	521.2040386
309.393389	517.1806662
309.493389	517.5619912
309.593389	513.0618231
309.693389	515.7460207
309.793389	513.1644973
309.893389	513.9711791
309.993389	514.0182204
310.093389	515.9909324
310.193389	513.3444917
310.293389	511.0780502
310.393389	513.6170389
310.493389	511.5752338
310.593389	509.8166593
310.693389	507.5393152
310.793389	507.2222367
310.893389	509.0225011
310.993389	504.1944596
311.093389	503.2659504
311.193389	498.3181404
311.293389	498.8857811
311.393389	502.590984
311.493389	501.8863473
311.593389	502.2595374
311.693389	500.991254
311.793389	501.9529575
311.893389	502.8168839
311.993389	500.1425186
312.093389	500.914802
312.193389	500.3562948
312.293389	501.3570002
312.393389	500.0131395
312.493389	497.7678081
312.593389	497.9138424
312.693389	495.7250781
312.793389	496.0021929
312.893389	497.9892058
312.993389	496.322671
313.093389	500.4842214
313.193389	499.9194017
313.293389	498.3428273
313.393389	497.0866448
313.493389	494.1430143
313.593389	499.6592698
313.693389	496.363791
313.793389	492.7230791
313.893389	495.3791045
313.993389	494.8590489
314.093389	498.2945387
314.193389	493.3751312
314.293389	492.5570296
314.393389	489.3504711
314.493389	492.3959542
314.593389	492.6110486
314.693389	492.0797853
314.793389	489.3918634
314.893389	488.320078
314.993389	488.1129961
315.093389	490.0393069
315.193389	488.5433044
315.293389	489.2387618
315.393389	486.8877885
315.493389	487.1154385
315.593389	483.4773712
315.693389	480.7526302
315.793389	484.1739246
315.893389	478.5820441
315.993389	480.0522401
316.093389	481.2157142
316.193389	476.3361677
316.293389	476.1319738
316.393389	473.726107
316.493389	474.2273383
316.593389	473.2207249
316.693389	474.3260054
316.793389	470.6266193
316.893389	472.2437798
316.993389	475.146668
317.093389	471.0232582
317.193389	471.6277865
317.293389	470.3974543
317.393389	474.2398667
317.493389	472.4068797
317.593389	473.6209854
317.693389	472.5167768
317.793389	474.336866
317.893389	472.1700647
317.993389	474.0050432
318.093389	478.588313
318.193389	474.3395955
318.293389	471.008204
318.393389	471.9990872
318.493389	467.3465738
318.593389	470.6764051
318.693389	468.5437013
318.793389	470.2270826
318.893389	466.9700684
318.993389	464.0148867
319.093389	466.6876717
319.193389	460.9481932
319.293389	461.9826024
319.393389	459.8378624
319.493389	460.0182449
319.593389	456.9559633
319.693389	457.4779398
319.793389	457.7134639
319.893389	453.5158247
319.993389	448.6697013
320.093389	446.4100407


