0.0000		255			 256			 257			 258			 259			 260			 261			 262			 263			 264			 265			 266			 267			 268			 269			 270			 271			 272			 273			 274			 275			 276			 277			 278			 279			 280			 281			 282			 283			 284			 285			 286			 287			 288			 289			 290			 291			 292			 293			 294			 295			 296			 297			 298			 299			 300			 301			 302			 303			 304			 305			 306			 307			 308			 
 0.000		  0.0000		  0.0000		  0.0000		  0.0000		  0.0000		  0.0000		  0.0000		  0.0000		  0.0000		  0.0000		  0.0000		  0.0000		  0.0000		  0.0000		  0.0000		  0.0000		  0.0000		  0.0000		  0.0000		  0.0000		  0.0000		  0.0000		  0.0000		  0.0000		  0.0000		  0.0000		  0.0000		  0.0000		  0.0000		  0.0000		  0.0000		  0.0000		  0.0000		  0.0000		  0.0000		  0.0000		  0.0000		  0.0000		  0.0000		  0.0000		  0.0000		  0.0000		  0.0000		  0.0000		  0.0000		  0.0000		  0.0000		  0.0000		  0.0000		  0.0000		  0.0000		  0.0000		  0.0000		  0.0000		
 0.010		  0.0063		  0.0067		  0.0069		  0.0073		  0.0076		  0.0080		  0.0084		  0.0165		  0.0164		  0.0174		  0.0177		  0.0180		  0.0193		  0.0204		  0.0211		  0.0223		  0.0232		  0.0253		  0.0264		  0.0285		  0.0306		  0.0320		  0.0316		  0.0279		  0.0229		  0.0186		  0.0147		  0.0117		  0.0092		  0.0074		  0.0060		  0.0048		  0.0042		  0.0048		  0.0041		  0.0036		  0.0031		  0.0026		  0.0023		  0.0022		  0.0026		  0.0023		  0.0020		  0.0018		  0.0017		  0.0015		  0.0023		  0.0022		  0.0020		  0.0019		  0.0019		  0.0019		  0.0019		     NaN		
 0.020		  0.0126		  0.0133		  0.0137		  0.0145		  0.0153		  0.0161		  0.0168		  0.0330		  0.0329		  0.0347		  0.0353		  0.0360		  0.0386		  0.0408		  0.0422		  0.0447		  0.0464		  0.0506		  0.0528		  0.0570		  0.0613		  0.0639		  0.0633		  0.0558		  0.0457		  0.0372		  0.0293		  0.0233		  0.0184		  0.0148		  0.0120		  0.0097		  0.0083		  0.0097		  0.0082		  0.0071		  0.0062		  0.0053		  0.0047		  0.0043		  0.0051		  0.0045		  0.0041		  0.0036		  0.0035		  0.0031		  0.0047		  0.0044		  0.0039		  0.0037		  0.0037		  0.0037		  0.0037		     NaN		
 0.030		  0.0189		  0.0200		  0.0206		  0.0218		  0.0229		  0.0241		  0.0252		  0.0495		  0.0493		  0.0521		  0.0530		  0.0540		  0.0579		  0.0612		  0.0633		  0.0670		  0.0696		  0.0760		  0.0792		  0.0855		  0.0919		  0.0959		  0.0949		  0.0838		  0.0686		  0.0558		  0.0440		  0.0350		  0.0276		  0.0222		  0.0180		  0.0145		  0.0125		  0.0145		  0.0124		  0.0107		  0.0093		  0.0079		  0.0070		  0.0065		  0.0077		  0.0068		  0.0061		  0.0055		  0.0052		  0.0046		  0.0070		  0.0066		  0.0059		  0.0056		  0.0056		  0.0056		  0.0056		     NaN		
 0.040		  0.0252		  0.0266		  0.0275		  0.0291		  0.0305		  0.0322		  0.0336		  0.0660		  0.0658		  0.0694		  0.0707		  0.0720		  0.0772		  0.0816		  0.0844		  0.0894		  0.0928		  0.1013		  0.1057		  0.1140		  0.1225		  0.1279		  0.1266		  0.1117		  0.0915		  0.0744		  0.0587		  0.0466		  0.0368		  0.0296		  0.0241		  0.0194		  0.0167		  0.0193		  0.0165		  0.0142		  0.0124		  0.0106		  0.0094		  0.0086		  0.0102		  0.0091		  0.0082		  0.0073		  0.0070		  0.0062		  0.0094		  0.0087		  0.0079		  0.0074		  0.0074		  0.0074		  0.0074		     NaN		
 0.050		  0.0314		  0.0333		  0.0343		  0.0363		  0.0381		  0.0402		  0.0420		  0.0825		  0.0822		  0.0868		  0.0884		  0.0900		  0.0965		  0.1019		  0.1055		  0.1117		  0.1160		  0.1266		  0.1321		  0.1425		  0.1531		  0.1598		  0.1582		  0.1396		  0.1143		  0.0930		  0.0733		  0.0583		  0.0460		  0.0370		  0.0301		  0.0242		  0.0208		  0.0241		  0.0206		  0.0178		  0.0155		  0.0132		  0.0117		  0.0108		  0.0128		  0.0113		  0.0102		  0.0091		  0.0087		  0.0077		  0.0117		  0.0109		  0.0099		  0.0093		  0.0093		  0.0093		  0.0093		     NaN		
 0.060		  0.0377		  0.0400		  0.0412		  0.0436		  0.0458		  0.0482		  0.0503		  0.0990		  0.0987		  0.1042		  0.1060		  0.1080		  0.1158		  0.1223		  0.1266		  0.1341		  0.1393		  0.1519		  0.1585		  0.1709		  0.1838		  0.1918		  0.1899		  0.1675		  0.1372		  0.1116		  0.0880		  0.0699		  0.0552		  0.0444		  0.0361		  0.0291		  0.0250		  0.0290		  0.0247		  0.0213		  0.0185		  0.0158		  0.0140		  0.0130		  0.0153		  0.0136		  0.0123		  0.0109		  0.0105		  0.0092		  0.0140		  0.0131		  0.0118		  0.0111		  0.0111		  0.0111		  0.0111		     NaN		
 0.070		  0.0440		  0.0466		  0.0481		  0.0509		  0.0534		  0.0563		  0.0587		  0.1078		  0.1107		  0.1206		  0.1237		  0.1260		  0.1351		  0.1427		  0.1477		  0.1564		  0.1625		  0.1773		  0.1849		  0.1994		  0.2144		  0.2237		  0.2215		  0.1955		  0.1601		  0.1301		  0.1026		  0.0816		  0.0644		  0.0518		  0.0421		  0.0339		  0.0292		  0.0338		  0.0289		  0.0249		  0.0216		  0.0185		  0.0164		  0.0151		  0.0179		  0.0159		  0.0143		  0.0128		  0.0122		  0.0108		  0.0164		  0.0153		  0.0138		  0.0130		  0.0130		  0.0130		  0.0130		     NaN		
 0.080		  0.0503		  0.0533		  0.0549		  0.0581		  0.0610		  0.0643		  0.0671		  0.1150		  0.1180		  0.1286		  0.1356		  0.1426		  0.1544		  0.1631		  0.1688		  0.1787		  0.1857		  0.2026		  0.2113		  0.2279		  0.2450		  0.2557		  0.2532		  0.2234		  0.1829		  0.1487		  0.1173		  0.0933		  0.0736		  0.0592		  0.0481		  0.0388		  0.0333		  0.0386		  0.0330		  0.0284		  0.0247		  0.0211		  0.0187		  0.0173		  0.0205		  0.0181		  0.0164		  0.0146		  0.0139		  0.0123		  0.0187		  0.0175		  0.0158		  0.0148		  0.0148		  0.0148		  0.0148		     NaN		
 0.090		  0.0566		  0.0599		  0.0618		  0.0654		  0.0687		  0.0724		  0.0755		  0.1221		  0.1253		  0.1365		  0.1444		  0.1522		  0.1685		  0.1835		  0.1899		  0.2011		  0.2089		  0.2279		  0.2377		  0.2564		  0.2756		  0.2877		  0.2848		  0.2513		  0.2058		  0.1673		  0.1320		  0.1049		  0.0828		  0.0666		  0.0541		  0.0436		  0.0375		  0.0434		  0.0371		  0.0320		  0.0278		  0.0238		  0.0211		  0.0194		  0.0230		  0.0204		  0.0184		  0.0164		  0.0157		  0.0138		  0.0210		  0.0197		  0.0178		  0.0167		  0.0167		  0.0167		  0.0167		     NaN		
 0.100		  0.0629		  0.0666		  0.0687		  0.0727		  0.0763		  0.0804		  0.0839		  0.1292		  0.1325		  0.1445		  0.1531		  0.1617		  0.1789		  0.1948		  0.2088		  0.2234		  0.2321		  0.2532		  0.2642		  0.2849		  0.3063		  0.3196		  0.3165		  0.2792		  0.2286		  0.1859		  0.1466		  0.1166		  0.0920		  0.0740		  0.0601		  0.0485		  0.0417		  0.0483		  0.0412		  0.0355		  0.0309		  0.0264		  0.0234		  0.0216		  0.0256		  0.0227		  0.0205		  0.0182		  0.0174		  0.0154		  0.0234		  0.0218		  0.0197		  0.0185		  0.0185		  0.0185		  0.0185		     NaN		
 0.110		  0.0692		  0.0733		  0.0755		  0.0799		  0.0839		  0.0885		  0.0923		  0.1363		  0.1398		  0.1525		  0.1619		  0.1712		  0.1893		  0.2060		  0.2214		  0.2427		  0.2553		  0.2785		  0.2906		  0.3134		  0.3369		  0.3516		  0.3481		  0.3072		  0.2515		  0.2045		  0.1613		  0.1282		  0.1012		  0.0814		  0.0662		  0.0533		  0.0458		  0.0531		  0.0454		  0.0391		  0.0340		  0.0290		  0.0257		  0.0238		  0.0281		  0.0249		  0.0225		  0.0201		  0.0192		  0.0169		  0.0257		  0.0240		  0.0217		  0.0204		  0.0204		  0.0204		  0.0204		     NaN		
 0.120		  0.0755		  0.0799		  0.0824		  0.0872		  0.0915		  0.0965		  0.1007		  0.1434		  0.1471		  0.1604		  0.1706		  0.1808		  0.1998		  0.2172		  0.2340		  0.2567		  0.2757		  0.3039		  0.3170		  0.3419		  0.3675		  0.3836		  0.3798		  0.3351		  0.2744		  0.2231		  0.1760		  0.1399		  0.1103		  0.0888		  0.0722		  0.0582		  0.0500		  0.0579		  0.0495		  0.0426		  0.0371		  0.0317		  0.0281		  0.0259		  0.0307		  0.0272		  0.0246		  0.0219		  0.0209		  0.0185		  0.0281		  0.0262		  0.0237		  0.0222		  0.0222		  0.0222		  0.0222		     NaN		
 0.130		  0.0818		  0.0866		  0.0893		  0.0945		  0.0992		  0.1045		  0.1091		  0.1506		  0.1544		  0.1684		  0.1794		  0.1903		  0.2102		  0.2283		  0.2466		  0.2706		  0.2917		  0.3270		  0.3434		  0.3704		  0.3981		  0.4155		  0.4114		  0.3630		  0.2972		  0.2417		  0.1906		  0.1515		  0.1195		  0.0962		  0.0782		  0.0630		  0.0542		  0.0627		  0.0536		  0.0462		  0.0402		  0.0343		  0.0304		  0.0281		  0.0332		  0.0295		  0.0266		  0.0237		  0.0227		  0.0200		  0.0304		  0.0284		  0.0257		  0.0241		  0.0241		  0.0241		  0.0241		     NaN		
 0.140		  0.0881		  0.0932		  0.0961		  0.1018		  0.1068		  0.1126		  0.1175		  0.1577		  0.1616		  0.1763		  0.1881		  0.1998		  0.2207		  0.2395		  0.2592		  0.2846		  0.3076		  0.3445		  0.3698		  0.3989		  0.4288		  0.4475		  0.4431		  0.3909		  0.3201		  0.2603		  0.2053		  0.1632		  0.1287		  0.1036		  0.0842		  0.0678		  0.0583		  0.0676		  0.0577		  0.0498		  0.0433		  0.0370		  0.0327		  0.0303		  0.0358		  0.0317		  0.0287		  0.0255		  0.0244		  0.0215		  0.0327		  0.0306		  0.0276		  0.0259		  0.0259		  0.0259		  0.0259		     NaN		
 0.150		  0.0943		  0.0999		  0.1030		  0.1090		  0.1144		  0.1206		  0.1259		  0.1648		  0.1689		  0.1843		  0.1969		  0.2094		  0.2311		  0.2507		  0.2718		  0.2986		  0.3235		  0.3620		  0.3895		  0.4274		  0.4594		  0.4794		  0.4747		  0.4189		  0.3430		  0.2789		  0.2199		  0.1749		  0.1379		  0.1110		  0.0902		  0.0727		  0.0625		  0.0724		  0.0619		  0.0533		  0.0464		  0.0396		  0.0351		  0.0324		  0.0384		  0.0340		  0.0307		  0.0274		  0.0262		  0.0231		  0.0351		  0.0328		  0.0296		  0.0278		  0.0278		  0.0278		  0.0278		     NaN		
 0.160		  0.1006		  0.1066		  0.1098		  0.1163		  0.1221		  0.1287		  0.1342		  0.1719		  0.1762		  0.1923		  0.2057		  0.2189		  0.2416		  0.2619		  0.2843		  0.3126		  0.3394		  0.3795		  0.4089		  0.4524		  0.4900		  0.5114		  0.5064		  0.4468		  0.3658		  0.2975		  0.2346		  0.1865		  0.1471		  0.1184		  0.0962		  0.0775		  0.0667		  0.0772		  0.0660		  0.0569		  0.0494		  0.0423		  0.0374		  0.0346		  0.0409		  0.0363		  0.0328		  0.0292		  0.0279		  0.0246		  0.0374		  0.0349		  0.0316		  0.0296		  0.0296		  0.0296		  0.0296		     NaN		
 0.170		  0.1069		  0.1132		  0.1167		  0.1236		  0.1297		  0.1367		  0.1426		  0.1790		  0.1835		  0.2002		  0.2144		  0.2284		  0.2520		  0.2731		  0.2969		  0.3265		  0.3553		  0.3969		  0.4282		  0.4738		  0.5201		  0.5434		  0.5380		  0.4747		  0.3887		  0.3161		  0.2493		  0.1982		  0.1563		  0.1258		  0.1022		  0.0824		  0.0708		  0.0820		  0.0701		  0.0604		  0.0525		  0.0449		  0.0398		  0.0367		  0.0435		  0.0385		  0.0348		  0.0310		  0.0296		  0.0261		  0.0398		  0.0371		  0.0336		  0.0315		  0.0315		  0.0315		  0.0315		     NaN		
 0.180		  0.1132		  0.1199		  0.1236		  0.1308		  0.1373		  0.1447		  0.1510		  0.1861		  0.1908		  0.2082		  0.2232		  0.2379		  0.2625		  0.2843		  0.3095		  0.3405		  0.3712		  0.4144		  0.4475		  0.4952		  0.5434		  0.5753		  0.5697		  0.5026		  0.4116		  0.3347		  0.2639		  0.2098		  0.1655		  0.1331		  0.1083		  0.0872		  0.0750		  0.0869		  0.0742		  0.0640		  0.0556		  0.0475		  0.0421		  0.0389		  0.0460		  0.0408		  0.0369		  0.0328		  0.0314		  0.0277		  0.0421		  0.0393		  0.0355		  0.0333		  0.0333		  0.0333		  0.0333		     NaN		
 0.190		  0.1195		  0.1265		  0.1304		  0.1381		  0.1449		  0.1528		  0.1594		  0.1933		  0.1980		  0.2162		  0.2319		  0.2475		  0.2729		  0.2955		  0.3221		  0.3545		  0.3871		  0.4319		  0.4668		  0.5167		  0.5667		  0.6024		  0.6013		  0.5306		  0.4344		  0.3533		  0.2786		  0.2215		  0.1747		  0.1405		  0.1143		  0.0921		  0.0792		  0.0917		  0.0784		  0.0675		  0.0587		  0.0502		  0.0444		  0.0411		  0.0486		  0.0431		  0.0389		  0.0346		  0.0331		  0.0292		  0.0444		  0.0415		  0.0375		  0.0352		  0.0352		  0.0352		  0.0352		     NaN		
 0.200		  0.1258		  0.1332		  0.1373		  0.1454		  0.1526		  0.1608		  0.1678		  0.2004		  0.2053		  0.2241		  0.2407		  0.2570		  0.2833		  0.3067		  0.3347		  0.3685		  0.4030		  0.4494		  0.4861		  0.5381		  0.5900		  0.6269		  0.6305		  0.5585		  0.4573		  0.3719		  0.2933		  0.2331		  0.1839		  0.1479		  0.1203		  0.0969		  0.0833		  0.0965		  0.0825		  0.0711		  0.0618		  0.0528		  0.0468		  0.0432		  0.0511		  0.0453		  0.0410		  0.0365		  0.0349		  0.0308		  0.0468		  0.0437		  0.0395		  0.0370		  0.0370		  0.0370		  0.0370		     NaN		
 0.210		  0.1321		  0.1399		  0.1442		  0.1526		  0.1602		  0.1689		  0.1762		  0.2075		  0.2126		  0.2321		  0.2495		  0.2665		  0.2938		  0.3179		  0.3473		  0.3825		  0.4189		  0.4669		  0.5054		  0.5595		  0.6133		  0.6514		  0.6551		  0.5860		  0.4802		  0.3904		  0.3079		  0.2448		  0.1931		  0.1553		  0.1263		  0.1018		  0.0875		  0.1013		  0.0866		  0.0746		  0.0649		  0.0555		  0.0491		  0.0454		  0.0537		  0.0476		  0.0430		  0.0383		  0.0366		  0.0323		  0.0491		  0.0459		  0.0414		  0.0389		  0.0389		  0.0389		  0.0389		     NaN		
 0.220		  0.1384		  0.1465		  0.1510		  0.1599		  0.1678		  0.1769		  0.1846		  0.2146		  0.2199		  0.2401		  0.2582		  0.2761		  0.3042		  0.3291		  0.3598		  0.3964		  0.4348		  0.4844		  0.5247		  0.5810		  0.6366		  0.6759		  0.6797		  0.6099		  0.5030		  0.4090		  0.3226		  0.2565		  0.2023		  0.1627		  0.1323		  0.1066		  0.0917		  0.1062		  0.0907		  0.0782		  0.0680		  0.0581		  0.0515		  0.0475		  0.0563		  0.0499		  0.0451		  0.0401		  0.0384		  0.0338		  0.0514		  0.0481		  0.0434		  0.0407		  0.0407		  0.0407		  0.0407		     NaN		
 0.230		  0.1447		  0.1532		  0.1579		  0.1672		  0.1755		  0.1850		  0.1930		  0.2217		  0.2272		  0.2480		  0.2670		  0.2856		  0.3147		  0.3403		  0.3724		  0.4104		  0.4507		  0.5019		  0.5440		  0.6024		  0.6599		  0.7005		  0.7043		  0.6338		  0.5255		  0.4280		  0.3372		  0.2681		  0.2115		  0.1701		  0.1383		  0.1115		  0.0958		  0.1110		  0.0949		  0.0817		  0.0711		  0.0607		  0.0538		  0.0497		  0.0588		  0.0521		  0.0471		  0.0419		  0.0401		  0.0354		  0.0538		  0.0502		  0.0454		  0.0426		  0.0426		  0.0426		  0.0426		     NaN		
 0.240		  0.1510		  0.1598		  0.1648		  0.1744		  0.1831		  0.1930		  0.2014		  0.2289		  0.2344		  0.2560		  0.2757		  0.2951		  0.3251		  0.3514		  0.3850		  0.4244		  0.4667		  0.5193		  0.5633		  0.6238		  0.6832		  0.7250		  0.7289		  0.6576		  0.5480		  0.4484		  0.3535		  0.2798		  0.2207		  0.1775		  0.1443		  0.1163		  0.1000		  0.1158		  0.0990		  0.0853		  0.0742		  0.0634		  0.0561		  0.0519		  0.0614		  0.0544		  0.0492		  0.0438		  0.0418		  0.0369		  0.0561		  0.0524		  0.0474		  0.0444		  0.0444		  0.0444		  0.0444		     NaN		
 0.250		  0.1570		  0.1665		  0.1716		  0.1817		  0.1907		  0.2010		  0.2098		  0.2360		  0.2417		  0.2639		  0.2845		  0.3047		  0.3356		  0.3626		  0.3976		  0.4384		  0.4826		  0.5368		  0.5826		  0.6452		  0.7066		  0.7495		  0.7535		  0.6815		  0.5705		  0.4688		  0.3720		  0.2956		  0.2317		  0.1849		  0.1504		  0.1212		  0.1042		  0.1206		  0.1031		  0.0889		  0.0773		  0.0660		  0.0585		  0.0540		  0.0639		  0.0567		  0.0512		  0.0456		  0.0436		  0.0384		  0.0585		  0.0546		  0.0493		  0.0463		  0.0463		  0.0463		  0.0463		     NaN		
 0.260		  0.1616		  0.1713		  0.1773		  0.1881		  0.1980		  0.2091		  0.2181		  0.2431		  0.2490		  0.2719		  0.2933		  0.3142		  0.3460		  0.3738		  0.4102		  0.4524		  0.4985		  0.5543		  0.6019		  0.6667		  0.7299		  0.7740		  0.7781		  0.7053		  0.5930		  0.4893		  0.3905		  0.3121		  0.2458		  0.1969		  0.1591		  0.1274		  0.1087		  0.1255		  0.1072		  0.0924		  0.0803		  0.0687		  0.0608		  0.0562		  0.0665		  0.0590		  0.0533		  0.0474		  0.0453		  0.0400		  0.0608		  0.0568		  0.0513		  0.0481		  0.0481		  0.0481		  0.0481		     NaN		
 0.270		  0.1662		  0.1761		  0.1823		  0.1935		  0.2037		  0.2156		  0.2256		  0.2502		  0.2563		  0.2799		  0.3020		  0.3237		  0.3565		  0.3850		  0.4228		  0.4663		  0.5144		  0.5718		  0.6212		  0.6881		  0.7532		  0.7985		  0.8027		  0.7292		  0.6155		  0.5097		  0.4090		  0.3285		  0.2599		  0.2091		  0.1695		  0.1363		  0.1164		  0.1303		  0.1114		  0.0960		  0.0834		  0.0713		  0.0632		  0.0583		  0.0691		  0.0612		  0.0553		  0.0492		  0.0471		  0.0415		  0.0631		  0.0590		  0.0533		  0.0500		  0.0500		  0.0500		  0.0500		     NaN		
 0.280		  0.1707		  0.1808		  0.1874		  0.1989		  0.2094		  0.2219		  0.2325		  0.2570		  0.2637		  0.2878		  0.3107		  0.3333		  0.3669		  0.3962		  0.4353		  0.4803		  0.5303		  0.5893		  0.6405		  0.7095		  0.7765		  0.8231		  0.8273		  0.7530		  0.6380		  0.5301		  0.4274		  0.3450		  0.2739		  0.2213		  0.1800		  0.1453		  0.1242		  0.1351		  0.1155		  0.0995		  0.0865		  0.0739		  0.0655		  0.0605		  0.0716		  0.0635		  0.0574		  0.0511		  0.0488		  0.0431		  0.0655		  0.0612		  0.0553		  0.0518		  0.0518		  0.0518		  0.0518		     NaN		
 0.290		  0.1753		  0.1855		  0.1925		  0.2042		  0.2151		  0.2282		  0.2393		  0.2639		  0.2712		  0.2957		  0.3191		  0.3427		  0.3773		  0.4074		  0.4479		  0.4943		  0.5462		  0.6068		  0.6598		  0.7309		  0.7998		  0.8476		  0.8519		  0.7769		  0.6605		  0.5505		  0.4459		  0.3615		  0.2880		  0.2335		  0.1904		  0.1542		  0.1320		  0.1399		  0.1196		  0.1031		  0.0896		  0.0766		  0.0678		  0.0627		  0.0742		  0.0658		  0.0594		  0.0529		  0.0506		  0.0446		  0.0678		  0.0633		  0.0572		  0.0537		  0.0537		  0.0537		  0.0537		     NaN		
 0.300		  0.1799		  0.1902		  0.1976		  0.2096		  0.2208		  0.2345		  0.2462		  0.2708		  0.2786		  0.3037		  0.3274		  0.3520		  0.3869		  0.4185		  0.4605		  0.5083		  0.5621		  0.6243		  0.6791		  0.7524		  0.8231		  0.8721		  0.8765		  0.8007		  0.6830		  0.5710		  0.4644		  0.3780		  0.3020		  0.2457		  0.2009		  0.1632		  0.1397		  0.1448		  0.1237		  0.1066		  0.0927		  0.0792		  0.0702		  0.0648		  0.0767		  0.0680		  0.0615		  0.0547		  0.0523		  0.0461		  0.0701		  0.0655		  0.0592		  0.0555		  0.0555		  0.0555		  0.0555		     NaN		
 0.310		  0.1845		  0.1949		  0.2026		  0.2150		  0.2265		  0.2408		  0.2530		  0.2777		  0.2861		  0.3116		  0.3357		  0.3613		  0.3965		  0.4294		  0.4725		  0.5222		  0.5780		  0.6418		  0.6984		  0.7738		  0.8464		  0.8966		  0.9011		  0.8246		  0.7055		  0.5914		  0.4828		  0.3945		  0.3161		  0.2579		  0.2113		  0.1722		  0.1475		  0.1496		  0.1278		  0.1102		  0.0958		  0.0819		  0.0725		  0.0670		  0.0793		  0.0703		  0.0635		  0.0565		  0.0540		  0.0477		  0.0725		  0.0677		  0.0612		  0.0574		  0.0574		  0.0574		  0.0574		     NaN		
 0.320		  0.1891		  0.1997		  0.2077		  0.2204		  0.2322		  0.2472		  0.2598		  0.2845		  0.2935		  0.3195		  0.3440		  0.3706		  0.4061		  0.4404		  0.4845		  0.5356		  0.5937		  0.6592		  0.7178		  0.7952		  0.8697		  0.9211		  0.9257		  0.8485		  0.7279		  0.6118		  0.5013		  0.4110		  0.3301		  0.2701		  0.2218		  0.1811		  0.1553		  0.1544		  0.1320		  0.1137		  0.0989		  0.0845		  0.0748		  0.0692		  0.0818		  0.0726		  0.0656		  0.0584		  0.0558		  0.0492		  0.0748		  0.0699		  0.0632		  0.0592		  0.0592		  0.0592		  0.0592		     NaN		
 0.330		  0.1937		  0.2044		  0.2128		  0.2257		  0.2379		  0.2535		  0.2667		  0.2914		  0.3009		  0.3274		  0.3523		  0.3799		  0.4157		  0.4514		  0.4964		  0.5489		  0.6079		  0.6765		  0.7371		  0.8166		  0.8930		  0.9457		  0.9503		  0.8723		  0.7504		  0.6322		  0.5198		  0.4275		  0.3442		  0.2822		  0.2322		  0.1901		  0.1630		  0.1593		  0.1361		  0.1173		  0.1020		  0.0871		  0.0772		  0.0713		  0.0844		  0.0748		  0.0676		  0.0602		  0.0575		  0.0507		  0.0772		  0.0721		  0.0651		  0.0611		  0.0611		  0.0611		     NaN		     NaN		
 0.340		  0.1983		  0.2091		  0.2179		  0.2311		  0.2436		  0.2598		  0.2735		  0.2983		  0.3084		  0.3353		  0.3606		  0.3892		  0.4253		  0.4623		  0.5083		  0.5622		  0.6220		  0.6923		  0.7563		  0.8381		  0.9164		  0.9702		  0.9749		  0.8962		  0.7729		  0.6527		  0.5382		  0.4439		  0.3582		  0.2944		  0.2426		  0.1990		  0.1708		  0.1641		  0.1402		  0.1208		  0.1051		  0.0898		  0.0795		  0.0735		  0.0870		  0.0771		  0.0697		  0.0620		  0.0593		  0.0523		  0.0795		  0.0743		  0.0671		  0.0630		  0.0630		  0.0630		     NaN		     NaN		
 0.350		  0.2028		  0.2138		  0.2230		  0.2365		  0.2493		  0.2661		  0.2804		  0.3052		  0.3158		  0.3432		  0.3690		  0.3985		  0.4349		  0.4733		  0.5202		  0.5755		  0.6362		  0.7081		  0.7735		  0.8595		  0.9397		  0.9947		  0.9995		  0.9200		  0.7954		  0.6731		  0.5567		  0.4604		  0.3723		  0.3066		  0.2531		  0.2080		  0.1786		  0.1689		  0.1443		  0.1244		  0.1082		  0.0924		  0.0819		  0.0756		  0.0895		  0.0794		  0.0717		  0.0638		  0.0610		  0.0538		  0.0818		  0.0765		  0.0691		  0.0648		  0.0648		  0.0648		     NaN		     NaN		
 0.360		  0.2074		  0.2185		  0.2280		  0.2419		  0.2550		  0.2725		  0.2872		  0.3120		  0.3233		  0.3512		  0.3773		  0.4078		  0.4445		  0.4842		  0.5321		  0.5888		  0.6504		  0.7239		  0.7907		  0.8787		  0.9630		  1.0192		  1.0241		  0.9439		  0.8179		  0.6935		  0.5752		  0.4769		  0.3863		  0.3188		  0.2635		  0.2170		  0.1863		  0.1737		  0.1485		  0.1279		  0.1113		  0.0951		  0.0842		  0.0778		  0.0921		  0.0816		  0.0738		  0.0656		  0.0628		  0.0554		  0.0842		  0.0786		  0.0711		  0.0667		  0.0667		  0.0667		     NaN		     NaN		
 0.370		  0.2120		  0.2233		  0.2331		  0.2472		  0.2607		  0.2788		  0.2941		  0.3189		  0.3307		  0.3591		  0.3856		  0.4171		  0.4541		  0.4952		  0.5440		  0.6021		  0.6645		  0.7397		  0.8079		  0.8973		  0.9847		  1.0437		  1.0487		  0.9677		  0.8404		  0.7140		  0.5936		  0.4934		  0.4004		  0.3310		  0.2740		  0.2259		  0.1941		  0.1786		  0.1526		  0.1315		  0.1143		  0.0977		  0.0865		  0.0800		  0.0946		  0.0839		  0.0758		  0.0675		  0.0645		  0.0569		  0.0865		  0.0808		  0.0730		  0.0685		  0.0685		  0.0685		     NaN		     NaN		
 0.380		  0.2166		  0.2280		  0.2382		  0.2526		  0.2664		  0.2851		  0.3009		  0.3258		  0.3382		  0.3670		  0.3939		  0.4264		  0.4637		  0.5062		  0.5559		  0.6155		  0.6787		  0.7555		  0.8251		  0.9160		  1.0047		  1.0677		  1.0733		  0.9916		  0.8629		  0.7344		  0.6121		  0.5099		  0.4145		  0.3432		  0.2844		  0.2349		  0.2019		  0.1834		  0.1567		  0.1351		  0.1174		  0.1003		  0.0889		  0.0821		  0.0972		  0.0862		  0.0779		  0.0693		  0.0663		  0.0584		  0.0889		  0.0830		  0.0750		  0.0704		  0.0704		  0.0704		     NaN		     NaN		
 0.390		  0.2212		  0.2327		  0.2433		  0.2580		  0.2721		  0.2914		  0.3078		  0.3327		  0.3456		  0.3749		  0.4022		  0.4358		  0.4733		  0.5171		  0.5678		  0.6288		  0.6929		  0.7713		  0.8423		  0.9346		  1.0247		  1.0894		  1.0979		  1.0154		  0.8854		  0.7548		  0.6306		  0.5264		  0.4285		  0.3554		  0.2949		  0.2438		  0.2096		  0.1882		  0.1608		  0.1386		  0.1205		  0.1030		  0.0912		  0.0843		  0.0997		  0.0884		  0.0799		  0.0711		  0.0680		  0.0600		  0.0912		  0.0852		  0.0770		  0.0722		  0.0722		  0.0722		     NaN		     NaN		
 0.400		  0.2258		  0.2374		  0.2484		  0.2634		  0.2778		  0.2977		  0.3146		  0.3395		  0.3531		  0.3828		  0.4106		  0.4451		  0.4829		  0.5281		  0.5797		  0.6421		  0.7070		  0.7871		  0.8595		  0.9532		  1.0447		  1.1110		  1.1205		  1.0393		  0.9079		  0.7752		  0.6491		  0.5428		  0.4426		  0.3676		  0.3053		  0.2528		  0.2174		  0.1930		  0.1650		  0.1422		  0.1236		  0.1056		  0.0936		  0.0864		  0.1023		  0.0907		  0.0820		  0.0729		  0.0697		  0.0615		  0.0935		  0.0874		  0.0789		  0.0741		  0.0741		  0.0741		     NaN		     NaN		
 0.410		  0.2304		  0.2421		  0.2534		  0.2687		  0.2835		  0.3041		  0.3215		  0.3464		  0.3605		  0.3907		  0.4189		  0.4544		  0.4926		  0.5391		  0.5916		  0.6554		  0.7212		  0.8029		  0.8767		  0.9718		  1.0647		  1.1327		  1.1428		  1.0621		  0.9304		  0.7957		  0.6675		  0.5593		  0.4566		  0.3798		  0.3158		  0.2618		  0.2252		  0.1979		  0.1691		  0.1457		  0.1267		  0.1083		  0.0959		  0.0886		  0.1049		  0.0930		  0.0840		  0.0748		  0.0715		  0.0631		  0.0959		  0.0896		  0.0809		  0.0759		  0.0759		  0.0759		     NaN		     NaN		
 0.420		  0.2349		  0.2469		  0.2585		  0.2741		  0.2892		  0.3104		  0.3283		  0.3533		  0.3680		  0.3987		  0.4272		  0.4637		  0.5022		  0.5500		  0.6035		  0.6687		  0.7354		  0.8187		  0.8939		  0.9905		  1.0847		  1.1544		  1.1651		  1.0843		  0.9522		  0.8161		  0.6860		  0.5758		  0.4707		  0.3920		  0.3262		  0.2707		  0.2329		  0.2027		  0.1732		  0.1493		  0.1298		  0.1109		  0.0982		  0.0908		  0.1074		  0.0952		  0.0861		  0.0766		  0.0732		  0.0646		  0.0982		  0.0917		  0.0829		  0.0778		  0.0778		  0.0778		     NaN		     NaN		
 0.430		  0.2395		  0.2516		  0.2636		  0.2795		  0.2949		  0.3167		  0.3352		  0.3602		  0.3754		  0.4066		  0.4355		  0.4730		  0.5118		  0.5610		  0.6154		  0.6820		  0.7495		  0.8345		  0.9111		  1.0091		  1.1047		  1.1760		  1.1875		  1.1065		  0.9734		  0.8364		  0.7045		  0.5923		  0.4847		  0.4042		  0.3367		  0.2797		  0.2407		  0.2075		  0.1773		  0.1528		  0.1329		  0.1135		  0.1006		  0.0929		  0.1100		  0.0975		  0.0881		  0.0784		  0.0750		  0.0661		  0.1005		  0.0939		  0.0849		  0.0796		  0.0796		  0.0796		     NaN		     NaN		
 0.440		  0.2441		  0.2563		  0.2687		  0.2849		  0.3006		  0.3230		  0.3420		  0.3670		  0.3829		  0.4145		  0.4438		  0.4823		  0.5214		  0.5720		  0.6273		  0.6954		  0.7637		  0.8503		  0.9283		  1.0277		  1.1247		  1.1977		  1.2098		  1.1287		  0.9945		  0.8566		  0.7232		  0.6088		  0.4988		  0.4164		  0.3471		  0.2886		  0.2485		  0.2123		  0.1815		  0.1564		  0.1360		  0.1162		  0.1029		  0.0951		  0.1125		  0.0998		  0.0901		  0.0802		  0.0767		  0.0677		  0.1029		  0.0961		  0.0868		  0.0815		  0.0815		  0.0815		     NaN		     NaN		
 0.450		  0.2487		  0.2610		  0.2738		  0.2902		  0.3063		  0.3294		  0.3489		  0.3739		  0.3903		  0.4224		  0.4522		  0.4916		  0.5310		  0.5829		  0.6392		  0.7087		  0.7779		  0.8661		  0.9455		  1.0463		  1.1447		  1.2194		  1.2321		  1.1509		  1.0157		  0.8768		  0.7420		  0.6264		  0.5132		  0.4286		  0.3576		  0.2976		  0.2562		  0.2172		  0.1856		  0.1599		  0.1391		  0.1188		  0.1053		  0.0972		  0.1151		  0.1020		  0.0922		  0.0821		  0.0785		  0.0692		  0.1052		  0.0983		  0.0888		  0.0833		  0.0833		  0.0833		     NaN		     NaN		
 0.460		  0.2533		  0.2657		  0.2788		  0.2956		  0.3120		  0.3357		  0.3557		  0.3808		  0.3978		  0.4303		  0.4605		  0.5009		  0.5406		  0.5939		  0.6511		  0.7220		  0.7921		  0.8819		  0.9627		  1.0650		  1.1647		  1.2410		  1.2544		  1.1731		  1.0369		  0.8970		  0.7608		  0.6441		  0.5287		  0.4420		  0.3685		  0.3066		  0.2640		  0.2220		  0.1897		  0.1635		  0.1422		  0.1215		  0.1076		  0.0994		  0.1176		  0.1043		  0.0942		  0.0839		  0.0802		  0.0707		  0.1076		  0.1005		  0.0908		  0.0852		  0.0852		  0.0852		     NaN		     NaN		
 0.470		  0.2579		  0.2705		  0.2839		  0.3010		  0.3177		  0.3420		  0.3626		  0.3877		  0.4052		  0.4382		  0.4688		  0.5102		  0.5502		  0.6048		  0.6631		  0.7353		  0.8062		  0.8978		  0.9799		  1.0836		  1.1847		  1.2627		  1.2767		  1.1953		  1.0580		  0.9172		  0.7796		  0.6619		  0.5442		  0.4559		  0.3809		  0.3179		  0.2730		  0.2277		  0.1938		  0.1670		  0.1452		  0.1241		  0.1099		  0.1016		  0.1202		  0.1066		  0.0963		  0.0857		  0.0819		  0.0723		  0.1099		  0.1027		  0.0928		  0.0870		  0.0870		  0.0870		     NaN		     NaN		
 0.480		  0.2625		  0.2752		  0.2890		  0.3064		  0.3234		  0.3483		  0.3694		  0.3945		  0.4127		  0.4462		  0.4771		  0.5195		  0.5598		  0.6158		  0.6750		  0.7486		  0.8204		  0.9136		  0.9971		  1.1022		  1.2047		  1.2843		  1.2990		  1.2175		  1.0792		  0.9374		  0.7984		  0.6796		  0.5597		  0.4697		  0.3933		  0.3296		  0.2831		  0.2368		  0.2016		  0.1732		  0.1501		  0.1279		  0.1128		  0.1038		  0.1228		  0.1088		  0.0983		  0.0875		  0.0837		  0.0738		  0.1122		  0.1048		  0.0947		  0.0889		  0.0889		  0.0889		     NaN		     NaN		
 0.490		  0.2670		  0.2799		  0.2941		  0.3117		  0.3291		  0.3546		  0.3763		  0.4014		  0.4201		  0.4541		  0.4854		  0.5288		  0.5694		  0.6268		  0.6869		  0.7620		  0.8346		  0.9294		  1.0143		  1.1208		  1.2248		  1.3060		  1.3214		  1.2397		  1.1004		  0.9576		  0.8172		  0.6974		  0.5751		  0.4836		  0.4058		  0.3413		  0.2932		  0.2459		  0.2095		  0.1804		  0.1567		  0.1337		  0.1180		  0.1080		  0.1253		  0.1111		  0.1004		  0.0893		  0.0854		  0.0754		  0.1146		  0.1070		  0.0967		  0.0907		  0.0907		  0.0907		     NaN		     NaN		
 0.500		  0.2710		  0.2842		  0.2989		  0.3170		  0.3348		  0.3610		  0.3831		  0.4083		  0.4276		  0.4620		  0.4938		  0.5381		  0.5790		  0.6377		  0.6988		  0.7753		  0.8487		  0.9452		  1.0315		  1.1395		  1.2448		  1.3277		  1.3437		  1.2619		  1.1215		  0.9778		  0.8361		  0.7151		  0.5906		  0.4975		  0.4182		  0.3530		  0.3033		  0.2549		  0.2174		  0.1876		  0.1632		  0.1395		  0.1232		  0.1121		  0.1279		  0.1134		  0.1024		  0.0912		  0.0872		  0.0769		  0.1169		  0.1092		  0.0987		  0.0926		  0.0926		  0.0926		     NaN		     NaN		
 0.510		  0.2750		  0.2883		  0.3035		  0.3218		  0.3400		  0.3663		  0.3894		  0.4150		  0.4350		  0.4699		  0.5021		  0.5475		  0.5886		  0.6487		  0.7107		  0.7886		  0.8629		  0.9610		  1.0487		  1.1581		  1.2648		  1.3493		  1.3660		  1.2842		  1.1427		  0.9980		  0.8549		  0.7329		  0.6061		  0.5114		  0.4306		  0.3648		  0.3134		  0.2640		  0.2252		  0.1948		  0.1697		  0.1453		  0.1284		  0.1163		  0.1304		  0.1156		  0.1045		  0.0930		  0.0889		  0.0784		  0.1193		  0.1114		  0.1007		  0.0944		  0.0944		  0.0944		     NaN		     NaN		
 0.520		  0.2790		  0.2924		  0.3081		  0.3267		  0.3452		  0.3713		  0.3950		  0.4210		  0.4415		  0.4772		  0.5103		  0.5568		  0.5982		  0.6597		  0.7226		  0.8019		  0.8771		  0.9768		  1.0659		  1.1767		  1.2848		  1.3710		  1.3883		  1.3064		  1.1638		  1.0183		  0.8737		  0.7506		  0.6216		  0.5252		  0.4430		  0.3765		  0.3236		  0.2731		  0.2331		  0.2019		  0.1762		  0.1511		  0.1336		  0.1204		  0.1330		  0.1179		  0.1065		  0.0948		  0.0907		  0.0800		  0.1216		  0.1136		  0.1026		  0.0963		  0.0963		  0.0963		     NaN		     NaN		
 0.530		  0.2829		  0.2966		  0.3127		  0.3316		  0.3505		  0.3764		  0.4007		  0.4270		  0.4478		  0.4839		  0.5178		  0.5652		  0.6078		  0.6706		  0.7345		  0.8152		  0.8912		  0.9926		  1.0831		  1.1953		  1.3048		  1.3927		  1.4106		  1.3286		  1.1850		  1.0385		  0.8925		  0.7683		  0.6370		  0.5391		  0.4554		  0.3882		  0.3337		  0.2822		  0.2410		  0.2091		  0.1827		  0.1569		  0.1388		  0.1246		  0.1355		  0.1202		  0.1086		  0.0966		  0.0924		  0.0815		  0.1239		  0.1158		  0.1046		  0.0981		  0.0981		  0.0981		     NaN		     NaN		
 0.540		  0.2869		  0.3007		  0.3174		  0.3364		  0.3557		  0.3814		  0.4063		  0.4329		  0.4541		  0.4906		  0.5253		  0.5730		  0.6167		  0.6806		  0.7464		  0.8285		  0.9054		  1.0084		  1.1003		  1.2139		  1.3248		  1.4143		  1.4329		  1.3508		  1.2062		  1.0587		  0.9113		  0.7861		  0.6525		  0.5530		  0.4679		  0.3999		  0.3438		  0.2913		  0.2489		  0.2163		  0.1892		  0.1627		  0.1440		  0.1287		  0.1381		  0.1224		  0.1106		  0.0985		  0.0941		  0.0830		  0.1263		  0.1180		  0.1066		  0.1000		  0.1000		  0.1000		     NaN		     NaN		
 0.550		  0.2909		  0.3049		  0.3220		  0.3413		  0.3609		  0.3865		  0.4119		  0.4389		  0.4604		  0.4973		  0.5327		  0.5808		  0.6256		  0.6900		  0.7568		  0.8412		  0.9196		  1.0242		  1.1175		  1.2326		  1.3448		  1.4360		  1.4552		  1.3730		  1.2273		  1.0789		  0.9301		  0.8038		  0.6680		  0.5669		  0.4803		  0.4117		  0.3539		  0.3003		  0.2568		  0.2235		  0.1957		  0.1686		  0.1491		  0.1328		  0.1407		  0.1247		  0.1127		  0.1003		  0.0959		  0.0846		  0.1286		  0.1201		  0.1086		  0.1018		  0.1018		  0.1018		     NaN		     NaN		
 0.560		  0.2949		  0.3090		  0.3266		  0.3462		  0.3662		  0.3915		  0.4176		  0.4449		  0.4667		  0.5040		  0.5402		  0.5886		  0.6345		  0.6994		  0.7672		  0.8524		  0.9331		  1.0400		  1.1347		  1.2512		  1.3648		  1.4577		  1.4776		  1.3952		  1.2485		  1.0991		  0.9490		  0.8216		  0.6834		  0.5807		  0.4927		  0.4234		  0.3640		  0.3094		  0.2647		  0.2307		  0.2022		  0.1744		  0.1543		  0.1370		  0.1432		  0.1270		  0.1147		  0.1021		  0.0976		  0.0861		  0.1309		  0.1223		  0.1105		  0.1037		  0.1037		  0.1037		     NaN		     NaN		
 0.570		  0.2988		  0.3131		  0.3312		  0.3510		  0.3714		  0.3966		  0.4232		  0.4508		  0.4729		  0.5107		  0.5477		  0.5965		  0.6434		  0.7088		  0.7776		  0.8635		  0.9458		  1.0544		  1.1519		  1.2698		  1.3848		  1.4793		  1.4999		  1.4174		  1.2697		  1.1193		  0.9678		  0.8393		  0.6989		  0.5946		  0.5051		  0.4351		  0.3741		  0.3185		  0.2726		  0.2378		  0.2087		  0.1802		  0.1595		  0.1411		  0.1458		  0.1292		  0.1168		  0.1039		  0.0994		  0.0877		  0.1333		  0.1245		  0.1125		  0.1055		  0.1055		  0.1055		     NaN		     NaN		
 0.580		  0.3028		  0.3173		  0.3358		  0.3559		  0.3767		  0.4016		  0.4289		  0.4568		  0.4792		  0.5174		  0.5551		  0.6043		  0.6523		  0.7182		  0.7880		  0.8747		  0.9586		  1.0681		  1.1679		  1.2884		  1.4048		  1.5010		  1.5222		  1.4396		  1.2908		  1.1395		  0.9866		  0.8571		  0.7144		  0.6085		  0.5175		  0.4469		  0.3843		  0.3276		  0.2805		  0.2450		  0.2152		  0.1860		  0.1647		  0.1453		  0.1483		  0.1315		  0.1188		  0.1058		  0.1011		  0.0892		  0.1356		  0.1267		  0.1145		  0.1074		  0.1074		  0.1074		     NaN		     NaN		
 0.590		  0.3068		  0.3214		  0.3404		  0.3608		  0.3819		  0.4067		  0.4345		  0.4628		  0.4855		  0.5241		  0.5626		  0.6121		  0.6612		  0.7276		  0.7983		  0.8859		  0.9714		  1.0818		  1.1834		  1.3062		  1.4248		  1.5226		  1.5445		  1.4618		  1.3120		  1.1597		  1.0054		  0.8748		  0.7299		  0.6224		  0.5299		  0.4586		  0.3944		  0.3367		  0.2884		  0.2522		  0.2217		  0.1918		  0.1699		  0.1494		  0.1509		  0.1338		  0.1209		  0.1076		  0.1029		  0.0907		  0.1380		  0.1289		  0.1164		  0.1092		  0.1092		  0.1092		     NaN		     NaN		
 0.600		  0.3108		  0.3256		  0.3451		  0.3656		  0.3871		  0.4118		  0.4402		  0.4687		  0.4918		  0.5308		  0.5701		  0.6199		  0.6701		  0.7370		  0.8087		  0.8970		  0.9842		  1.0955		  1.1989		  1.3234		  1.4443		  1.5443		  1.5668		  1.4840		  1.3332		  1.1799		  1.0242		  0.8925		  0.7453		  0.6362		  0.5424		  0.4703		  0.4045		  0.3457		  0.2962		  0.2594		  0.2283		  0.1976		  0.1751		  0.1536		  0.1534		  0.1360		  0.1229		  0.1094		  0.1046		  0.0923		  0.1403		  0.1311		  0.1184		  0.1111		  0.1111		  0.1111		     NaN		     NaN		
 0.610		  0.3147		  0.3297		  0.3497		  0.3705		  0.3924		  0.4168		  0.4458		  0.4747		  0.4981		  0.5375		  0.5775		  0.6278		  0.6790		  0.7464		  0.8191		  0.9082		  0.9969		  1.1091		  1.2144		  1.3407		  1.4632		  1.5653		  1.5891		  1.5063		  1.3543		  1.2001		  1.0430		  0.9103		  0.7608		  0.6501		  0.5548		  0.4820		  0.4146		  0.3548		  0.3041		  0.2665		  0.2348		  0.2034		  0.1803		  0.1577		  0.1560		  0.1383		  0.1250		  0.1112		  0.1063		  0.0938		  0.1426		  0.1332		  0.1204		  0.1129		  0.1129		  0.1129		     NaN		     NaN		
 0.620		  0.3187		  0.3338		  0.3543		  0.3754		  0.3976		  0.4219		  0.4514		  0.4807		  0.5044		  0.5442		  0.5850		  0.6356		  0.6879		  0.7558		  0.8295		  0.9193		  1.0097		  1.1228		  1.2299		  1.3579		  1.4822		  1.5845		  1.6114		  1.5285		  1.3755		  1.2203		  1.0619		  0.9280		  0.7763		  0.6640		  0.5672		  0.4938		  0.4247		  0.3639		  0.3120		  0.2737		  0.2413		  0.2092		  0.1855		  0.1618		  0.1586		  0.1406		  0.1270		  0.1131		  0.1081		  0.0953		  0.1450		  0.1354		  0.1224		  0.1148		  0.1148		  0.1148		     NaN		     NaN		
 0.630		  0.3227		  0.3380		  0.3589		  0.3802		  0.4028		  0.4269		  0.4571		  0.4866		  0.5107		  0.5509		  0.5924		  0.6434		  0.6968		  0.7652		  0.8399		  0.9305		  1.0225		  1.1365		  1.2454		  1.3751		  1.5011		  1.6038		  1.6310		  1.5507		  1.3967		  1.2405		  1.0807		  0.9458		  0.7918		  0.6779		  0.5796		  0.5055		  0.4349		  0.3730		  0.3199		  0.2809		  0.2478		  0.2150		  0.1906		  0.1660		  0.1611		  0.1428		  0.1291		  0.1149		  0.1098		  0.0969		  0.1473		  0.1376		  0.1243		  0.1166		  0.1166		  0.1166		     NaN		     NaN		
 0.640		  0.3267		  0.3421		  0.3635		  0.3851		  0.4081		  0.4320		  0.4627		  0.4926		  0.5169		  0.5576		  0.5999		  0.6512		  0.7057		  0.7746		  0.8503		  0.9416		  1.0352		  1.1501		  1.2609		  1.3924		  1.5201		  1.6230		  1.6505		  1.5707		  1.4178		  1.2607		  1.0995		  0.9635		  0.8072		  0.6918		  0.5920		  0.5172		  0.4450		  0.3821		  0.3278		  0.2881		  0.2543		  0.2208		  0.1958		  0.1701		  0.1637		  0.1451		  0.1311		  0.1167		  0.1116		  0.0984		  0.1496		  0.1398		  0.1263		  0.1185		  0.1185		  0.1185		     NaN		     NaN		
 0.650		  0.3306		  0.3462		  0.3681		  0.3900		  0.4133		  0.4370		  0.4684		  0.4986		  0.5232		  0.5643		  0.6074		  0.6591		  0.7146		  0.7840		  0.8607		  0.9528		  1.0480		  1.1638		  1.2764		  1.4096		  1.5390		  1.6423		  1.6701		  1.5903		  1.4380		  1.2809		  1.1183		  0.9813		  0.8227		  0.7056		  0.6045		  0.5289		  0.4551		  0.3911		  0.3357		  0.2952		  0.2608		  0.2267		  0.2010		  0.1743		  0.1662		  0.1474		  0.1332		  0.1185		  0.1133		  0.1000		  0.1520		  0.1420		  0.1283		  0.1203		  0.1203		     NaN		     NaN		     NaN		
 0.660		  0.3346		  0.3504		  0.3728		  0.3948		  0.4185		  0.4421		  0.4740		  0.5045		  0.5295		  0.5710		  0.6148		  0.6669		  0.7235		  0.7934		  0.8711		  0.9640		  1.0608		  1.1775		  1.2919		  1.4268		  1.5580		  1.6615		  1.6896		  1.6099		  1.4577		  1.3002		  1.1371		  0.9990		  0.8382		  0.7195		  0.6169		  0.5407		  0.4652		  0.4002		  0.3436		  0.3024		  0.2673		  0.2325		  0.2062		  0.1784		  0.1688		  0.1496		  0.1352		  0.1203		  0.1151		  0.1015		  0.1543		  0.1442		  0.1303		  0.1222		  0.1222		     NaN		     NaN		     NaN		
 0.670		  0.3386		  0.3545		  0.3774		  0.3997		  0.4238		  0.4471		  0.4797		  0.5105		  0.5358		  0.5777		  0.6223		  0.6747		  0.7324		  0.8028		  0.8815		  0.9751		  1.0736		  1.1912		  1.3074		  1.4441		  1.5769		  1.6808		  1.7092		  1.6294		  1.4774		  1.3189		  1.1555		  1.0168		  0.8537		  0.7334		  0.6293		  0.5524		  0.4753		  0.4093		  0.3515		  0.3096		  0.2738		  0.2383		  0.2114		  0.1825		  0.1714		  0.1519		  0.1373		  0.1222		  0.1168		  0.1030		  0.1567		  0.1464		  0.1322		  0.1241		  0.1241		     NaN		     NaN		     NaN		
 0.680		  0.3426		  0.3587		  0.3820		  0.4046		  0.4290		  0.4522		  0.4853		  0.5165		  0.5421		  0.5844		  0.6298		  0.6826		  0.7413		  0.8122		  0.8919		  0.9863		  1.0863		  1.2048		  1.3229		  1.4613		  1.5959		  1.7000		  1.7288		  1.6490		  1.4972		  1.3376		  1.1737		  1.0333		  0.8692		  0.7473		  0.6417		  0.5641		  0.4855		  0.4184		  0.3594		  0.3168		  0.2803		  0.2441		  0.2166		  0.1867		  0.1739		  0.1542		  0.1393		  0.1240		  0.1186		  0.1046		  0.1590		  0.1485		  0.1342		  0.1259		  0.1259		     NaN		     NaN		     NaN		
 0.690		  0.3465		  0.3628		  0.3866		  0.4094		  0.4342		  0.4572		  0.4910		  0.5225		  0.5484		  0.5910		  0.6372		  0.6904		  0.7502		  0.8216		  0.9022		  0.9974		  1.0991		  1.2185		  1.3384		  1.4785		  1.6148		  1.7193		  1.7483		  1.6685		  1.5169		  1.3563		  1.1919		  1.0496		  0.8849		  0.7616		  0.6541		  0.5759		  0.4956		  0.4275		  0.3672		  0.3240		  0.2868		  0.2499		  0.2218		  0.1908		  0.1765		  0.1564		  0.1414		  0.1258		  0.1203		  0.1061		  0.1613		  0.1507		  0.1362		  0.1278		  0.1278		     NaN		     NaN		     NaN		
 0.700		  0.3505		  0.3669		  0.3912		  0.4143		  0.4395		  0.4623		  0.4966		  0.5284		  0.5547		  0.5977		  0.6447		  0.6982		  0.7591		  0.8310		  0.9126		  1.0086		  1.1119		  1.2322		  1.3539		  1.4958		  1.6338		  1.7385		  1.7679		  1.6881		  1.5366		  1.3750		  1.2101		  1.0658		  0.9007		  0.7765		  0.6677		  0.5878		  0.5057		  0.4365		  0.3751		  0.3311		  0.2933		  0.2557		  0.2270		  0.1950		  0.1790		  0.1587		  0.1434		  0.1276		  0.1220		  0.1076		  0.1637		  0.1529		  0.1382		  0.1296		  0.1296		     NaN		     NaN		     NaN		
 0.710		  0.3545		  0.3711		  0.3958		  0.4192		  0.4447		  0.4673		  0.5022		  0.5344		  0.5610		  0.6044		  0.6521		  0.7060		  0.7681		  0.8404		  0.9230		  1.0197		  1.1247		  1.2458		  1.3694		  1.5130		  1.6528		  1.7578		  1.7875		  1.7077		  1.5563		  1.3937		  1.2283		  1.0821		  0.9164		  0.7914		  0.6816		  0.6000		  0.5170		  0.4464		  0.3833		  0.3383		  0.2999		  0.2615		  0.2321		  0.1991		  0.1816		  0.1610		  0.1455		  0.1295		  0.1238		  0.1092		  0.1660		  0.1551		  0.1401		  0.1315		  0.1315		     NaN		     NaN		     NaN		
 0.720		  0.3585		  0.3752		  0.4005		  0.4240		  0.4499		  0.4724		  0.5079		  0.5404		  0.5672		  0.6111		  0.6596		  0.7139		  0.7770		  0.8498		  0.9334		  1.0309		  1.1374		  1.2595		  1.3849		  1.5302		  1.6717		  1.7770		  1.8070		  1.7272		  1.5760		  1.4125		  1.2465		  1.0984		  0.9321		  0.8063		  0.6954		  0.6123		  0.5284		  0.4569		  0.3929		  0.3469		  0.3071		  0.2679		  0.2375		  0.2033		  0.1841		  0.1633		  0.1475		  0.1313		  0.1255		  0.1107		  0.1684		  0.1573		  0.1421		  0.1333		  0.1333		     NaN		     NaN		     NaN		
 0.730		  0.3625		  0.3794		  0.4051		  0.4289		  0.4552		  0.4774		  0.5135		  0.5463		  0.5735		  0.6178		  0.6671		  0.7217		  0.7859		  0.8592		  0.9438		  1.0420		  1.1502		  1.2732		  1.4004		  1.5475		  1.6907		  1.7963		  1.8266		  1.7468		  1.5958		  1.4312		  1.2647		  1.1146		  0.9479		  0.8212		  0.7092		  0.6245		  0.5399		  0.4675		  0.4025		  0.3556		  0.3147		  0.2752		  0.2437		  0.2095		  0.1892		  0.1675		  0.1510		  0.1341		  0.1279		  0.1126		  0.1707		  0.1595		  0.1441		  0.1352		  0.1352		     NaN		     NaN		     NaN		
 0.740		  0.3664		  0.3835		  0.4096		  0.4338		  0.4604		  0.4825		  0.5192		  0.5523		  0.5798		  0.6245		  0.6745		  0.7295		  0.7948		  0.8686		  0.9542		  1.0532		  1.1630		  1.2868		  1.4159		  1.5647		  1.7096		  1.8155		  1.8462		  1.7663		  1.6155		  1.4499		  1.2829		  1.1309		  0.9636		  0.8362		  0.7230		  0.6368		  0.5513		  0.4780		  0.4121		  0.3644		  0.3223		  0.2825		  0.2498		  0.2158		  0.1949		  0.1727		  0.1559		  0.1386		  0.1320		  0.1163		  0.1730		  0.1616		  0.1460		  0.1370		  0.1370		     NaN		     NaN		     NaN		
 0.750		  0.3703		  0.3876		  0.4139		  0.4383		  0.4654		  0.4876		  0.5248		  0.5583		  0.5861		  0.6312		  0.6820		  0.7373		  0.8037		  0.8780		  0.9646		  1.0644		  1.1758		  1.3005		  1.4314		  1.5819		  1.7286		  1.8348		  1.8657		  1.7859		  1.6352		  1.4686		  1.3011		  1.1472		  0.9794		  0.8511		  0.7369		  0.6490		  0.5627		  0.4886		  0.4216		  0.3731		  0.3299		  0.2897		  0.2560		  0.2221		  0.2005		  0.1780		  0.1607		  0.1430		  0.1361		  0.1201		  0.1754		  0.1638		  0.1480		  0.1389		  0.1389		     NaN		     NaN		     NaN		
 0.760		  0.3742		  0.3917		  0.4181		  0.4428		  0.4703		  0.4929		  0.5303		  0.5642		  0.5924		  0.6379		  0.6895		  0.7452		  0.8126		  0.8874		  0.9750		  1.0755		  1.1885		  1.3142		  1.4469		  1.5992		  1.7475		  1.8540		  1.8853		  1.8054		  1.6549		  1.4873		  1.3193		  1.1634		  0.9951		  0.8660		  0.7507		  0.6613		  0.5742		  0.4991		  0.4312		  0.3819		  0.3376		  0.2970		  0.2621		  0.2284		  0.2062		  0.1832		  0.1656		  0.1474		  0.1401		  0.1238		  0.1777		  0.1660		  0.1500		  0.1407		  0.1407		     NaN		     NaN		     NaN		
 0.770		  0.3781		  0.3958		  0.4223		  0.4474		  0.4752		  0.4981		  0.5359		  0.5702		  0.5986		  0.6445		  0.6967		  0.7530		  0.8215		  0.8968		  0.9854		  1.0867		  1.2013		  1.3279		  1.4624		  1.6164		  1.7665		  1.8733		  1.9049		  1.8250		  1.6746		  1.5060		  1.3375		  1.1797		  1.0109		  0.8809		  0.7645		  0.6735		  0.5856		  0.5097		  0.4408		  0.3906		  0.3452		  0.3043		  0.2683		  0.2347		  0.2119		  0.1885		  0.1704		  0.1518		  0.1442		  0.1275		  0.1800		  0.1682		  0.1520		  0.1426		  0.1426		     NaN		     NaN		     NaN		
 0.780		  0.3820		  0.4000		  0.4265		  0.4519		  0.4800		  0.5034		  0.5414		  0.5762		  0.6049		  0.6511		  0.7039		  0.7609		  0.8299		  0.9061		  0.9958		  1.0978		  1.2141		  1.3415		  1.4779		  1.6336		  1.7854		  1.8925		  1.9244		  1.8446		  1.6944		  1.5247		  1.3557		  1.1960		  1.0266		  0.8958		  0.7783		  0.6858		  0.5970		  0.5202		  0.4504		  0.3994		  0.3528		  0.3116		  0.2745		  0.2410		  0.2175		  0.1937		  0.1753		  0.1563		  0.1483		  0.1312		  0.1824		  0.1704		  0.1539		  0.1444		  0.1444		     NaN		     NaN		     NaN		
 0.790		  0.3858		  0.4041		  0.4308		  0.4564		  0.4849		  0.5087		  0.5470		  0.5821		  0.6112		  0.6577		  0.7111		  0.7687		  0.8384		  0.9152		  1.0057		  1.1089		  1.2269		  1.3552		  1.4934		  1.6509		  1.8044		  1.9118		  1.9440		  1.8641		  1.7141		  1.5434		  1.3739		  1.2122		  1.0424		  0.9108		  0.7922		  0.6980		  0.6085		  0.5308		  0.4600		  0.4081		  0.3604		  0.3188		  0.2806		  0.2473		  0.2232		  0.1989		  0.1801		  0.1607		  0.1524		  0.1349		  0.1847		  0.1726		  0.1559		  0.1463		  0.1463		     NaN		     NaN		     NaN		
 0.800		  0.3897		  0.4082		  0.4350		  0.4609		  0.4898		  0.5140		  0.5525		  0.5881		  0.6174		  0.6644		  0.7183		  0.7765		  0.8468		  0.9243		  1.0156		  1.1196		  1.2391		  1.3689		  1.5089		  1.6681		  1.8233		  1.9310		  1.9636		  1.8837		  1.7338		  1.5621		  1.3920		  1.2285		  1.0581		  0.9257		  0.8060		  0.7103		  0.6199		  0.5413		  0.4696		  0.4169		  0.3680		  0.3261		  0.2868		  0.2536		  0.2288		  0.2042		  0.1850		  0.1651		  0.1565		  0.1386		  0.1871		  0.1747		  0.1579		  0.1481		  0.1481		     NaN		     NaN		     NaN		
 0.810		  0.3936		  0.4123		  0.4392		  0.4654		  0.4947		  0.5192		  0.5580		  0.5941		  0.6237		  0.6710		  0.7255		  0.7844		  0.8552		  0.9335		  1.0256		  1.1304		  1.2508		  1.3819		  1.5244		  1.6853		  1.8423		  1.9503		  1.9831		  1.9032		  1.7535		  1.5808		  1.4102		  1.2447		  1.0739		  0.9406		  0.8198		  0.7225		  0.6313		  0.5519		  0.4791		  0.4256		  0.3757		  0.3334		  0.2930		  0.2599		  0.2345		  0.2094		  0.1899		  0.1696		  0.1605		  0.1423		  0.1894		  0.1769		  0.1599		  0.1500		  0.1500		     NaN		     NaN		     NaN		
 0.820		  0.3975		  0.4165		  0.4434		  0.4700		  0.4995		  0.5245		  0.5636		  0.6000		  0.6300		  0.6776		  0.7327		  0.7922		  0.8636		  0.9426		  1.0355		  1.1411		  1.2626		  1.3948		  1.5385		  1.7025		  1.8612		  1.9695		  2.0027		  1.9228		  1.7732		  1.5995		  1.4284		  1.2610		  1.0896		  0.9555		  0.8336		  0.7348		  0.6428		  0.5624		  0.4887		  0.4343		  0.3833		  0.3407		  0.2991		  0.2662		  0.2401		  0.2146		  0.1947		  0.1740		  0.1646		  0.1460		  0.1917		  0.1791		  0.1618		  0.1518		  0.1518		     NaN		     NaN		     NaN		
 0.830		  0.4014		  0.4206		  0.4477		  0.4745		  0.5044		  0.5298		  0.5691		  0.6060		  0.6362		  0.6842		  0.7399		  0.8001		  0.8720		  0.9517		  1.0454		  1.1518		  1.2744		  1.4076		  1.5525		  1.7179		  1.8800		  1.9888		  2.0222		  1.9424		  1.7929		  1.6182		  1.4466		  1.2773		  1.1054		  0.9704		  0.8474		  0.7470		  0.6542		  0.5729		  0.4983		  0.4431		  0.3909		  0.3480		  0.3053		  0.2725		  0.2458		  0.2199		  0.1996		  0.1784		  0.1687		  0.1497		  0.1941		  0.1813		  0.1638		  0.1537		  0.1537		     NaN		     NaN		     NaN		
 0.840		  0.4053		  0.4247		  0.4519		  0.4790		  0.5093		  0.5350		  0.5746		  0.6120		  0.6425		  0.6908		  0.7471		  0.8079		  0.8804		  0.9608		  1.0553		  1.1626		  1.2862		  1.4205		  1.5665		  1.7333		  1.8966		  2.0080		  2.0418		  1.9619		  1.8127		  1.6369		  1.4648		  1.2935		  1.1211		  0.9854		  0.8613		  0.7593		  0.6656		  0.5835		  0.5079		  0.4518		  0.3985		  0.3552		  0.3114		  0.2788		  0.2514		  0.2251		  0.2044		  0.1829		  0.1728		  0.1535		  0.1964		  0.1835		  0.1658		  0.1555		  0.1555		     NaN		     NaN		     NaN		
 0.850		  0.4092		  0.4288		  0.4561		  0.4835		  0.5142		  0.5403		  0.5802		  0.6180		  0.6488		  0.6974		  0.7543		  0.8158		  0.8888		  0.9699		  1.0652		  1.1733		  1.2979		  1.4334		  1.5805		  1.7488		  1.9133		  2.0259		  2.0614		  1.9815		  1.8324		  1.6556		  1.4830		  1.3098		  1.1368		  1.0003		  0.8751		  0.7715		  0.6771		  0.5940		  0.5175		  0.4606		  0.4061		  0.3625		  0.3176		  0.2851		  0.2571		  0.2304		  0.2093		  0.1873		  0.1768		  0.1572		  0.1988		  0.1857		  0.1678		  0.1574		  0.1574		     NaN		     NaN		     NaN		
 0.860		  0.4131		  0.4329		  0.4603		  0.4880		  0.5190		  0.5456		  0.5857		  0.6239		  0.6550		  0.7040		  0.7615		  0.8236		  0.8972		  0.9790		  1.0752		  1.1841		  1.3097		  1.4462		  1.5945		  1.7642		  1.9300		  2.0438		  2.0800		  2.0010		  1.8521		  1.6743		  1.5012		  1.3261		  1.1526		  1.0152		  0.8889		  0.7838		  0.6885		  0.6046		  0.5270		  0.4693		  0.4138		  0.3698		  0.3238		  0.2914		  0.2628		  0.2356		  0.2141		  0.1917		  0.1809		  0.1609		  0.2011		  0.1879		  0.1697		  0.1592		  0.1592		     NaN		     NaN		     NaN		
 0.870		  0.4170		  0.4371		  0.4646		  0.4926		  0.5239		  0.5508		  0.5912		  0.6299		  0.6613		  0.7107		  0.7687		  0.8315		  0.9056		  0.9881		  1.0851		  1.1948		  1.3215		  1.4591		  1.6085		  1.7796		  1.9466		  2.0616		  2.0985		  2.0200		  1.8718		  1.6930		  1.5194		  1.3423		  1.1683		  1.0301		  0.9027		  0.7960		  0.6999		  0.6151		  0.5366		  0.4781		  0.4214		  0.3771		  0.3299		  0.2977		  0.2684		  0.2408		  0.2190		  0.1962		  0.1850		  0.1646		  0.2034		  0.1900		  0.1717		  0.1611		  0.1611		     NaN		     NaN		     NaN		
 0.880		  0.4209		  0.4412		  0.4688		  0.4971		  0.5288		  0.5561		  0.5968		  0.6359		  0.6676		  0.7173		  0.7759		  0.8393		  0.9141		  0.9972		  1.0950		  1.2056		  1.3333		  1.4720		  1.6225		  1.7951		  1.9633		  2.0795		  2.1170		  2.0387		  1.8908		  1.7117		  1.5376		  1.3586		  1.1841		  1.0450		  0.9166		  0.8083		  0.7114		  0.6257		  0.5462		  0.4868		  0.4290		  0.3843		  0.3361		  0.3040		  0.2741		  0.2461		  0.2238		  0.2006		  0.1891		  0.1683		  0.2058		  0.1922		  0.1737		  0.1629		  0.1629		     NaN		     NaN		     NaN		
 0.890		  0.4248		  0.4453		  0.4730		  0.5016		  0.5337		  0.5614		  0.6023		  0.6418		  0.6738		  0.7239		  0.7831		  0.8472		  0.9225		  1.0064		  1.1049		  1.2163		  1.3450		  1.4848		  1.6365		  1.8105		  1.9800		  2.0974		  2.1355		  2.0574		  1.9092		  1.7302		  1.5558		  1.3749		  1.1998		  1.0599		  0.9304		  0.8205		  0.7228		  0.6362		  0.5558		  0.4956		  0.4366		  0.3916		  0.3422		  0.3103		  0.2797		  0.2513		  0.2287		  0.2050		  0.1932		  0.1720		  0.2081		  0.1944		  0.1757		  0.1648		  0.1648		     NaN		     NaN		     NaN		
 0.900		  0.4287		  0.4494		  0.4772		  0.5061		  0.5385		  0.5667		  0.6078		  0.6478		  0.6801		  0.7305		  0.7903		  0.8550		  0.9309		  1.0155		  1.1148		  1.2270		  1.3568		  1.4977		  1.6505		  1.8260		  1.9966		  2.1153		  2.1540		  2.0761		  1.9276		  1.7484		  1.5736		  1.3911		  1.2156		  1.0749		  0.9442		  0.8328		  0.7342		  0.6468		  0.5654		  0.5043		  0.4442		  0.3989		  0.3484		  0.3166		  0.2854		  0.2565		  0.2335		  0.2094		  0.1972		  0.1757		  0.2104		  0.1966		  0.1776		  0.1666		  0.1666		     NaN		     NaN		     NaN		
 0.910		  0.4326		  0.4535		  0.4815		  0.5106		  0.5434		  0.5719		  0.6134		  0.6538		  0.6864		  0.7371		  0.7975		  0.8629		  0.9393		  1.0246		  1.1247		  1.2378		  1.3686		  1.5106		  1.6645		  1.8414		  2.0133		  2.1332		  2.1724		  2.0948		  1.9460		  1.7666		  1.5910		  1.4075		  1.2313		  1.0898		  0.9580		  0.8450		  0.7457		  0.6573		  0.5749		  0.5131		  0.4519		  0.4062		  0.3546		  0.3229		  0.2910		  0.2618		  0.2384		  0.2139		  0.2013		  0.1794		  0.2128		  0.1988		  0.1796		  0.1685		  0.1685		     NaN		     NaN		     NaN		
 0.920		  0.4365		  0.4577		  0.4857		  0.5152		  0.5483		  0.5772		  0.6189		  0.6597		  0.6926		  0.7437		  0.8047		  0.8707		  0.9477		  1.0337		  1.1347		  1.2485		  1.3804		  1.5234		  1.6786		  1.8568		  2.0300		  2.1510		  2.1909		  2.1135		  1.9644		  1.7848		  1.6084		  1.4241		  1.2471		  1.1047		  0.9718		  0.8573		  0.7571		  0.6679		  0.5845		  0.5218		  0.4595		  0.4134		  0.3607		  0.3291		  0.2967		  0.2670		  0.2433		  0.2183		  0.2054		  0.1832		  0.2151		  0.2010		  0.1816		  0.1703		  0.1703		     NaN		     NaN		     NaN		
 0.930		  0.4404		  0.4618		  0.4899		  0.5197		  0.5532		  0.5825		  0.6245		  0.6657		  0.6989		  0.7503		  0.8119		  0.8786		  0.9561		  1.0428		  1.1446		  1.2593		  1.3921		  1.5363		  1.6926		  1.8723		  2.0467		  2.1689		  2.2094		  2.1322		  1.9828		  1.8029		  1.6257		  1.4406		  1.2628		  1.1194		  0.9856		  0.8695		  0.7685		  0.6784		  0.5941		  0.5305		  0.4671		  0.4207		  0.3669		  0.3354		  0.3023		  0.2723		  0.2481		  0.2227		  0.2095		  0.1869		  0.2175		  0.2031		  0.1835		  0.1722		  0.1722		     NaN		     NaN		     NaN		
 0.940		  0.4443		  0.4659		  0.4941		  0.5242		  0.5580		  0.5877		  0.6300		  0.6717		  0.7052		  0.7570		  0.8191		  0.8864		  0.9645		  1.0519		  1.1545		  1.2700		  1.4039		  1.5492		  1.7066		  1.8877		  2.0633		  2.1868		  2.2279		  2.1509		  2.0012		  1.8211		  1.6431		  1.4571		  1.2785		  1.1342		  0.9993		  0.8821		  0.7800		  0.6890		  0.6037		  0.5393		  0.4747		  0.4280		  0.3730		  0.3417		  0.3080		  0.2775		  0.2530		  0.2272		  0.2135		  0.1906		  0.2198		  0.2053		  0.1855		  0.1740		  0.1740		     NaN		     NaN		     NaN		
 0.950		  0.4482		  0.4700		  0.4984		  0.5287		  0.5629		  0.5930		  0.6355		  0.6776		  0.7114		  0.7636		  0.8263		  0.8943		  0.9729		  1.0610		  1.1644		  1.2808		  1.4157		  1.5620		  1.7206		  1.9031		  2.0800		  2.2047		  2.2464		  2.1696		  2.0195		  1.8393		  1.6604		  1.4737		  1.2943		  1.1489		  1.0129		  0.8949		  0.7917		  0.6997		  0.6134		  0.5480		  0.4823		  0.4353		  0.3792		  0.3480		  0.3136		  0.2827		  0.2578		  0.2316		  0.2176		  0.1943		  0.2221		  0.2075		  0.1875		  0.1759		  0.1759		     NaN		     NaN		     NaN		
 0.960		  0.4520		  0.4741		  0.5026		  0.5332		  0.5678		  0.5983		  0.6411		  0.6836		  0.7177		  0.7702		  0.8335		  0.9021		  0.9814		  1.0701		  1.1743		  1.2915		  1.4275		  1.5749		  1.7346		  1.9186		  2.0967		  2.2226		  2.2648		  2.1883		  2.0379		  1.8575		  1.6778		  1.4902		  1.3100		  1.1636		  1.0266		  0.9076		  0.8033		  0.7105		  0.6234		  0.5571		  0.4905		  0.4427		  0.3854		  0.3543		  0.3193		  0.2880		  0.2627		  0.2360		  0.2217		  0.1980		  0.2245		  0.2097		  0.1895		  0.1777		  0.1777		     NaN		     NaN		     NaN		
 0.970		  0.4559		  0.4783		  0.5068		  0.5378		  0.5726		  0.6035		  0.6466		  0.6896		  0.7240		  0.7768		  0.8407		  0.9100		  0.9898		  1.0793		  1.1842		  1.3022		  1.4392		  1.5878		  1.7486		  1.9340		  2.1133		  2.2404		  2.2833		  2.2070		  2.0563		  1.8757		  1.6951		  1.5067		  1.3257		  1.1784		  1.0402		  0.9203		  0.8150		  0.7213		  0.6334		  0.5663		  0.4991		  0.4503		  0.3925		  0.3606		  0.3250		  0.2932		  0.2675		  0.2405		  0.2258		  0.2017		  0.2268		  0.2119		  0.1914		  0.1796		     NaN		     NaN		     NaN		     NaN		
 0.980		  0.4598		  0.4824		  0.5110		  0.5423		  0.5775		  0.6088		  0.6521		  0.6955		  0.7302		  0.7834		  0.8479		  0.9178		  0.9982		  1.0884		  1.1942		  1.3130		  1.4510		  1.6006		  1.7626		  1.9494		  2.1300		  2.2583		  2.3018		  2.2256		  2.0747		  1.8939		  1.7125		  1.5233		  1.3415		  1.1931		  1.0539		  0.9331		  0.8266		  0.7321		  0.6433		  0.5754		  0.5076		  0.4580		  0.3997		  0.3669		  0.3306		  0.2984		  0.2724		  0.2449		  0.2299		  0.2054		  0.2292		  0.2141		  0.1934		  0.1814		     NaN		     NaN		     NaN		     NaN		
 0.990		  0.4637		  0.4865		  0.5153		  0.5468		  0.5824		  0.6141		  0.6577		  0.7015		  0.7365		  0.7900		  0.8551		  0.9257		  1.0066		  1.0975		  1.2041		  1.3237		  1.4628		  1.6135		  1.7766		  1.9649		  2.1467		  2.2762		  2.3203		  2.2443		  2.0931		  1.9120		  1.7298		  1.5398		  1.3572		  1.2078		  1.0675		  0.9458		  0.8383		  0.7429		  0.6533		  0.5845		  0.5161		  0.4656		  0.4068		  0.3732		  0.3363		  0.3037		  0.2772		  0.2493		  0.2339		  0.2091		  0.2315		  0.2163		  0.1954		  0.1833		     NaN		     NaN		     NaN		     NaN		
 1.000		  0.4676		  0.4906		  0.5195		  0.5513		  0.5873		  0.6194		  0.6632		  0.7075		  0.7428		  0.7966		  0.8623		  0.9335		  1.0150		  1.1066		  1.2140		  1.3345		  1.4745		  1.6264		  1.7906		  1.9803		  2.1633		  2.2941		  2.3388		  2.2630		  2.1115		  1.9302		  1.7472		  1.5564		  1.3729		  1.2225		  1.0812		  0.9585		  0.8499		  0.7537		  0.6633		  0.5936		  0.5247		  0.4733		  0.4139		  0.3795		  0.3419		  0.3089		  0.2821		  0.2537		  0.2380		  0.2128		  0.2338		  0.2184		  0.1974		  0.1851		     NaN		     NaN		     NaN		     NaN		
 1.010		  0.4715		  0.4947		  0.5237		  0.5559		  0.5921		  0.6246		  0.6687		  0.7134		  0.7490		  0.8033		  0.8695		  0.9414		  1.0234		  1.1157		  1.2239		  1.3452		  1.4863		  1.6392		  1.8046		  1.9957		  2.1800		  2.3120		  2.3573		  2.2817		  2.1299		  1.9484		  1.7646		  1.5729		  1.3887		  1.2373		  1.0948		  0.9713		  0.8616		  0.7645		  0.6733		  0.6027		  0.5332		  0.4809		  0.4210		  0.3858		  0.3476		  0.3142		  0.2869		  0.2582		  0.2421		  0.2166		  0.2362		  0.2206		  0.1993		  0.1870		     NaN		     NaN		     NaN		     NaN		
 1.020		  0.4754		  0.4989		  0.5279		  0.5604		  0.5970		  0.6299		  0.6743		  0.7194		  0.7553		  0.8099		  0.8767		  0.9492		  1.0318		  1.1248		  1.2338		  1.3560		  1.4981		  1.6521		  1.8186		  2.0112		  2.1967		  2.3299		  2.3757		  2.3004		  2.1483		  1.9666		  1.7819		  1.5894		  1.4044		  1.2520		  1.1085		  0.9840		  0.8733		  0.7753		  0.6833		  0.6118		  0.5417		  0.4885		  0.4281		  0.3921		  0.3532		  0.3194		  0.2918		  0.2626		  0.2462		  0.2203		  0.2385		  0.2228		  0.2013		  0.1889		     NaN		     NaN		     NaN		     NaN		
 1.030		  0.4793		  0.5030		  0.5322		  0.5649		  0.6019		  0.6352		  0.6798		  0.7254		  0.7616		  0.8165		  0.8839		  0.9571		  1.0402		  1.1339		  1.2438		  1.3667		  1.5099		  1.6650		  1.8326		  2.0266		  2.2133		  2.3477		  2.3942		  2.3191		  2.1667		  1.9848		  1.7993		  1.6060		  1.4201		  1.2667		  1.1221		  0.9967		  0.8849		  0.7861		  0.6932		  0.6209		  0.5503		  0.4962		  0.4352		  0.3984		  0.3589		  0.3246		  0.2967		  0.2670		  0.2503		  0.2240		  0.2408		  0.2250		  0.2033		  0.1907		     NaN		     NaN		     NaN		     NaN		
 1.040		  0.4832		  0.5071		  0.5364		  0.5694		  0.6068		  0.6404		  0.6854		  0.7313		  0.7678		  0.8231		  0.8911		  0.9649		  1.0487		  1.1430		  1.2537		  1.3774		  1.5216		  1.6778		  1.8466		  2.0420		  2.2300		  2.3656		  2.4127		  2.3378		  2.1851		  2.0030		  1.8166		  1.6225		  1.4359		  1.2815		  1.1358		  1.0095		  0.8966		  0.7968		  0.7032		  0.6300		  0.5588		  0.5038		  0.4423		  0.4047		  0.3645		  0.3299		  0.3015		  0.2715		  0.2543		  0.2277		  0.2432		  0.2272		  0.2053		  0.1926		     NaN		     NaN		     NaN		     NaN		
 1.050		  0.4871		  0.5112		  0.5406		  0.5739		  0.6116		  0.6457		  0.6909		  0.7373		  0.7741		  0.8297		  0.8983		  0.9728		  1.0571		  1.1522		  1.2636		  1.3882		  1.5334		  1.6907		  1.8606		  2.0575		  2.2467		  2.3835		  2.4312		  2.3565		  2.2035		  2.0211		  1.8340		  1.6390		  1.4516		  1.2962		  1.1494		  1.0222		  0.9082		  0.8076		  0.7132		  0.6392		  0.5673		  0.5115		  0.4494		  0.4110		  0.3702		  0.3351		  0.3064		  0.2759		  0.2584		  0.2314		  0.2455		  0.2294		  0.2072		  0.1944		     NaN		     NaN		     NaN		     NaN		
 1.060		  0.4910		  0.5154		  0.5448		  0.5785		  0.6165		  0.6510		  0.6964		  0.7433		  0.7804		  0.8363		  0.9055		  0.9806		  1.0655		  1.1613		  1.2735		  1.3989		  1.5452		  1.7036		  1.8746		  2.0729		  2.2633		  2.4014		  2.4497		  2.3752		  2.2219		  2.0393		  1.8513		  1.6556		  1.4673		  1.3109		  1.1631		  1.0349		  0.9199		  0.8184		  0.7232		  0.6483		  0.5759		  0.5191		  0.4565		  0.4173		  0.3759		  0.3403		  0.3112		  0.2803		  0.2625		  0.2351		  0.2479		  0.2315		  0.2092		  0.1963		     NaN		     NaN		     NaN		     NaN		
 1.070		  0.4949		  0.5195		  0.5491		  0.5830		  0.6214		  0.6562		  0.7020		  0.7493		  0.7866		  0.8429		  0.9127		  0.9885		  1.0739		  1.1704		  1.2834		  1.4097		  1.5570		  1.7164		  1.8886		  2.0883		  2.2800		  2.4193		  2.4681		  2.3939		  2.2402		  2.0575		  1.8687		  1.6721		  1.4831		  1.3256		  1.1768		  1.0477		  0.9315		  0.8292		  0.7332		  0.6574		  0.5844		  0.5268		  0.4636		  0.4236		  0.3815		  0.3456		  0.3161		  0.2848		  0.2666		  0.2388		  0.2502		  0.2337		  0.2112		  0.1981		     NaN		     NaN		     NaN		     NaN		
 1.080		  0.4988		  0.5236		  0.5533		  0.5875		  0.6263		  0.6615		  0.7075		  0.7552		  0.7929		  0.8496		  0.9199		  0.9963		  1.0823		  1.1795		  1.2933		  1.4204		  1.5687		  1.7293		  1.9026		  2.1038		  2.2967		  2.4371		  2.4866		  2.4126		  2.2586		  2.0757		  1.8860		  1.6886		  1.4988		  1.3404		  1.1904		  1.0604		  0.9432		  0.8400		  0.7432		  0.6665		  0.5929		  0.5344		  0.4707		  0.4299		  0.3872		  0.3508		  0.3209		  0.2892		  0.2706		  0.2425		  0.2525		  0.2359		  0.2132		  0.2000		     NaN		     NaN		     NaN		     NaN		
 1.090		  0.5027		  0.5277		  0.5575		  0.5920		  0.6311		  0.6668		  0.7130		  0.7612		  0.7992		  0.8562		  0.9271		  1.0042		  1.0907		  1.1886		  1.3033		  1.4312		  1.5805		  1.7422		  1.9166		  2.1192		  2.3133		  2.4550		  2.5051		  2.4313		  2.2770		  2.0939		  1.9034		  1.7052		  1.5145		  1.3551		  1.2041		  1.0732		  0.9549		  0.8508		  0.7531		  0.6756		  0.6015		  0.5421		  0.4778		  0.4362		  0.3928		  0.3561		  0.3258		  0.2936		  0.2747		  0.2463		  0.2549		  0.2381		  0.2151		  0.2018		     NaN		     NaN		     NaN		     NaN		
 1.100		  0.5066		  0.5318		  0.5617		  0.5965		  0.6360		  0.6720		  0.7186		  0.7672		  0.8054		  0.8628		  0.9343		  1.0120		  1.0991		  1.1977		  1.3132		  1.4419		  1.5923		  1.7551		  1.9306		  2.1347		  2.3300		  2.4729		  2.5236		  2.4500		  2.2954		  2.1121		  1.9208		  1.7217		  1.5303		  1.3698		  1.2177		  1.0859		  0.9665		  0.8616		  0.7631		  0.6847		  0.6100		  0.5497		  0.4849		  0.4425		  0.3985		  0.3613		  0.3306		  0.2980		  0.2788		  0.2500		  0.2572		  0.2403		  0.2171		  0.2037		     NaN		     NaN		     NaN		     NaN		
 1.110		  0.5105		  0.5360		  0.5660		  0.6011		  0.6409		  0.6773		  0.7241		  0.7731		  0.8117		  0.8694		  0.9415		  1.0199		  1.1075		  1.2068		  1.3231		  1.4526		  1.6041		  1.7679		  1.9446		  2.1501		  2.3467		  2.4908		  2.5421		  2.4687		  2.3138		  2.1303		  1.9381		  1.7382		  1.5460		  1.3846		  1.2314		  1.0986		  0.9782		  0.8724		  0.7731		  0.6938		  0.6185		  0.5573		  0.4920		  0.4488		  0.4041		  0.3665		  0.3355		  0.3025		  0.2829		  0.2537		  0.2595		  0.2425		  0.2191		  0.2055		     NaN		     NaN		     NaN		     NaN		
 1.120		  0.5143		  0.5401		  0.5702		  0.6056		  0.6458		  0.6826		  0.7296		  0.7791		  0.8180		  0.8760		  0.9487		  1.0277		  1.1160		  1.2159		  1.3330		  1.4634		  1.6158		  1.7808		  1.9586		  2.1655		  2.3634		  2.5087		  2.5605		  2.4874		  2.3322		  2.1484		  1.9555		  1.7548		  1.5617		  1.3993		  1.2450		  1.1114		  0.9898		  0.8832		  0.7831		  0.7030		  0.6271		  0.5650		  0.4992		  0.4551		  0.4098		  0.3718		  0.3403		  0.3069		  0.2870		  0.2574		  0.2619		  0.2446		  0.2210		  0.2074		     NaN		     NaN		     NaN		     NaN		
 1.130		  0.5330		  0.5442		  0.5744		  0.6101		  0.6506		  0.6879		  0.7352		  0.7851		  0.8242		  0.8826		  0.9559		  1.0356		  1.1244		  1.2251		  1.3429		  1.4741		  1.6276		  1.7937		  1.9726		  2.1810		  2.3800		  2.5265		  2.5790		  2.5061		  2.3506		  2.1666		  1.9728		  1.7713		  1.5775		  1.4140		  1.2587		  1.1241		  1.0015		  0.8940		  0.7931		  0.7121		  0.6356		  0.5726		  0.5063		  0.4614		  0.4154		  0.3770		  0.3452		  0.3113		  0.2910		  0.2611		  0.2642		  0.2468		  0.2230		  0.2092		     NaN		     NaN		     NaN		     NaN		
 1.140		     NaN		  0.6232		  0.6388		  0.6504		  0.6733		  0.6992		  0.7407		  0.7910		  0.8305		  0.8893		  0.9631		  1.0434		  1.1328		  1.2342		  1.3528		  1.4849		  1.6394		  1.8065		  1.9867		  2.1964		  2.3967		  2.5444		  2.5975		  2.5248		  2.3690		  2.1848		  1.9902		  1.7878		  1.5932		  1.4287		  1.2723		  1.1368		  1.0131		  0.9048		  0.8030		  0.7212		  0.6441		  0.5803		  0.5134		  0.4677		  0.4211		  0.3822		  0.3500		  0.3158		  0.2951		  0.2648		  0.2666		  0.2490		  0.2250		  0.2111		     NaN		     NaN		     NaN		     NaN		
 1.150		     NaN		     NaN		     NaN		  0.7358		  0.7444		  0.7659		  0.7892		  0.8182		  0.8670		  0.8959		  0.9703		  1.0512		  1.1412		  1.2433		  1.3628		  1.4956		  1.6511		  1.8194		  2.0007		  2.2118		  2.4134		  2.5623		  2.6160		  2.5435		  2.3874		  2.2030		  2.0075		  1.8044		  1.6089		  1.4435		  1.2860		  1.1496		  1.0248		  0.9156		  0.8130		  0.7303		  0.6527		  0.5879		  0.5205		  0.4739		  0.4267		  0.3875		  0.3549		  0.3202		  0.2992		  0.2685		  0.2689		  0.2512		  0.2270		  0.2129		     NaN		     NaN		     NaN		     NaN		
 1.160		     NaN		     NaN		     NaN		     NaN		     NaN		  0.8403		  0.8497		  0.8782		  0.9035		  0.9472		  0.9936		  1.0610		  1.1496		  1.2524		  1.3727		  1.5063		  1.6629		  1.8323		  2.0147		  2.2273		  2.4300		  2.5802		  2.6345		  2.5622		  2.4058		  2.2212		  2.0249		  1.8209		  1.6247		  1.4582		  1.2996		  1.1623		  1.0364		  0.9264		  0.8230		  0.7394		  0.6612		  0.5956		  0.5276		  0.4802		  0.4324		  0.3927		  0.3598		  0.3246		  0.3033		  0.2722		  0.2712		  0.2534		  0.2289		  0.2148		     NaN		     NaN		     NaN		     NaN		
 1.170		     NaN		     NaN		     NaN		     NaN		     NaN		     NaN		     NaN		  0.9449		  0.9557		  0.9923		  1.0201		  1.1020		  1.1651		  1.2470		  1.3826		  1.5171		  1.6747		  1.8451		  2.0287		  2.2427		  2.4467		  2.5981		  2.6529		  2.5809		  2.4242		  2.2394		  2.0423		  1.8375		  1.6404		  1.4729		  1.3133		  1.1750		  1.0481		  0.9372		  0.8330		  0.7485		  0.6697		  0.6032		  0.5347		  0.4865		  0.4381		  0.3979		  0.3646		  0.3291		  0.3074		  0.2759		  0.2736		  0.2556		  0.2309		  0.2166		     NaN		     NaN		     NaN		     NaN		
 1.180		     NaN		     NaN		     NaN		     NaN		     NaN		     NaN		     NaN		     NaN		  0.8806		  1.0501		  1.0677		  1.1078		  1.1612		  1.2341		  1.3472		  1.5271		  1.6865		  1.8580		  2.0427		  2.2581		  2.4634		  2.6159		  2.6714		  2.5996		  2.4426		  2.2575		  2.0596		  1.8540		  1.6561		  1.4877		  1.3269		  1.1878		  1.0598		  0.9480		  0.8430		  0.7576		  0.6783		  0.6109		  0.5418		  0.4928		  0.4437		  0.4032		  0.3695		  0.3335		  0.3114		  0.2797		  0.2759		  0.2578		  0.2329		  0.2185		     NaN		     NaN		     NaN		     NaN		
 1.190		     NaN		     NaN		     NaN		     NaN		     NaN		     NaN		     NaN		     NaN		     NaN		     NaN		  1.0404		  1.1559		  1.1972		  1.2220		  1.3370		  1.4304		  1.6447		  1.9132		  2.0567		  2.2736		  2.4800		  2.6338		  2.6899		  2.6183		  2.4610		  2.2757		  2.0770		  1.8705		  1.6719		  1.5024		  1.3406		  1.2005		  1.0714		  0.9588		  0.8530		  0.7668		  0.6868		  0.6185		  0.5489		  0.4991		  0.4494		  0.4084		  0.3743		  0.3379		  0.3155		  0.2834		  0.2783		  0.2599		  0.2349		  0.2203		     NaN		     NaN		     NaN		     NaN		
 1.200		     NaN		     NaN		     NaN		     NaN		     NaN		     NaN		     NaN		     NaN		     NaN		     NaN		     NaN		     NaN		  1.2041		  1.2612		  1.3113		  1.3510		     NaN		     NaN		  1.9738		  2.2890		  2.4967		  2.6517		  2.7084		  2.6369		  2.4793		  2.2939		  2.0943		  1.8871		  1.6876		  1.5171		  1.3542		  1.2133		  1.0831		  0.9696		  0.8629		  0.7759		  0.6953		  0.6262		  0.5560		  0.5054		  0.4550		  0.4137		  0.3792		  0.3423		  0.3196		  0.2871		  0.2806		  0.2621		  0.2368		  0.2222		     NaN		     NaN		     NaN		     NaN		
 1.210		     NaN		     NaN		     NaN		     NaN		     NaN		     NaN		     NaN		     NaN		     NaN		     NaN		     NaN		     NaN		     NaN		     NaN		  1.3400		  1.3673		  1.4263		  1.5720		     NaN		     NaN		  2.5087		  2.6696		  2.7269		  2.6556		  2.4977		  2.3121		  2.1117		  1.9036		  1.7033		  1.5318		  1.3679		  1.2260		  1.0947		  0.9804		  0.8729		  0.7850		  0.7039		  0.6338		  0.5631		  0.5117		  0.4607		  0.4189		  0.3840		  0.3468		  0.3237		  0.2908		  0.2829		  0.2643		  0.2388		  0.2240		     NaN		     NaN		     NaN		     NaN		
 1.220		     NaN		     NaN		     NaN		     NaN		     NaN		     NaN		     NaN		     NaN		     NaN		     NaN		     NaN		     NaN		     NaN		     NaN		     NaN		     NaN		  1.4623		  1.5163		     NaN		     NaN		     NaN		  2.6210		  2.7454		  2.6743		  2.5161		  2.3303		  2.1290		  1.9201		  1.7191		  1.5466		  1.3815		  1.2387		  1.1064		  0.9912		  0.8829		  0.7941		  0.7124		  0.6414		  0.5702		  0.5180		  0.4663		  0.4241		  0.3889		  0.3512		  0.3277		  0.2945		  0.2853		  0.2665		  0.2408		  0.2259		     NaN		     NaN		     NaN		     NaN		
 1.230		     NaN		     NaN		     NaN		     NaN		     NaN		     NaN		     NaN		     NaN		     NaN		     NaN		     NaN		     NaN		     NaN		     NaN		     NaN		     NaN		     NaN		     NaN		  1.5671		     NaN		     NaN		     NaN		     NaN		  2.6930		  2.5345		  2.3485		  2.1464		  1.9367		  1.7348		  1.5613		  1.3952		  1.2515		  1.1180		  1.0020		  0.8929		  0.8032		  0.7209		  0.6491		  0.5773		  0.5243		  0.4720		  0.4294		  0.3937		  0.3556		  0.3318		  0.2982		  0.2876		  0.2687		  0.2428		  0.2277		     NaN		     NaN		     NaN		     NaN		
 1.240		     NaN		     NaN		     NaN		     NaN		     NaN		     NaN		     NaN		     NaN		     NaN		     NaN		     NaN		     NaN		     NaN		     NaN		     NaN		     NaN		     NaN		     NaN		     NaN		     NaN		     NaN		     NaN		     NaN		     NaN		  2.5529		  2.3666		  2.1637		  1.9532		  1.7505		  1.5760		  1.4088		  1.2642		  1.1297		  1.0128		  0.9029		  0.8123		  0.7295		  0.6567		  0.5844		  0.5306		  0.4776		  0.4346		  0.3986		  0.3601		  0.3359		  0.3019		  0.2899		  0.2709		  0.2447		  0.2296		     NaN		     NaN		     NaN		     NaN		
 1.250		     NaN		     NaN		     NaN		     NaN		     NaN		     NaN		     NaN		     NaN		     NaN		     NaN		     NaN		     NaN		     NaN		     NaN		     NaN		     NaN		     NaN		     NaN		     NaN		     NaN		     NaN		     NaN		     NaN		     NaN		  2.5171		  2.3848		  2.1811		  1.9697		  1.7663		  1.5908		  1.4225		  1.2769		  1.1413		  1.0236		  0.9128		  0.8214		  0.7380		  0.6644		  0.5916		  0.5369		  0.4833		  0.4398		  0.4034		  0.3645		  0.3400		  0.3056		  0.2923		  0.2730		  0.2467		  0.2314		     NaN		     NaN		     NaN		     NaN		
 1.260		     NaN		     NaN		     NaN		     NaN		     NaN		     NaN		     NaN		     NaN		     NaN		     NaN		     NaN		     NaN		     NaN		     NaN		     NaN		     NaN		     NaN		     NaN		     NaN		     NaN		     NaN		     NaN		     NaN		     NaN		     NaN		  2.4030		  2.1985		  1.9863		  1.7820		  1.6055		  1.4361		  1.2897		  1.1530		  1.0344		  0.9228		  0.8306		  0.7465		  0.6720		  0.5987		  0.5432		  0.4890		  0.4451		  0.4083		  0.3689		  0.3441		  0.3094		  0.2946		  0.2752		  0.2487		  0.2333		     NaN		     NaN		     NaN		     NaN		
 1.270		     NaN		     NaN		     NaN		     NaN		     NaN		     NaN		     NaN		     NaN		     NaN		     NaN		     NaN		     NaN		     NaN		     NaN		     NaN		     NaN		     NaN		     NaN		     NaN		     NaN		     NaN		     NaN		     NaN		     NaN		     NaN		     NaN		  2.2158		  2.0028		  1.7977		  1.6202		  1.4498		  1.3024		  1.1647		  1.0451		  0.9328		  0.8397		  0.7551		  0.6797		  0.6058		  0.5495		  0.4946		  0.4503		  0.4132		  0.3734		  0.3481		  0.3131		  0.2970		  0.2774		  0.2507		  0.2351		     NaN		     NaN		     NaN		     NaN		
 1.280		     NaN		     NaN		     NaN		     NaN		     NaN		     NaN		     NaN		     NaN		     NaN		     NaN		     NaN		     NaN		     NaN		     NaN		     NaN		     NaN		     NaN		     NaN		     NaN		     NaN		     NaN		     NaN		     NaN		     NaN		     NaN		     NaN		     NaN		  2.0193		  1.8135		  1.6349		  1.4634		  1.3151		  1.1763		  1.0559		  0.9428		  0.8488		  0.7636		  0.6873		  0.6129		  0.5558		  0.5003		  0.4556		  0.4180		  0.3778		  0.3522		  0.3168		  0.2993		  0.2796		  0.2526		  0.2370		     NaN		     NaN		     NaN		     NaN		
 1.290		     NaN		     NaN		     NaN		     NaN		     NaN		     NaN		     NaN		     NaN		     NaN		     NaN		     NaN		     NaN		     NaN		     NaN		     NaN		     NaN		     NaN		     NaN		     NaN		     NaN		     NaN		     NaN		     NaN		     NaN		     NaN		     NaN		     NaN		     NaN		  1.7961		  1.6497		  1.4771		  1.3279		  1.1880		  1.0667		  0.9528		  0.8579		  0.7721		  0.6950		  0.6200		  0.5621		  0.5059		  0.4608		  0.4229		  0.3822		  0.3563		  0.3205		  0.3016		  0.2818		  0.2546		     NaN		     NaN		     NaN		     NaN		     NaN		
 1.300		     NaN		     NaN		     NaN		     NaN		     NaN		     NaN		     NaN		     NaN		     NaN		     NaN		     NaN		     NaN		     NaN		     NaN		     NaN		     NaN		     NaN		     NaN		     NaN		     NaN		     NaN		     NaN		     NaN		     NaN		     NaN		     NaN		     NaN		     NaN		     NaN		     NaN		  1.4907		  1.3406		  1.1996		  1.0775		  0.9628		  0.8670		  0.7807		  0.7026		  0.6271		  0.5684		  0.5116		  0.4660		  0.4277		  0.3866		  0.3604		  0.3242		  0.3040		  0.2840		  0.2566		     NaN		     NaN		     NaN		     NaN		     NaN		
 1.310		     NaN		     NaN		     NaN		     NaN		     NaN		     NaN		     NaN		     NaN		     NaN		     NaN		     NaN		     NaN		     NaN		     NaN		     NaN		     NaN		     NaN		     NaN		     NaN		     NaN		     NaN		     NaN		     NaN		     NaN		     NaN		     NaN		     NaN		     NaN		     NaN		     NaN		     NaN		  1.3534		  1.2113		  1.0883		  0.9727		  0.8761		  0.7892		  0.7102		  0.6342		  0.5747		  0.5172		  0.4713		  0.4326		  0.3911		  0.3644		  0.3279		  0.3063		  0.2862		  0.2585		     NaN		     NaN		     NaN		     NaN		     NaN		
 1.320		     NaN		     NaN		     NaN		     NaN		     NaN		     NaN		     NaN		     NaN		     NaN		     NaN		     NaN		     NaN		     NaN		     NaN		     NaN		     NaN		     NaN		     NaN		     NaN		     NaN		     NaN		     NaN		     NaN		     NaN		     NaN		     NaN		     NaN		     NaN		     NaN		     NaN		     NaN		     NaN		     NaN		  1.0991		  0.9827		  0.8852		  0.7977		  0.7179		  0.6413		  0.5810		  0.5229		  0.4765		  0.4374		  0.3955		  0.3685		  0.3316		  0.3087		  0.2883		  0.2605		     NaN		     NaN		     NaN		     NaN		     NaN		
 1.330		     NaN		     NaN		     NaN		     NaN		     NaN		     NaN		     NaN		     NaN		     NaN		     NaN		     NaN		     NaN		     NaN		     NaN		     NaN		     NaN		     NaN		     NaN		     NaN		     NaN		     NaN		     NaN		     NaN		     NaN		     NaN		     NaN		     NaN		     NaN		     NaN		     NaN		     NaN		     NaN		     NaN		     NaN		     NaN		  0.8943		  0.8063		  0.7255		  0.6484		  0.5873		  0.5285		  0.4817		  0.4423		  0.3999		  0.3726		  0.3353		  0.3110		  0.2905		  0.2625		     NaN		     NaN		     NaN		     NaN		     NaN		
 1.340		     NaN		     NaN		     NaN		     NaN		     NaN		     NaN		     NaN		     NaN		     NaN		     NaN		     NaN		     NaN		     NaN		     NaN		     NaN		     NaN		     NaN		     NaN		     NaN		     NaN		     NaN		     NaN		     NaN		     NaN		     NaN		     NaN		     NaN		     NaN		     NaN		     NaN		     NaN		     NaN		     NaN		     NaN		     NaN		     NaN		     NaN		  0.7332		  0.6555		  0.5936		  0.5342		  0.4870		  0.4471		  0.4044		  0.3767		  0.3390		  0.3133		  0.2927		  0.2645		     NaN		     NaN		     NaN		     NaN		     NaN		
 1.350		     NaN		     NaN		     NaN		     NaN		     NaN		     NaN		     NaN		     NaN		     NaN		     NaN		     NaN		     NaN		     NaN		     NaN		     NaN		     NaN		     NaN		     NaN		     NaN		     NaN		     NaN		     NaN		     NaN		     NaN		     NaN		     NaN		     NaN		     NaN		     NaN		     NaN		     NaN		     NaN		     NaN		     NaN		     NaN		     NaN		     NaN		     NaN		     NaN		     NaN		  0.5398		  0.4922		  0.4520		  0.4088		  0.3808		  0.3428		  0.3157		  0.2949		  0.2664		     NaN		     NaN		     NaN		     NaN		     NaN		
 1.360		     NaN		     NaN		     NaN		     NaN		     NaN		     NaN		     NaN		     NaN		     NaN		     NaN		     NaN		     NaN		     NaN		     NaN		     NaN		     NaN		     NaN		     NaN		     NaN		     NaN		     NaN		     NaN		     NaN		     NaN		     NaN		     NaN		     NaN		     NaN		     NaN		     NaN		     NaN		     NaN		     NaN		     NaN		     NaN		     NaN		     NaN		     NaN		     NaN		     NaN		     NaN		     NaN		     NaN		     NaN		     NaN		  0.3465		  0.3180		  0.2971		  0.2684		     NaN		     NaN		     NaN		     NaN		     NaN		
 1.370		     NaN		     NaN		     NaN		     NaN		     NaN		     NaN		     NaN		     NaN		     NaN		     NaN		     NaN		     NaN		     NaN		     NaN		     NaN		     NaN		     NaN		     NaN		     NaN		     NaN		     NaN		     NaN		     NaN		     NaN		     NaN		     NaN		     NaN		     NaN		     NaN		     NaN		     NaN		     NaN		     NaN		     NaN		     NaN		     NaN		     NaN		     NaN		     NaN		     NaN		     NaN		     NaN		     NaN		     NaN		     NaN		     NaN		     NaN		     NaN		     NaN		     NaN		     NaN		     NaN		     NaN		     NaN		
