%H field first colomn	Temp row	Ds array	Corrected for demagnetization using the Anaroni demagnetization factor	 NaN means no data
0.0000		127.28			177.41			207.57			217.43			227.33			237.14			244.46			249.40			252.86			254.84			256.82			258.80			260.78			262.28			263.30			264.32			265.34			266.34			267.36			268.39			269.37			270.35			271.32			272.33			273.33			274.33			275.36			276.35			277.35			278.34			279.32			280.30			281.28			282.76			284.72			286.68			288.66			290.65			292.61			294.56			296.49			298.39			300.31			303.72			308.59			
 0.010		  0.0000		  0.0000		  0.0000		  0.0000		  0.0000		  0.0000		  0.0000		  0.0000		  0.0000		  0.0000		  0.0000		  0.0000		  0.0000		  0.0000		  0.0000		  0.0000		  0.0000		  0.0000		  0.0000		  0.0000		  0.0000		  0.0000		  0.0000		  0.0000		  0.0000		  0.0000		  0.0000		  0.0000		  0.0000		  0.0000		  0.0000		  0.0000		  0.0000		  0.0000		  0.0000		  0.0000		  0.0000		  0.0000		  0.0000		  0.0000		  0.0000		  0.0000		  0.0000		  0.0000		  0.0000		
 0.020		 -0.0018		 -0.0015		 -0.0010		 -0.0023		 -0.0041		 -0.0056		 -0.0049		 -0.0083		 -0.0116		 -0.0126		 -0.0120		 -0.0138		 -0.0157		 -0.0170		 -0.0193		 -0.0210		 -0.0252		 -0.0287		 -0.0333		 -0.1073		 -0.0775		 -0.0160		  0.0110		 -0.0748		 -0.0925		 -0.0991		 -0.0968		 -0.0942		 -0.0768		 -0.0444		 -0.0198		 -0.0166		 -0.0116		 -0.0037		  0.0012		 -0.0022		 -0.0015		  0.0010		  0.0007		 -0.0011		 -0.0008		  0.0003		  0.0009		  0.0012		     NaN		
 0.030		 -0.0031		 -0.0033		 -0.0029		 -0.0050		 -0.0079		 -0.0106		 -0.0106		 -0.0161		 -0.0214		 -0.0238		 -0.0241		 -0.0275		 -0.0310		 -0.0340		 -0.0387		 -0.0430		 -0.0503		 -0.0570		 -0.0653		 -0.1790		 -0.1382		 -0.0506		 -0.0160		 -0.1497		 -0.1782		 -0.1915		 -0.1886		 -0.1780		 -0.1469		 -0.0951		 -0.0521		 -0.0391		 -0.0258		 -0.0103		 -0.0003		 -0.0049		 -0.0030		  0.0011		  0.0005		 -0.0019		 -0.0013		  0.0005		  0.0006		  0.0007		     NaN		
 0.040		 -0.0043		 -0.0052		 -0.0052		 -0.0080		 -0.0117		 -0.0153		 -0.0167		 -0.0236		 -0.0301		 -0.0344		 -0.0363		 -0.0411		 -0.0460		 -0.0514		 -0.0581		 -0.0650		 -0.0745		 -0.0859		 -0.0973		 -0.2178		 -0.1831		 -0.1029		 -0.0791		 -0.2241		 -0.2570		 -0.2774		 -0.2762		 -0.2571		 -0.2135		 -0.1490		 -0.0894		 -0.0630		 -0.0398		 -0.0190		 -0.0051		 -0.0077		 -0.0045		  0.0001		 -0.0014		 -0.0025		 -0.0018		  0.0003		 -0.0005		 -0.0009		     NaN		
 0.050		 -0.0055		 -0.0072		 -0.0076		 -0.0111		 -0.0155		 -0.0200		 -0.0226		 -0.0311		 -0.0388		 -0.0448		 -0.0485		 -0.0547		 -0.0611		 -0.0687		 -0.0776		 -0.0867		 -0.0986		 -0.1146		 -0.1295		 -0.2563		 -0.2275		 -0.1554		 -0.1411		 -0.2961		 -0.3343		 -0.3611		 -0.3611		 -0.3353		 -0.2803		 -0.2034		 -0.1287		 -0.0891		 -0.0556		 -0.0290		 -0.0111		 -0.0111		 -0.0066		 -0.0013		 -0.0045		 -0.0032		 -0.0023		 -0.0002		 -0.0008		 -0.0011		     NaN		
 0.060		 -0.0066		 -0.0092		 -0.0100		 -0.0142		 -0.0194		 -0.0247		 -0.0287		 -0.0385		 -0.0475		 -0.0551		 -0.0607		 -0.0682		 -0.0763		 -0.0860		 -0.0970		 -0.1084		 -0.1226		 -0.1431		 -0.1616		 -0.2944		 -0.2715		 -0.2074		 -0.2022		 -0.3665		 -0.4107		 -0.4430		 -0.4440		 -0.4126		 -0.3470		 -0.2579		 -0.1693		 -0.1172		 -0.0731		 -0.0404		 -0.0181		 -0.0152		 -0.0090		 -0.0029		 -0.0070		 -0.0040		 -0.0030		 -0.0008		 -0.0012		 -0.0014		     NaN		
 0.070		 -0.0078		 -0.0111		 -0.0123		 -0.0172		 -0.0232		 -0.0294		 -0.0347		 -0.0458		 -0.0563		 -0.0654		 -0.0728		 -0.0818		 -0.0914		 -0.1032		 -0.1165		 -0.1301		 -0.1466		 -0.1713		 -0.1936		 -0.3323		 -0.3151		 -0.2589		 -0.2624		 -0.4358		 -0.4862		 -0.5239		 -0.5252		 -0.4889		 -0.4132		 -0.3126		 -0.2109		 -0.1469		 -0.0922		 -0.0534		 -0.0261		 -0.0201		 -0.0119		 -0.0047		 -0.0086		 -0.0050		 -0.0038		 -0.0013		 -0.0017		 -0.0017		     NaN		
 0.080		 -0.0090		 -0.0130		 -0.0146		 -0.0202		 -0.0270		 -0.0341		 -0.0407		 -0.0532		 -0.0650		 -0.0755		 -0.0848		 -0.0953		 -0.1067		 -0.1204		 -0.1359		 -0.1517		 -0.1706		 -0.1993		 -0.2254		 -0.3698		 -0.3583		 -0.3100		 -0.3220		 -0.5041		 -0.5606		 -0.6037		 -0.6050		 -0.5642		 -0.4789		 -0.3677		 -0.2532		 -0.1781		 -0.1130		 -0.0676		 -0.0350		 -0.0255		 -0.0152		 -0.0069		 -0.0101		 -0.0061		 -0.0046		 -0.0020		 -0.0022		 -0.0021		     NaN		
 0.090		 -0.0102		 -0.0148		 -0.0169		 -0.0232		 -0.0308		 -0.0388		 -0.0467		 -0.0605		 -0.0738		 -0.0857		 -0.0968		 -0.1089		 -0.1219		 -0.1377		 -0.1553		 -0.1735		 -0.1946		 -0.2271		 -0.2571		 -0.4072		 -0.4009		 -0.3606		 -0.3810		 -0.5716		 -0.6340		 -0.6825		 -0.6836		 -0.6384		 -0.5444		 -0.4229		 -0.2962		 -0.2104		 -0.1353		 -0.0829		 -0.0447		 -0.0315		 -0.0188		 -0.0093		 -0.0118		 -0.0074		 -0.0056		 -0.0028		 -0.0028		 -0.0025		     NaN		
 0.100		 -0.0114		 -0.0166		 -0.0192		 -0.0262		 -0.0346		 -0.0435		 -0.0527		 -0.0678		 -0.0826		 -0.0958		 -0.1086		 -0.1224		 -0.1372		 -0.1550		 -0.1747		 -0.1954		 -0.2185		 -0.2546		 -0.2886		 -0.4442		 -0.4431		 -0.4108		 -0.4396		 -0.6383		 -0.7065		 -0.7602		 -0.7613		 -0.7116		 -0.6095		 -0.4784		 -0.3401		 -0.2436		 -0.1590		 -0.0991		 -0.0553		 -0.0381		 -0.0229		 -0.0120		 -0.0137		 -0.0088		 -0.0067		 -0.0036		 -0.0035		 -0.0030		     NaN		
 0.110		 -0.0125		 -0.0184		 -0.0216		 -0.0291		 -0.0384		 -0.0483		 -0.0587		 -0.0751		 -0.0914		 -0.1060		 -0.1204		 -0.1360		 -0.1525		 -0.1723		 -0.1941		 -0.2173		 -0.2424		 -0.2818		 -0.3199		 -0.4808		 -0.4848		 -0.4606		 -0.4979		 -0.7043		 -0.7781		 -0.8370		 -0.8381		 -0.7838		 -0.6743		 -0.5341		 -0.3847		 -0.2777		 -0.1840		 -0.1163		 -0.0666		 -0.0453		 -0.0273		 -0.0150		 -0.0158		 -0.0104		 -0.0079		 -0.0046		 -0.0042		 -0.0036		     NaN		
 0.120		 -0.0137		 -0.0202		 -0.0239		 -0.0321		 -0.0422		 -0.0530		 -0.0647		 -0.0824		 -0.1001		 -0.1162		 -0.1321		 -0.1496		 -0.1677		 -0.1896		 -0.2134		 -0.2392		 -0.2662		 -0.3087		 -0.3510		 -0.5172		 -0.5262		 -0.5098		 -0.5558		 -0.7696		 -0.8489		 -0.9128		 -0.9141		 -0.8554		 -0.7389		 -0.5898		 -0.4300		 -0.3125		 -0.2097		 -0.1343		 -0.0788		 -0.0529		 -0.0322		 -0.0182		 -0.0181		 -0.0121		 -0.0093		 -0.0056		 -0.0050		 -0.0042		     NaN		
 0.130		 -0.0149		 -0.0220		 -0.0262		 -0.0350		 -0.0460		 -0.0578		 -0.0707		 -0.0897		 -0.1088		 -0.1263		 -0.1438		 -0.1631		 -0.1829		 -0.2068		 -0.2327		 -0.2611		 -0.2901		 -0.3354		 -0.3820		 -0.5534		 -0.5671		 -0.5585		 -0.6133		 -0.8342		 -0.9191		 -0.9879		 -0.9894		 -0.9265		 -0.8033		 -0.6457		 -0.4760		 -0.3482		 -0.2362		 -0.1531		 -0.0915		 -0.0610		 -0.0373		 -0.0217		 -0.0206		 -0.0139		 -0.0107		 -0.0067		 -0.0059		 -0.0048		     NaN		
 0.140		 -0.0161		 -0.0239		 -0.0285		 -0.0380		 -0.0498		 -0.0625		 -0.0766		 -0.0970		 -0.1175		 -0.1365		 -0.1555		 -0.1766		 -0.1980		 -0.2238		 -0.2519		 -0.2827		 -0.3139		 -0.3619		 -0.4129		 -0.5893		 -0.6076		 -0.6066		 -0.6705		 -0.8980		 -0.9886		 -1.0622		 -1.0642		 -0.9973		 -0.8676		 -0.7016		 -0.5225		 -0.3845		 -0.2632		 -0.1727		 -0.1049		 -0.0695		 -0.0429		 -0.0255		 -0.0232		 -0.0159		 -0.0123		 -0.0079		 -0.0068		 -0.0055		     NaN		
 0.150		 -0.0173		 -0.0257		 -0.0308		 -0.0410		 -0.0536		 -0.0672		 -0.0826		 -0.1043		 -0.1262		 -0.1466		 -0.1672		 -0.1900		 -0.2131		 -0.2407		 -0.2710		 -0.3042		 -0.3376		 -0.3884		 -0.4438		 -0.6251		 -0.6477		 -0.6541		 -0.7271		 -0.9610		 -1.0574		 -1.1358		 -1.1385		 -1.0677		 -0.9319		 -0.7577		 -0.5695		 -0.4213		 -0.2908		 -0.1929		 -0.1188		 -0.0786		 -0.0488		 -0.0295		 -0.0261		 -0.0181		 -0.0139		 -0.0092		 -0.0078		 -0.0062		     NaN		
 0.160		 -0.0185		 -0.0276		 -0.0331		 -0.0439		 -0.0573		 -0.0719		 -0.0886		 -0.1115		 -0.1349		 -0.1567		 -0.1789		 -0.2033		 -0.2281		 -0.2574		 -0.2900		 -0.3256		 -0.3612		 -0.4148		 -0.4746		 -0.6606		 -0.6874		 -0.7011		 -0.7831		 -1.0233		 -1.1255		 -1.2087		 -1.2124		 -1.1378		 -0.9961		 -0.8139		 -0.6170		 -0.4587		 -0.3189		 -0.2138		 -0.1332		 -0.0881		 -0.0550		 -0.0337		 -0.0291		 -0.0203		 -0.0157		 -0.0106		 -0.0089		 -0.0070		     NaN		
 0.170		 -0.0197		 -0.0294		 -0.0354		 -0.0469		 -0.0611		 -0.0766		 -0.0945		 -0.1188		 -0.1436		 -0.1668		 -0.1905		 -0.2166		 -0.2432		 -0.2740		 -0.3090		 -0.3469		 -0.3847		 -0.4411		 -0.5052		 -0.6960		 -0.7268		 -0.7475		 -0.8386		 -1.0849		 -1.1929		 -1.2808		 -1.2857		 -1.2076		 -1.0601		 -0.8703		 -0.6651		 -0.4968		 -0.3476		 -0.2354		 -0.1481		 -0.0980		 -0.0615		 -0.0382		 -0.0323		 -0.0228		 -0.0176		 -0.0121		 -0.0100		 -0.0079		     NaN		
 0.180		 -0.0209		 -0.0312		 -0.0377		 -0.0499		 -0.0649		 -0.0814		 -0.1004		 -0.1260		 -0.1523		 -0.1769		 -0.2022		 -0.2299		 -0.2581		 -0.2905		 -0.3278		 -0.3680		 -0.4082		 -0.4674		 -0.5357		 -0.7311		 -0.7661		 -0.7934		 -0.8934		 -1.1459		 -1.2598		 -1.3520		 -1.3585		 -1.2770		 -1.1241		 -0.9267		 -0.7136		 -0.5355		 -0.3768		 -0.2575		 -0.1635		 -0.1083		 -0.0684		 -0.0429		 -0.0358		 -0.0253		 -0.0196		 -0.0136		 -0.0112		 -0.0088		     NaN		
 0.190		 -0.0220		 -0.0331		 -0.0401		 -0.0529		 -0.0687		 -0.0861		 -0.1064		 -0.1333		 -0.1609		 -0.1870		 -0.2138		 -0.2431		 -0.2731		 -0.3070		 -0.3466		 -0.3890		 -0.4317		 -0.4938		 -0.5660		 -0.7660		 -0.8054		 -0.8390		 -0.9475		 -1.2063		 -1.3262		 -1.4224		 -1.4307		 -1.3462		 -1.1880		 -0.9832		 -0.7624		 -0.5747		 -0.4065		 -0.2801		 -0.1793		 -0.1190		 -0.0756		 -0.0478		 -0.0393		 -0.0280		 -0.0218		 -0.0153		 -0.0125		 -0.0097		     NaN		
 0.200		 -0.0232		 -0.0349		 -0.0424		 -0.0559		 -0.0725		 -0.0908		 -0.1123		 -0.1405		 -0.1696		 -0.1971		 -0.2254		 -0.2562		 -0.2879		 -0.3235		 -0.3652		 -0.4099		 -0.4551		 -0.5201		 -0.5962		 -0.8007		 -0.8446		 -0.8842		 -1.0010		 -1.2661		 -1.3920		 -1.4922		 -1.5023		 -1.4151		 -1.2518		 -1.0398		 -0.8114		 -0.6144		 -0.4367		 -0.3034		 -0.1956		 -0.1301		 -0.0831		 -0.0529		 -0.0431		 -0.0309		 -0.0240		 -0.0170		 -0.0139		 -0.0107		     NaN		
 0.210		 -0.0244		 -0.0367		 -0.0447		 -0.0588		 -0.0762		 -0.0955		 -0.1182		 -0.1478		 -0.1783		 -0.2071		 -0.2370		 -0.2693		 -0.3027		 -0.3399		 -0.3838		 -0.4307		 -0.4784		 -0.5464		 -0.6262		 -0.8353		 -0.8837		 -0.9290		 -1.0540		 -1.3253		 -1.4572		 -1.5615		 -1.5735		 -1.4838		 -1.3153		 -1.0965		 -0.8604		 -0.6544		 -0.4675		 -0.3271		 -0.2124		 -0.1416		 -0.0909		 -0.0583		 -0.0471		 -0.0339		 -0.0263		 -0.0188		 -0.0153		 -0.0118		     NaN		
 0.220		 -0.0256		 -0.0385		 -0.0471		 -0.0618		 -0.0800		 -0.1003		 -0.1241		 -0.1550		 -0.1869		 -0.2172		 -0.2486		 -0.2825		 -0.3175		 -0.3564		 -0.4022		 -0.4515		 -0.5015		 -0.5726		 -0.6560		 -0.8698		 -0.9227		 -0.9735		 -1.1064		 -1.3839		 -1.5218		 -1.6305		 -1.6444		 -1.5522		 -1.3787		 -1.1532		 -0.9092		 -0.6946		 -0.4987		 -0.3514		 -0.2295		 -0.1535		 -0.0990		 -0.0638		 -0.0512		 -0.0370		 -0.0288		 -0.0207		 -0.0168		 -0.0129		     NaN		
 0.230		 -0.0268		 -0.0403		 -0.0494		 -0.0648		 -0.0838		 -0.1050		 -0.1301		 -0.1623		 -0.1955		 -0.2273		 -0.2601		 -0.2956		 -0.3322		 -0.3729		 -0.4206		 -0.4721		 -0.5246		 -0.5987		 -0.6857		 -0.9042		 -0.9615		 -1.0177		 -1.1581		 -1.4419		 -1.5858		 -1.6992		 -1.7149		 -1.6204		 -1.4419		 -1.2101		 -0.9579		 -0.7350		 -0.5303		 -0.3761		 -0.2470		 -0.1657		 -0.1073		 -0.0696		 -0.0555		 -0.0403		 -0.0313		 -0.0227		 -0.0183		 -0.0140		     NaN		
 0.240		 -0.0280		 -0.0421		 -0.0517		 -0.0678		 -0.0875		 -0.1097		 -0.1360		 -0.1695		 -0.2041		 -0.2373		 -0.2717		 -0.3087		 -0.3470		 -0.3894		 -0.4388		 -0.4928		 -0.5475		 -0.6247		 -0.7153		 -0.9384		 -1.0002		 -1.0616		 -1.2093		 -1.4994		 -1.6491		 -1.7675		 -1.7851		 -1.6885		 -1.5052		 -1.2670		 -1.0064		 -0.7756		 -0.5624		 -0.4012		 -0.2650		 -0.1782		 -0.1160		 -0.0757		 -0.0599		 -0.0437		 -0.0340		 -0.0248		 -0.0200		 -0.0152		     NaN		
 0.250		 -0.0292		 -0.0440		 -0.0540		 -0.0708		 -0.0913		 -0.1145		 -0.1419		 -0.1767		 -0.2127		 -0.2473		 -0.2831		 -0.3219		 -0.3618		 -0.4059		 -0.4571		 -0.5133		 -0.5703		 -0.6505		 -0.7446		 -0.9724		 -1.0388		 -1.1051		 -1.2598		 -1.5563		 -1.7119		 -1.8355		 -1.8549		 -1.7563		 -1.5685		 -1.3240		 -1.0549		 -0.8165		 -0.5948		 -0.4266		 -0.2833		 -0.1911		 -0.1249		 -0.0819		 -0.0645		 -0.0472		 -0.0368		 -0.0269		 -0.0217		 -0.0165		     NaN		
 0.260		 -0.0304		 -0.0458		 -0.0564		 -0.0738		 -0.0950		 -0.1192		 -0.1478		 -0.1839		 -0.2213		 -0.2573		 -0.2946		 -0.3351		 -0.3765		 -0.4222		 -0.4752		 -0.5338		 -0.5930		 -0.6761		 -0.7739		 -1.0063		 -1.0771		 -1.1484		 -1.3099		 -1.6126		 -1.7741		 -1.9031		 -1.9242		 -1.8240		 -1.6317		 -1.3811		 -1.1035		 -0.8577		 -0.6277		 -0.4524		 -0.3019		 -0.2043		 -0.1340		 -0.0883		 -0.0693		 -0.0508		 -0.0397		 -0.0292		 -0.0234		 -0.0178		     NaN		
 0.270		 -0.0316		 -0.0476		 -0.0587		 -0.0768		 -0.0988		 -0.1239		 -0.1537		 -0.1911		 -0.2299		 -0.2672		 -0.3061		 -0.3482		 -0.3913		 -0.4386		 -0.4933		 -0.5542		 -0.6156		 -0.7017		 -0.8029		 -1.0399		 -1.1153		 -1.1914		 -1.3596		 -1.6684		 -1.8359		 -1.9701		 -1.9931		 -1.8913		 -1.6950		 -1.4383		 -1.1523		 -0.8992		 -0.6610		 -0.4784		 -0.3209		 -0.2178		 -0.1434		 -0.0949		 -0.0742		 -0.0546		 -0.0427		 -0.0315		 -0.0252		 -0.0191		     NaN		
 0.280		 -0.0328		 -0.0494		 -0.0610		 -0.0798		 -0.1026		 -0.1287		 -0.1596		 -0.1984		 -0.2385		 -0.2772		 -0.3175		 -0.3614		 -0.4061		 -0.4549		 -0.5114		 -0.5744		 -0.6381		 -0.7270		 -0.8318		 -1.0732		 -1.1533		 -1.2342		 -1.4090		 -1.7238		 -1.8972		 -2.0367		 -2.0615		 -1.9583		 -1.7583		 -1.4955		 -1.2012		 -0.9409		 -0.6946		 -0.5048		 -0.3402		 -0.2315		 -0.1530		 -0.1018		 -0.0793		 -0.0585		 -0.0458		 -0.0339		 -0.0271		 -0.0205		     NaN		
 0.290		 -0.0340		 -0.0512		 -0.0634		 -0.0828		 -0.1063		 -0.1334		 -0.1655		 -0.2056		 -0.2470		 -0.2871		 -0.3290		 -0.3745		 -0.4208		 -0.4712		 -0.5295		 -0.5946		 -0.6604		 -0.7522		 -0.8604		 -1.1063		 -1.1910		 -1.2767		 -1.4581		 -1.7788		 -1.9581		 -2.1028		 -2.1295		 -2.0250		 -1.8215		 -1.5528		 -1.2504		 -0.9830		 -0.7286		 -0.5314		 -0.3599		 -0.2455		 -0.1629		 -0.1088		 -0.0845		 -0.0625		 -0.0490		 -0.0364		 -0.0291		 -0.0220		     NaN		
 0.300		 -0.0352		 -0.0530		 -0.0657		 -0.0858		 -0.1101		 -0.1381		 -0.1714		 -0.2128		 -0.2556		 -0.2971		 -0.3404		 -0.3876		 -0.4355		 -0.4875		 -0.5475		 -0.6146		 -0.6827		 -0.7772		 -0.8889		 -1.1391		 -1.2285		 -1.3190		 -1.5070		 -1.8334		 -2.0185		 -2.1684		 -2.1971		 -2.0912		 -1.8846		 -1.6100		 -1.2998		 -1.0253		 -0.7629		 -0.5583		 -0.3799		 -0.2599		 -0.1730		 -0.1160		 -0.0900		 -0.0667		 -0.0523		 -0.0389		 -0.0311		 -0.0235		     NaN		
 0.310		 -0.0364		 -0.0549		 -0.0680		 -0.0887		 -0.1139		 -0.1429		 -0.1773		 -0.2200		 -0.2641		 -0.3070		 -0.3519		 -0.4006		 -0.4501		 -0.5037		 -0.5655		 -0.6346		 -0.7048		 -0.8022		 -0.9172		 -1.1717		 -1.2657		 -1.3610		 -1.5556		 -1.8878		 -2.0785		 -2.2334		 -2.2641		 -2.1570		 -1.9475		 -1.6674		 -1.3494		 -1.0679		 -0.7975		 -0.5854		 -0.4002		 -0.2745		 -0.1834		 -0.1234		 -0.0955		 -0.0710		 -0.0557		 -0.0416		 -0.0332		 -0.0250		     NaN		
 0.320		 -0.0376		 -0.0567		 -0.0704		 -0.0917		 -0.1177		 -0.1476		 -0.1832		 -0.2272		 -0.2727		 -0.3170		 -0.3634		 -0.4137		 -0.4646		 -0.5199		 -0.5835		 -0.6545		 -0.7269		 -0.8271		 -0.9453		 -1.2039		 -1.3027		 -1.4027		 -1.6038		 -1.9417		 -2.1380		 -2.2979		 -2.3306		 -2.2225		 -2.0103		 -1.7249		 -1.3993		 -1.1109		 -0.8325		 -0.6128		 -0.4207		 -0.2894		 -0.1940		 -0.1311		 -0.1012		 -0.0754		 -0.0592		 -0.0443		 -0.0353		 -0.0266		     NaN		
 0.330		 -0.0388		 -0.0585		 -0.0727		 -0.0947		 -0.1214		 -0.1523		 -0.1891		 -0.2344		 -0.2812		 -0.3269		 -0.3748		 -0.4267		 -0.4791		 -0.5360		 -0.6014		 -0.6743		 -0.7489		 -0.8519		 -0.9734		 -1.2359		 -1.3393		 -1.4442		 -1.6516		 -1.9954		 -2.1970		 -2.3618		 -2.3966		 -2.2877		 -2.0728		 -1.7825		 -1.4495		 -1.1542		 -0.8679		 -0.6405		 -0.4414		 -0.3046		 -0.2049		 -0.1389		 -0.1071		 -0.0799		 -0.0628		 -0.0471		 -0.0375		 -0.0283		     NaN		
 0.340		 -0.0400		 -0.0603		 -0.0750		 -0.0977		 -0.1252		 -0.1570		 -0.1950		 -0.2416		 -0.2897		 -0.3369		 -0.3862		 -0.4396		 -0.4935		 -0.5522		 -0.6193		 -0.6940		 -0.7709		 -0.8766		 -1.0013		 -1.2677		 -1.3757		 -1.4853		 -1.6991		 -2.0487		 -2.2556		 -2.4252		 -2.4620		 -2.3527		 -2.1351		 -1.8403		 -1.5001		 -1.1980		 -0.9035		 -0.6685		 -0.4624		 -0.3200		 -0.2159		 -0.1469		 -0.1131		 -0.0845		 -0.0665		 -0.0500		 -0.0397		 -0.0300		     NaN		
 0.350		 -0.0412		 -0.0621		 -0.0774		 -0.1007		 -0.1290		 -0.1618		 -0.2009		 -0.2487		 -0.2982		 -0.3468		 -0.3976		 -0.4525		 -0.5079		 -0.5682		 -0.6371		 -0.7137		 -0.7928		 -0.9012		 -1.0291		 -1.2991		 -1.4118		 -1.5260		 -1.7461		 -2.1017		 -2.3137		 -2.4881		 -2.5269		 -2.4173		 -2.1972		 -1.8982		 -1.5509		 -1.2422		 -0.9396		 -0.6968		 -0.4837		 -0.3357		 -0.2272		 -0.1551		 -0.1192		 -0.0893		 -0.0703		 -0.0529		 -0.0420		 -0.0317		     NaN		
 0.360		 -0.0424		 -0.0640		 -0.0797		 -0.1037		 -0.1328		 -0.1665		 -0.2068		 -0.2559		 -0.3068		 -0.3567		 -0.4090		 -0.4653		 -0.5222		 -0.5842		 -0.6549		 -0.7332		 -0.8147		 -0.9257		 -1.0568		 -1.3304		 -1.4475		 -1.5664		 -1.7928		 -2.1543		 -2.3713		 -2.5505		 -2.5913		 -2.4816		 -2.2591		 -1.9563		 -1.6022		 -1.2868		 -0.9760		 -0.7254		 -0.5052		 -0.3517		 -0.2387		 -0.1636		 -0.1255		 -0.0942		 -0.0742		 -0.0560		 -0.0444		 -0.0335		     NaN		
 0.370		 -0.0436		 -0.0658		 -0.0821		 -0.1067		 -0.1366		 -0.1712		 -0.2128		 -0.2631		 -0.3152		 -0.3666		 -0.4204		 -0.4781		 -0.5365		 -0.6002		 -0.6727		 -0.7527		 -0.8365		 -0.9501		 -1.0845		 -1.3615		 -1.4830		 -1.6066		 -1.8390		 -2.2065		 -2.4284		 -2.6125		 -2.6552		 -2.5457		 -2.3207		 -2.0145		 -1.6536		 -1.3318		 -1.0127		 -0.7543		 -0.5270		 -0.3678		 -0.2504		 -0.1722		 -0.1320		 -0.0992		 -0.0782		 -0.0591		 -0.0469		 -0.0354		     NaN		
 0.380		 -0.0448		 -0.0676		 -0.0844		 -0.1097		 -0.1404		 -0.1759		 -0.2187		 -0.2702		 -0.3237		 -0.3765		 -0.4317		 -0.4909		 -0.5508		 -0.6161		 -0.6904		 -0.7721		 -0.8583		 -0.9744		 -1.1120		 -1.3925		 -1.5182		 -1.6466		 -1.8848		 -2.2584		 -2.4850		 -2.6742		 -2.7186		 -2.6094		 -2.3822		 -2.0726		 -1.7052		 -1.3770		 -1.0499		 -0.7836		 -0.5491		 -0.3842		 -0.2624		 -0.1809		 -0.1386		 -0.1044		 -0.0822		 -0.0623		 -0.0494		 -0.0373		     NaN		
 0.390		 -0.0460		 -0.0695		 -0.0867		 -0.1127		 -0.1441		 -0.1806		 -0.2246		 -0.2774		 -0.3321		 -0.3863		 -0.4430		 -0.5036		 -0.5651		 -0.6320		 -0.7081		 -0.7915		 -0.8799		 -0.9987		 -1.1394		 -1.4234		 -1.5530		 -1.6863		 -1.9302		 -2.3099		 -2.5411		 -2.7355		 -2.7817		 -2.6729		 -2.4435		 -2.1307		 -1.7569		 -1.4224		 -1.0874		 -0.8131		 -0.5715		 -0.4009		 -0.2745		 -0.1899		 -0.1453		 -0.1096		 -0.0864		 -0.0656		 -0.0520		 -0.0392		     NaN		
 0.400		 -0.0472		 -0.0713		 -0.0891		 -0.1157		 -0.1479		 -0.1853		 -0.2305		 -0.2845		 -0.3406		 -0.3962		 -0.4543		 -0.5163		 -0.5794		 -0.6479		 -0.7257		 -0.8109		 -0.9015		 -1.0228		 -1.1666		 -1.4542		 -1.5876		 -1.7259		 -1.9751		 -2.3611		 -2.5969		 -2.7966		 -2.8445		 -2.7362		 -2.5045		 -2.1886		 -1.8086		 -1.4679		 -1.1251		 -0.8430		 -0.5943		 -0.4177		 -0.2867		 -0.1990		 -0.1522		 -0.1150		 -0.0906		 -0.0689		 -0.0546		 -0.0412		     NaN		
 0.410		 -0.0484		 -0.0731		 -0.0914		 -0.1187		 -0.1517		 -0.1900		 -0.2364		 -0.2917		 -0.3490		 -0.4060		 -0.4655		 -0.5290		 -0.5937		 -0.6638		 -0.7432		 -0.8303		 -0.9229		 -1.0468		 -1.1938		 -1.4849		 -1.6221		 -1.7654		 -2.0196		 -2.4119		 -2.6523		 -2.8573		 -2.9071		 -2.7994		 -2.5653		 -2.2464		 -1.8603		 -1.5134		 -1.1630		 -0.8732		 -0.6174		 -0.4348		 -0.2992		 -0.2083		 -0.1591		 -0.1205		 -0.0950		 -0.0723		 -0.0573		 -0.0432		     NaN		
 0.420		 -0.0496		 -0.0750		 -0.0938		 -0.1217		 -0.1554		 -0.1947		 -0.2424		 -0.2989		 -0.3575		 -0.4158		 -0.4768		 -0.5418		 -0.6079		 -0.6796		 -0.7606		 -0.8497		 -0.9442		 -1.0708		 -1.2208		 -1.5154		 -1.6563		 -1.8046		 -2.0638		 -2.4623		 -2.7074		 -2.9176		 -2.9694		 -2.8625		 -2.6259		 -2.3041		 -1.9120		 -1.5589		 -1.2009		 -0.9037		 -0.6407		 -0.4522		 -0.3119		 -0.2177		 -0.1663		 -0.1261		 -0.0994		 -0.0758		 -0.0601		 -0.0453		     NaN		
 0.430		 -0.0509		 -0.0768		 -0.0961		 -0.1247		 -0.1592		 -0.1994		 -0.2483		 -0.3060		 -0.3659		 -0.4256		 -0.4880		 -0.5545		 -0.6220		 -0.6953		 -0.7779		 -0.8690		 -0.9653		 -1.0946		 -1.2477		 -1.5458		 -1.6905		 -1.8438		 -2.1076		 -2.5124		 -2.7621		 -2.9774		 -3.0314		 -2.9255		 -2.6864		 -2.3616		 -1.9638		 -1.6044		 -1.2391		 -0.9346		 -0.6644		 -0.4697		 -0.3248		 -0.2272		 -0.1735		 -0.1319		 -0.1039		 -0.0794		 -0.0629		 -0.0474		     NaN		
 0.440		 -0.0521		 -0.0786		 -0.0985		 -0.1277		 -0.1630		 -0.2041		 -0.2541		 -0.3132		 -0.3743		 -0.4354		 -0.4992		 -0.5672		 -0.6361		 -0.7110		 -0.7952		 -0.8882		 -0.9864		 -1.1184		 -1.2744		 -1.5761		 -1.7245		 -1.8827		 -2.1513		 -2.5622		 -2.8165		 -3.0368		 -3.0930		 -2.9882		 -2.7466		 -2.4190		 -2.0157		 -1.6501		 -1.2774		 -0.9657		 -0.6884		 -0.4875		 -0.3379		 -0.2369		 -0.1809		 -0.1377		 -0.1085		 -0.0831		 -0.0658		 -0.0496		     NaN		
 0.450		 -0.0533		 -0.0805		 -0.1008		 -0.1307		 -0.1668		 -0.2088		 -0.2600		 -0.3203		 -0.3828		 -0.4452		 -0.5105		 -0.5799		 -0.6502		 -0.7267		 -0.8124		 -0.9074		 -1.0074		 -1.1422		 -1.3010		 -1.6063		 -1.7585		 -1.9215		 -2.1947		 -2.6115		 -2.8705		 -3.0957		 -3.1544		 -3.0507		 -2.8068		 -2.4764		 -2.0676		 -1.6958		 -1.3158		 -0.9971		 -0.7126		 -0.5055		 -0.3512		 -0.2467		 -0.1884		 -0.1436		 -0.1132		 -0.0868		 -0.0687		 -0.0518		     NaN		
 0.460		 -0.0545		 -0.0823		 -0.1032		 -0.1336		 -0.1705		 -0.2135		 -0.2659		 -0.3275		 -0.3912		 -0.4549		 -0.5217		 -0.5925		 -0.6642		 -0.7423		 -0.8296		 -0.9265		 -1.0283		 -1.1658		 -1.3274		 -1.6364		 -1.7922		 -1.9601		 -2.2380		 -2.6606		 -2.9241		 -3.1542		 -3.2154		 -3.1130		 -2.8669		 -2.5338		 -2.1197		 -1.7417		 -1.3544		 -1.0287		 -0.7370		 -0.5236		 -0.3646		 -0.2567		 -0.1961		 -0.1497		 -0.1180		 -0.0906		 -0.0717		 -0.0540		     NaN		
 0.470		 -0.0557		 -0.0841		 -0.1055		 -0.1366		 -0.1743		 -0.2181		 -0.2717		 -0.3346		 -0.3996		 -0.4646		 -0.5328		 -0.6052		 -0.6781		 -0.7579		 -0.8468		 -0.9456		 -1.0492		 -1.1893		 -1.3536		 -1.6664		 -1.8259		 -1.9986		 -2.2810		 -2.7092		 -2.9772		 -3.2123		 -3.2761		 -3.1750		 -2.9271		 -2.5911		 -2.1718		 -1.7877		 -1.3931		 -1.0603		 -0.7617		 -0.5420		 -0.3783		 -0.2669		 -0.2039		 -0.1558		 -0.1229		 -0.0945		 -0.0748		 -0.0563		     NaN		
 0.480		 -0.0569		 -0.0860		 -0.1079		 -0.1396		 -0.1781		 -0.2228		 -0.2775		 -0.3417		 -0.4080		 -0.4743		 -0.5440		 -0.6178		 -0.6921		 -0.7736		 -0.8640		 -0.9646		 -1.0699		 -1.2127		 -1.3796		 -1.6963		 -1.8594		 -2.0368		 -2.3239		 -2.7575		 -3.0300		 -3.2699		 -3.3366		 -3.2367		 -2.9873		 -2.6484		 -2.2241		 -1.8336		 -1.4320		 -1.0921		 -0.7866		 -0.5606		 -0.3922		 -0.2772		 -0.2118		 -0.1621		 -0.1279		 -0.0984		 -0.0779		 -0.0587		     NaN		
 0.490		 -0.0581		 -0.0878		 -0.1102		 -0.1426		 -0.1819		 -0.2275		 -0.2833		 -0.3488		 -0.4164		 -0.4839		 -0.5551		 -0.6304		 -0.7060		 -0.7891		 -0.8811		 -0.9836		 -1.0906		 -1.2360		 -1.4055		 -1.7260		 -1.8928		 -2.0748		 -2.3665		 -2.8055		 -3.0824		 -3.3272		 -3.3970		 -3.2981		 -3.0475		 -2.7056		 -2.2764		 -1.8796		 -1.4711		 -1.1241		 -0.8117		 -0.5793		 -0.4063		 -0.2876		 -0.2199		 -0.1684		 -0.1330		 -0.1024		 -0.0811		 -0.0610		     NaN		
 0.500		 -0.0593		 -0.0897		 -0.1126		 -0.1456		 -0.1857		 -0.2322		 -0.2891		 -0.3558		 -0.4248		 -0.4935		 -0.5662		 -0.6430		 -0.7198		 -0.8047		 -0.8983		 -1.0024		 -1.1111		 -1.2591		 -1.4312		 -1.7556		 -1.9260		 -2.1125		 -2.4090		 -2.8531		 -3.1345		 -3.3840		 -3.4572		 -3.3593		 -3.1076		 -2.7629		 -2.3288		 -1.9256		 -1.5103		 -1.1562		 -0.8370		 -0.5983		 -0.4205		 -0.2983		 -0.2280		 -0.1749		 -0.1382		 -0.1065		 -0.0844		 -0.0635		     NaN		
 0.510		 -0.0605		 -0.0915		 -0.1149		 -0.1486		 -0.1894		 -0.2369		 -0.2949		 -0.3629		 -0.4331		 -0.5031		 -0.5772		 -0.6555		 -0.7337		 -0.8201		 -0.9153		 -1.0212		 -1.1316		 -1.2821		 -1.4569		 -1.7850		 -1.9591		 -2.1499		 -2.4514		 -2.9003		 -3.1862		 -3.4404		 -3.5173		 -3.4202		 -3.1678		 -2.8202		 -2.3812		 -1.9717		 -1.5495		 -1.1884		 -0.8624		 -0.6175		 -0.4349		 -0.3091		 -0.2363		 -0.1815		 -0.1435		 -0.1107		 -0.0877		 -0.0660		     NaN		
 0.520		 -0.0617		 -0.0933		 -0.1173		 -0.1516		 -0.1932		 -0.2416		 -0.3006		 -0.3699		 -0.4415		 -0.5126		 -0.5883		 -0.6680		 -0.7475		 -0.8355		 -0.9324		 -1.0399		 -1.1521		 -1.3050		 -1.4824		 -1.8143		 -1.9921		 -2.1869		 -2.4936		 -2.9472		 -3.2375		 -3.4965		 -3.5772		 -3.4808		 -3.2278		 -2.8774		 -2.4337		 -2.0178		 -1.5890		 -1.2208		 -0.8881		 -0.6369		 -0.4495		 -0.3200		 -0.2448		 -0.1881		 -0.1488		 -0.1149		 -0.0911		 -0.0685		     NaN		
 0.530		 -0.0629		 -0.0952		 -0.1196		 -0.1546		 -0.1970		 -0.2463		 -0.3064		 -0.3769		 -0.4498		 -0.5222		 -0.5993		 -0.6804		 -0.7613		 -0.8509		 -0.9494		 -1.0586		 -1.1725		 -1.3277		 -1.5079		 -1.8434		 -2.0248		 -2.2237		 -2.5356		 -2.9938		 -3.2885		 -3.5522		 -3.6370		 -3.5412		 -3.2877		 -2.9346		 -2.4863		 -2.0640		 -1.6285		 -1.2534		 -0.9139		 -0.6566		 -0.4642		 -0.3311		 -0.2533		 -0.1949		 -0.1542		 -0.1192		 -0.0946		 -0.0711		     NaN		
 0.540		 -0.0642		 -0.0970		 -0.1220		 -0.1576		 -0.2008		 -0.2510		 -0.3122		 -0.3840		 -0.4580		 -0.5317		 -0.6103		 -0.6928		 -0.7751		 -0.8662		 -0.9663		 -1.0772		 -1.1928		 -1.3504		 -1.5332		 -1.8724		 -2.0574		 -2.2601		 -2.5774		 -3.0401		 -3.3392		 -3.6076		 -3.6965		 -3.6013		 -3.3475		 -2.9917		 -2.5388		 -2.1103		 -1.6682		 -1.2862		 -0.9400		 -0.6764		 -0.4790		 -0.3424		 -0.2620		 -0.2017		 -0.1597		 -0.1236		 -0.0981		 -0.0737		     NaN		
 0.550		 -0.0654		 -0.0989		 -0.1243		 -0.1606		 -0.2046		 -0.2557		 -0.3180		 -0.3910		 -0.4663		 -0.5412		 -0.6212		 -0.7052		 -0.7888		 -0.8815		 -0.9831		 -1.0958		 -1.2131		 -1.3729		 -1.5585		 -1.9013		 -2.0898		 -2.2962		 -2.6189		 -3.0860		 -3.3896		 -3.6628		 -3.7558		 -3.6611		 -3.4073		 -3.0487		 -2.5913		 -2.1569		 -1.7081		 -1.3190		 -0.9663		 -0.6964		 -0.4941		 -0.3538		 -0.2708		 -0.2087		 -0.1653		 -0.1281		 -0.1017		 -0.0763		     NaN		
 0.560		 -0.0666		 -0.1007		 -0.1267		 -0.1636		 -0.2083		 -0.2603		 -0.3238		 -0.3980		 -0.4746		 -0.5508		 -0.6322		 -0.7175		 -0.8025		 -0.8966		 -0.9999		 -1.1143		 -1.2333		 -1.3954		 -1.5837		 -1.9300		 -2.1221		 -2.3319		 -2.6601		 -3.1316		 -3.4397		 -3.7177		 -3.8149		 -3.7208		 -3.4669		 -3.1056		 -2.6437		 -2.2035		 -1.7481		 -1.3521		 -0.9928		 -0.7167		 -0.5092		 -0.3654		 -0.2797		 -0.2158		 -0.1710		 -0.1326		 -0.1053		 -0.0791		     NaN		
 0.570		 -0.0678		 -0.1026		 -0.1291		 -0.1666		 -0.2121		 -0.2650		 -0.3296		 -0.4050		 -0.4828		 -0.5603		 -0.6431		 -0.7298		 -0.8161		 -0.9117		 -1.0166		 -1.1327		 -1.2535		 -1.4179		 -1.6089		 -1.9586		 -2.1542		 -2.3674		 -2.7010		 -3.1769		 -3.4895		 -3.7722		 -3.8737		 -3.7802		 -3.5264		 -3.1624		 -2.6962		 -2.2504		 -1.7882		 -1.3854		 -1.0196		 -0.7371		 -0.5245		 -0.3771		 -0.2887		 -0.2229		 -0.1768		 -0.1372		 -0.1090		 -0.0818		     NaN		
 0.580		 -0.0690		 -0.1044		 -0.1314		 -0.1696		 -0.2159		 -0.2697		 -0.3355		 -0.4120		 -0.4911		 -0.5699		 -0.6539		 -0.7420		 -0.8297		 -0.9268		 -1.0332		 -1.1511		 -1.2737		 -1.4403		 -1.6340		 -1.9870		 -2.1861		 -2.4026		 -2.7416		 -3.2218		 -3.5390		 -3.8264		 -3.9321		 -3.8395		 -3.5858		 -3.2191		 -2.7486		 -2.2975		 -1.8285		 -1.4188		 -1.0465		 -0.7577		 -0.5400		 -0.3889		 -0.2978		 -0.2302		 -0.1826		 -0.1419		 -0.1128		 -0.0846		     NaN		
 0.590		 -0.0702		 -0.1063		 -0.1338		 -0.1726		 -0.2196		 -0.2744		 -0.3413		 -0.4190		 -0.4993		 -0.5794		 -0.6648		 -0.7543		 -0.8433		 -0.9418		 -1.0498		 -1.1695		 -1.2937		 -1.4627		 -1.6590		 -2.0154		 -2.2179		 -2.4377		 -2.7819		 -3.2664		 -3.5883		 -3.8803		 -3.9902		 -3.8986		 -3.6451		 -3.2758		 -2.8011		 -2.3447		 -1.8689		 -1.4523		 -1.0736		 -0.7785		 -0.5556		 -0.4008		 -0.3071		 -0.2375		 -0.1886		 -0.1466		 -0.1166		 -0.0875		     NaN		
 0.600		 -0.0715		 -0.1081		 -0.1361		 -0.1756		 -0.2234		 -0.2790		 -0.3471		 -0.4260		 -0.5075		 -0.5889		 -0.6757		 -0.7666		 -0.8568		 -0.9568		 -1.0663		 -1.1878		 -1.3137		 -1.4851		 -1.6840		 -2.0436		 -2.2496		 -2.4726		 -2.8219		 -3.3107		 -3.6372		 -3.9338		 -4.0480		 -3.9574		 -3.7044		 -3.3325		 -2.8537		 -2.3921		 -1.9095		 -1.4860		 -1.1009		 -0.7995		 -0.5713		 -0.4129		 -0.3165		 -0.2449		 -0.1946		 -0.1515		 -0.1204		 -0.0903		     NaN		
 0.610		 -0.0727		 -0.1100		 -0.1385		 -0.1786		 -0.2272		 -0.2837		 -0.3529		 -0.4330		 -0.5158		 -0.5984		 -0.6865		 -0.7788		 -0.8703		 -0.9718		 -1.0827		 -1.2061		 -1.3336		 -1.5075		 -1.7089		 -2.0717		 -2.2811		 -2.5072		 -2.8617		 -3.3546		 -3.6858		 -3.9870		 -4.1055		 -4.0161		 -3.7635		 -3.3891		 -2.9063		 -2.4395		 -1.9503		 -1.5198		 -1.1283		 -0.8206		 -0.5872		 -0.4250		 -0.3260		 -0.2524		 -0.2007		 -0.1564		 -0.1243		 -0.0933		     NaN		
 0.620		 -0.0739		 -0.1118		 -0.1408		 -0.1816		 -0.2309		 -0.2884		 -0.3587		 -0.4400		 -0.5240		 -0.6079		 -0.6973		 -0.7910		 -0.8837		 -0.9867		 -1.0991		 -1.2243		 -1.3534		 -1.5298		 -1.7336		 -2.0997		 -2.3124		 -2.5417		 -2.9012		 -3.3983		 -3.7341		 -4.0400		 -4.1627		 -4.0745		 -3.8225		 -3.4458		 -2.9590		 -2.4870		 -1.9913		 -1.5539		 -1.1559		 -0.8419		 -0.6032		 -0.4373		 -0.3356		 -0.2601		 -0.2069		 -0.1614		 -0.1283		 -0.0963		     NaN		
 0.630		 -0.0751		 -0.1136		 -0.1432		 -0.1846		 -0.2347		 -0.2930		 -0.3644		 -0.4469		 -0.5322		 -0.6174		 -0.7081		 -0.8033		 -0.8971		 -1.0016		 -1.1154		 -1.2424		 -1.3732		 -1.5521		 -1.7583		 -2.1276		 -2.3435		 -2.5760		 -2.9405		 -3.4417		 -3.7821		 -4.0927		 -4.2197		 -4.1326		 -3.8813		 -3.5026		 -3.0118		 -2.5346		 -2.0326		 -1.5881		 -1.1836		 -0.8633		 -0.6195		 -0.4497		 -0.3453		 -0.2678		 -0.2132		 -0.1664		 -0.1323		 -0.0993		     NaN		
 0.640		 -0.0763		 -0.1155		 -0.1455		 -0.1876		 -0.2385		 -0.2977		 -0.3702		 -0.4539		 -0.5404		 -0.6268		 -0.7188		 -0.8154		 -0.9105		 -1.0165		 -1.1317		 -1.2605		 -1.3929		 -1.5743		 -1.7828		 -2.1554		 -2.3744		 -2.6102		 -2.9795		 -3.4849		 -3.8297		 -4.1451		 -4.2763		 -4.1903		 -3.9399		 -3.5592		 -3.0647		 -2.5823		 -2.0741		 -1.6226		 -1.2116		 -0.8848		 -0.6358		 -0.4622		 -0.3552		 -0.2756		 -0.2196		 -0.1715		 -0.1363		 -0.1024		     NaN		
 0.650		 -0.0776		 -0.1173		 -0.1479		 -0.1906		 -0.2422		 -0.3023		 -0.3760		 -0.4608		 -0.5485		 -0.6363		 -0.7295		 -0.8276		 -0.9238		 -1.0313		 -1.1480		 -1.2785		 -1.4125		 -1.5963		 -1.8072		 -2.1830		 -2.4050		 -2.6442		 -3.0183		 -3.5278		 -3.8769		 -4.1974		 -4.3326		 -4.2478		 -3.9983		 -3.6159		 -3.1178		 -2.6302		 -2.1160		 -1.6573		 -1.2398		 -0.9064		 -0.6524		 -0.4748		 -0.3651		 -0.2835		 -0.2260		 -0.1767		 -0.1405		 -0.1055		     NaN		
 0.660		 -0.0788		 -0.1192		 -0.1502		 -0.1936		 -0.2460		 -0.3070		 -0.3818		 -0.4678		 -0.5567		 -0.6457		 -0.7403		 -0.8398		 -0.9372		 -1.0461		 -1.1642		 -1.2965		 -1.4320		 -1.6183		 -1.8315		 -2.2104		 -2.4354		 -2.6780		 -3.0569		 -3.5705		 -3.9239		 -4.2494		 -4.3886		 -4.3049		 -4.0566		 -3.6725		 -3.1709		 -2.6783		 -2.1581		 -1.6923		 -1.2682		 -0.9281		 -0.6691		 -0.4876		 -0.3752		 -0.2915		 -0.2326		 -0.1819		 -0.1446		 -0.1086		     NaN		
 0.670		 -0.0800		 -0.1210		 -0.1526		 -0.1966		 -0.2497		 -0.3116		 -0.3875		 -0.4747		 -0.5649		 -0.6551		 -0.7509		 -0.8519		 -0.9505		 -1.0608		 -1.1805		 -1.3145		 -1.4515		 -1.6401		 -1.8557		 -2.2377		 -2.4656		 -2.7116		 -3.0953		 -3.6128		 -3.9706		 -4.3012		 -4.4441		 -4.3618		 -4.1146		 -3.7289		 -3.2241		 -2.7265		 -2.2004		 -1.7276		 -1.2968		 -0.9500		 -0.6860		 -0.5005		 -0.3854		 -0.2996		 -0.2393		 -0.1872		 -0.1489		 -0.1118		     NaN		
 0.680		 -0.0812		 -0.1229		 -0.1550		 -0.1996		 -0.2535		 -0.3163		 -0.3933		 -0.4816		 -0.5731		 -0.6645		 -0.7616		 -0.8640		 -0.9638		 -1.0755		 -1.1967		 -1.3324		 -1.4710		 -1.6618		 -1.8798		 -2.2648		 -2.4955		 -2.7449		 -3.1334		 -3.6548		 -4.0171		 -4.3527		 -4.4994		 -4.4184		 -4.1724		 -3.7853		 -3.2774		 -2.7749		 -2.2429		 -1.7631		 -1.3256		 -0.9720		 -0.7031		 -0.5135		 -0.3956		 -0.3078		 -0.2460		 -0.1926		 -0.1532		 -0.1151		     NaN		
 0.690		 -0.0825		 -0.1247		 -0.1573		 -0.2026		 -0.2572		 -0.3209		 -0.3990		 -0.4885		 -0.5812		 -0.6739		 -0.7722		 -0.8761		 -0.9771		 -1.0902		 -1.2129		 -1.3502		 -1.4904		 -1.6834		 -1.9038		 -2.2917		 -2.5252		 -2.7781		 -3.1714		 -3.6966		 -4.0634		 -4.4040		 -4.5543		 -4.4747		 -4.2301		 -3.8417		 -3.3307		 -2.8235		 -2.2857		 -1.7988		 -1.3545		 -0.9942		 -0.7203		 -0.5266		 -0.4060		 -0.3161		 -0.2528		 -0.1980		 -0.1576		 -0.1184		     NaN		
 0.700		 -0.0837		 -0.1266		 -0.1597		 -0.2056		 -0.2609		 -0.3256		 -0.4048		 -0.4954		 -0.5894		 -0.6832		 -0.7829		 -0.8882		 -0.9904		 -1.1049		 -1.2290		 -1.3680		 -1.5097		 -1.7048		 -1.9277		 -2.3185		 -2.5547		 -2.8111		 -3.2091		 -3.7381		 -4.1095		 -4.4550		 -4.6088		 -4.5307		 -4.2875		 -3.8980		 -3.3841		 -2.8722		 -2.3286		 -1.8348		 -1.3835		 -1.0165		 -0.7376		 -0.5399		 -0.4164		 -0.3245		 -0.2597		 -0.2035		 -0.1620		 -0.1217		     NaN		
 0.710		 -0.0849		 -0.1284		 -0.1620		 -0.2086		 -0.2647		 -0.3302		 -0.4105		 -0.5024		 -0.5975		 -0.6926		 -0.7935		 -0.9002		 -1.0036		 -1.1195		 -1.2451		 -1.3857		 -1.5289		 -1.7261		 -1.9516		 -2.3452		 -2.5840		 -2.8440		 -3.2467		 -3.7793		 -4.1553		 -4.5057		 -4.6630		 -4.5864		 -4.3447		 -3.9544		 -3.4375		 -2.9212		 -2.3717		 -1.8709		 -1.4124		 -1.0391		 -0.7551		 -0.5533		 -0.4270		 -0.3329		 -0.2667		 -0.2091		 -0.1665		 -0.1251		     NaN		
 0.720		 -0.0861		 -0.1303		 -0.1644		 -0.2116		 -0.2684		 -0.3348		 -0.4162		 -0.5093		 -0.6056		 -0.7019		 -0.8041		 -0.9121		 -1.0169		 -1.1340		 -1.2612		 -1.4033		 -1.5481		 -1.7473		 -1.9753		 -2.3717		 -2.6132		 -2.8767		 -3.2842		 -3.8203		 -4.2009		 -4.5560		 -4.7168		 -4.6418		 -4.4017		 -4.0108		 -3.4909		 -2.9702		 -2.4149		 -1.9073		 -1.4414		 -1.0618		 -0.7727		 -0.5668		 -0.4377		 -0.3415		 -0.2737		 -0.2147		 -0.1710		 -0.1285		     NaN		
 0.730		 -0.0874		 -0.1321		 -0.1667		 -0.2146		 -0.2722		 -0.3395		 -0.4219		 -0.5162		 -0.6137		 -0.7112		 -0.8147		 -0.9240		 -1.0301		 -1.1485		 -1.2773		 -1.4209		 -1.5672		 -1.7684		 -1.9990		 -2.3981		 -2.6423		 -2.9093		 -3.3215		 -3.8610		 -4.2461		 -4.6059		 -4.7703		 -4.6969		 -4.4584		 -4.0672		 -3.5444		 -3.0194		 -2.4584		 -1.9439		 -1.4705		 -1.0847		 -0.7904		 -0.5804		 -0.4485		 -0.3501		 -0.2809		 -0.2204		 -0.1756		 -0.1320		     NaN		
 0.740		 -0.0886		 -0.1340		 -0.1691		 -0.2176		 -0.2759		 -0.3441		 -0.4276		 -0.5231		 -0.6218		 -0.7205		 -0.8253		 -0.9359		 -1.0433		 -1.1630		 -1.2933		 -1.4384		 -1.5862		 -1.7893		 -2.0226		 -2.4244		 -2.6713		 -2.9418		 -3.3586		 -3.9016		 -4.2911		 -4.6554		 -4.8235		 -4.7517		 -4.5149		 -4.1236		 -3.5979		 -3.0687		 -2.5020		 -1.9806		 -1.4996		 -1.1077		 -0.8082		 -0.5942		 -0.4594		 -0.3588		 -0.2881		 -0.2262		 -0.1802		 -0.1355		     NaN		
 0.750		 -0.0898		 -0.1359		 -0.1714		 -0.2206		 -0.2796		 -0.3487		 -0.4334		 -0.5300		 -0.6299		 -0.7297		 -0.8359		 -0.9477		 -1.0564		 -1.1774		 -1.3092		 -1.4558		 -1.6052		 -1.8101		 -2.0461		 -2.4506		 -2.7003		 -2.9743		 -3.3955		 -3.9419		 -4.3358		 -4.7044		 -4.8763		 -4.8062		 -4.5712		 -4.1801		 -3.6515		 -3.1180		 -2.5458		 -2.0174		 -1.5289		 -1.1309		 -0.8262		 -0.6080		 -0.4704		 -0.3677		 -0.2954		 -0.2320		 -0.1849		 -0.1391		     NaN		
 0.760		 -0.0910		 -0.1377		 -0.1738		 -0.2236		 -0.2834		 -0.3533		 -0.4391		 -0.5369		 -0.6380		 -0.7390		 -0.8465		 -0.9595		 -1.0695		 -1.1918		 -1.3251		 -1.4732		 -1.6240		 -1.8308		 -2.0694		 -2.4767		 -2.7292		 -3.0067		 -3.4323		 -3.9820		 -4.3801		 -4.7531		 -4.9289		 -4.8603		 -4.6274		 -4.2366		 -3.7053		 -3.1674		 -2.5899		 -2.0544		 -1.5582		 -1.1542		 -0.8442		 -0.6220		 -0.4815		 -0.3766		 -0.3027		 -0.2379		 -0.1897		 -0.1427		     NaN		
 0.770		 -0.0923		 -0.1396		 -0.1762		 -0.2265		 -0.2871		 -0.3580		 -0.4448		 -0.5438		 -0.6461		 -0.7482		 -0.8570		 -0.9713		 -1.0826		 -1.2062		 -1.3408		 -1.4904		 -1.6428		 -1.8514		 -2.0927		 -2.5028		 -2.7580		 -3.0389		 -3.4690		 -4.0219		 -4.4242		 -4.8013		 -4.9811		 -4.9141		 -4.6835		 -4.2930		 -3.7590		 -3.2168		 -2.6342		 -2.0914		 -1.5876		 -1.1777		 -0.8623		 -0.6361		 -0.4928		 -0.3855		 -0.3102		 -0.2439		 -0.1944		 -0.1464		     NaN		
 0.780		 -0.0935		 -0.1414		 -0.1785		 -0.2295		 -0.2908		 -0.3626		 -0.4505		 -0.5507		 -0.6541		 -0.7575		 -0.8676		 -0.9831		 -1.0957		 -1.2205		 -1.3566		 -1.5075		 -1.6615		 -1.8720		 -2.1159		 -2.5287		 -2.7867		 -3.0710		 -3.5054		 -4.0615		 -4.4678		 -4.8492		 -5.0332		 -4.9675		 -4.7395		 -4.3496		 -3.8129		 -3.2662		 -2.6787		 -2.1285		 -1.6172		 -1.2013		 -0.8806		 -0.6503		 -0.5041		 -0.3946		 -0.3177		 -0.2500		 -0.1993		 -0.1501		     NaN		
 0.790		 -0.0947		 -0.1433		 -0.1809		 -0.2325		 -0.2946		 -0.3672		 -0.4562		 -0.5576		 -0.6621		 -0.7667		 -0.8781		 -0.9948		 -1.1086		 -1.2348		 -1.3722		 -1.5246		 -1.6803		 -1.8924		 -2.1390		 -2.5546		 -2.8154		 -3.1029		 -3.5416		 -4.1007		 -4.5112		 -4.8968		 -5.0849		 -5.0208		 -4.7955		 -4.4061		 -3.8668		 -3.3156		 -2.7233		 -2.1658		 -1.6469		 -1.2251		 -0.8991		 -0.6646		 -0.5156		 -0.4037		 -0.3253		 -0.2561		 -0.2042		 -0.1538		     NaN		
 0.800		 -0.0960		 -0.1451		 -0.1832		 -0.2355		 -0.2983		 -0.3718		 -0.4619		 -0.5644		 -0.6701		 -0.7759		 -0.8887		 -1.0065		 -1.1216		 -1.2490		 -1.3878		 -1.5416		 -1.6990		 -1.9129		 -2.1620		 -2.5803		 -2.8439		 -3.1347		 -3.5776		 -4.1396		 -4.5542		 -4.9440		 -5.1364		 -5.0738		 -4.8515		 -4.4626		 -3.9208		 -3.3650		 -2.7681		 -2.2032		 -1.6767		 -1.2490		 -0.9176		 -0.6790		 -0.5272		 -0.4130		 -0.3329		 -0.2623		 -0.2092		 -0.1576		     NaN		
 0.810		 -0.0972		 -0.1470		 -0.1856		 -0.2385		 -0.3021		 -0.3764		 -0.4676		 -0.5713		 -0.6781		 -0.7850		 -0.8992		 -1.0181		 -1.1345		 -1.2632		 -1.4033		 -1.5585		 -1.7176		 -1.9333		 -2.1850		 -2.6059		 -2.8723		 -3.1663		 -3.6134		 -4.1781		 -4.5970		 -4.9910		 -5.1877		 -5.1267		 -4.9074		 -4.5192		 -3.9748		 -3.4145		 -2.8130		 -2.2407		 -1.7067		 -1.2730		 -0.9364		 -0.6935		 -0.5388		 -0.4223		 -0.3406		 -0.2686		 -0.2142		 -0.1614		     NaN		
 0.820		 -0.0984		 -0.1488		 -0.1879		 -0.2415		 -0.3058		 -0.3810		 -0.4733		 -0.5781		 -0.6861		 -0.7942		 -0.9097		 -1.0297		 -1.1474		 -1.2773		 -1.4188		 -1.5753		 -1.7363		 -1.9537		 -2.2078		 -2.6314		 -2.9006		 -3.1978		 -3.6488		 -4.2164		 -4.6395		 -5.0377		 -5.2386		 -5.1795		 -4.9633		 -4.5757		 -4.0287		 -3.4639		 -2.8578		 -2.2783		 -1.7368		 -1.2972		 -0.9552		 -0.7082		 -0.5506		 -0.4317		 -0.3484		 -0.2749		 -0.2192		 -0.1653		     NaN		
 0.830		 -0.0996		 -0.1507		 -0.1903		 -0.2445		 -0.3096		 -0.3856		 -0.4790		 -0.5849		 -0.6941		 -0.8033		 -0.9201		 -1.0413		 -1.1602		 -1.2914		 -1.4342		 -1.5922		 -1.7549		 -1.9740		 -2.2306		 -2.6567		 -2.9286		 -3.2291		 -3.6840		 -4.2544		 -4.6818		 -5.0844		 -5.2894		 -5.2322		 -5.0191		 -4.6321		 -4.0824		 -3.5134		 -2.9027		 -2.3161		 -1.7670		 -1.3216		 -0.9743		 -0.7230		 -0.5624		 -0.4412		 -0.3563		 -0.2814		 -0.2244		 -0.1692		     NaN		
 0.840		 -0.1009		 -0.1525		 -0.1927		 -0.2475		 -0.3133		 -0.3902		 -0.4847		 -0.5917		 -0.7021		 -0.8124		 -0.9306		 -1.0528		 -1.1729		 -1.3055		 -1.4495		 -1.6089		 -1.7734		 -1.9944		 -2.2532		 -2.6819		 -2.9566		 -3.2601		 -3.7189		 -4.2923		 -4.7239		 -5.1309		 -5.3399		 -5.2849		 -5.0746		 -4.6884		 -4.1360		 -3.5629		 -2.9475		 -2.3539		 -1.7975		 -1.3461		 -0.9935		 -0.7379		 -0.5744		 -0.4508		 -0.3642		 -0.2879		 -0.2296		 -0.1731		     NaN		
 0.850		 -0.1021		 -0.1544		 -0.1950		 -0.2505		 -0.3170		 -0.3948		 -0.4904		 -0.5985		 -0.7100		 -0.8215		 -0.9410		 -1.0643		 -1.1857		 -1.3195		 -1.4648		 -1.6257		 -1.7920		 -2.0148		 -2.2757		 -2.7069		 -2.9844		 -3.2910		 -3.7535		 -4.3301		 -4.7659		 -5.1773		 -5.3901		 -5.3375		 -5.1299		 -4.7445		 -4.1895		 -3.6125		 -2.9924		 -2.3920		 -1.8281		 -1.3707		 -1.0128		 -0.7530		 -0.5864		 -0.4605		 -0.3721		 -0.2944		 -0.2348		 -0.1770		     NaN		
 0.860		 -0.1033		 -0.1562		 -0.1974		 -0.2534		 -0.3207		 -0.3994		 -0.4960		 -0.6052		 -0.7180		 -0.8306		 -0.9514		 -1.0758		 -1.1984		 -1.3335		 -1.4800		 -1.6424		 -1.8105		 -2.0350		 -2.2980		 -2.7318		 -3.0122		 -3.3216		 -3.7878		 -4.3677		 -4.8077		 -5.2236		 -5.4400		 -5.3899		 -5.1850		 -4.8004		 -4.2429		 -3.6622		 -3.0372		 -2.4302		 -1.8589		 -1.3955		 -1.0323		 -0.7682		 -0.5986		 -0.4704		 -0.3802		 -0.3010		 -0.2401		 -0.1810		     NaN		
 0.870		 -0.1046		 -0.1581		 -0.1997		 -0.2564		 -0.3245		 -0.4040		 -0.5017		 -0.6120		 -0.7259		 -0.8397		 -0.9617		 -1.0872		 -1.2110		 -1.3474		 -1.4952		 -1.6590		 -1.8290		 -2.0553		 -2.3203		 -2.7566		 -3.0397		 -3.3521		 -3.8219		 -4.4053		 -4.8492		 -5.2696		 -5.4897		 -5.4423		 -5.2398		 -4.8560		 -4.2961		 -3.7120		 -3.0821		 -2.4685		 -1.8899		 -1.4205		 -1.0520		 -0.7835		 -0.6108		 -0.4803		 -0.3883		 -0.3077		 -0.2455		 -0.1850		     NaN		
 0.880		 -0.1058		 -0.1599		 -0.2021		 -0.2594		 -0.3282		 -0.4086		 -0.5073		 -0.6187		 -0.7339		 -0.8488		 -0.9721		 -1.0986		 -1.2237		 -1.3613		 -1.5104		 -1.6756		 -1.8474		 -2.0754		 -2.3425		 -2.7812		 -3.0672		 -3.3822		 -3.8558		 -4.4427		 -4.8906		 -5.3154		 -5.5392		 -5.4945		 -5.2943		 -4.9115		 -4.3493		 -3.7619		 -3.1270		 -2.5070		 -1.9211		 -1.4456		 -1.0717		 -0.7990		 -0.6231		 -0.4904		 -0.3965		 -0.3144		 -0.2509		 -0.1891		     NaN		
 0.890		 -0.1070		 -0.1618		 -0.2045		 -0.2624		 -0.3319		 -0.4131		 -0.5130		 -0.6255		 -0.7418		 -0.8579		 -0.9824		 -1.1100		 -1.2363		 -1.3752		 -1.5256		 -1.6921		 -1.8657		 -2.0954		 -2.3646		 -2.8058		 -3.0945		 -3.4121		 -3.8896		 -4.4799		 -4.9318		 -5.3610		 -5.5885		 -5.5464		 -5.3485		 -4.9666		 -4.4023		 -3.8119		 -3.1719		 -2.5457		 -1.9525		 -1.4709		 -1.0916		 -0.8146		 -0.6355		 -0.5006		 -0.4047		 -0.3212		 -0.2563		 -0.1932		     NaN		
 0.900		 -0.1082		 -0.1636		 -0.2068		 -0.2654		 -0.3356		 -0.4177		 -0.5186		 -0.6322		 -0.7497		 -0.8669		 -0.9927		 -1.1214		 -1.2489		 -1.3890		 -1.5407		 -1.7086		 -1.8840		 -2.1154		 -2.3867		 -2.8303		 -3.1218		 -3.4419		 -3.9233		 -4.5170		 -4.9728		 -5.4063		 -5.6376		 -5.5980		 -5.4024		 -5.0215		 -4.4553		 -3.8620		 -3.2169		 -2.5845		 -1.9841		 -1.4964		 -1.1116		 -0.8303		 -0.6481		 -0.5109		 -0.4131		 -0.3280		 -0.2618		 -0.1974		     NaN		
 0.910		 -0.1095		 -0.1655		 -0.2092		 -0.2684		 -0.3393		 -0.4223		 -0.5243		 -0.6390		 -0.7576		 -0.8760		 -1.0030		 -1.1328		 -1.2615		 -1.4028		 -1.5558		 -1.7251		 -1.9022		 -2.1352		 -2.4087		 -2.8548		 -3.1489		 -3.4714		 -3.9568		 -4.5539		 -5.0136		 -5.4514		 -5.6864		 -5.6494		 -5.4560		 -5.0760		 -4.5081		 -3.9121		 -3.2621		 -2.6236		 -2.0159		 -1.5221		 -1.1317		 -0.8462		 -0.6607		 -0.5212		 -0.4215		 -0.3349		 -0.2674		 -0.2015		     NaN		
 0.920		 -0.1107		 -0.1673		 -0.2115		 -0.2713		 -0.3430		 -0.4269		 -0.5299		 -0.6457		 -0.7655		 -0.8850		 -1.0132		 -1.1441		 -1.2741		 -1.4165		 -1.5708		 -1.7416		 -1.9203		 -2.1550		 -2.4307		 -2.8791		 -3.1760		 -3.5008		 -3.9902		 -4.5905		 -5.0542		 -5.4961		 -5.7350		 -5.7004		 -5.5093		 -5.1303		 -4.5609		 -3.9622		 -3.3073		 -2.6628		 -2.0480		 -1.5479		 -1.1519		 -0.8621		 -0.6734		 -0.5317		 -0.4299		 -0.3418		 -0.2730		 -0.2058		     NaN		
 0.930		 -0.1119		 -0.1692		 -0.2139		 -0.2743		 -0.3468		 -0.4314		 -0.5355		 -0.6524		 -0.7734		 -0.8940		 -1.0234		 -1.1554		 -1.2867		 -1.4302		 -1.5858		 -1.7580		 -1.9384		 -2.1748		 -2.4526		 -2.9035		 -3.2030		 -3.5301		 -4.0235		 -4.6270		 -5.0946		 -5.5405		 -5.7834		 -5.7512		 -5.5623		 -5.1844		 -4.6136		 -4.0123		 -3.3526		 -2.7022		 -2.0802		 -1.5739		 -1.1723		 -0.8781		 -0.6863		 -0.5422		 -0.4385		 -0.3488		 -0.2787		 -0.2101		     NaN		
 0.940		 -0.1132		 -0.1711		 -0.2162		 -0.2773		 -0.3505		 -0.4360		 -0.5412		 -0.6591		 -0.7813		 -0.9030		 -1.0336		 -1.1667		 -1.2992		 -1.4439		 -1.6007		 -1.7743		 -1.9564		 -2.1944		 -2.4744		 -2.9277		 -3.2299		 -3.5592		 -4.0566		 -4.6633		 -5.1347		 -5.5846		 -5.8316		 -5.8017		 -5.6150		 -5.2382		 -4.6662		 -4.0624		 -3.3979		 -2.7418		 -2.1127		 -1.6001		 -1.1928		 -0.8942		 -0.6992		 -0.5527		 -0.4471		 -0.3558		 -0.2844		 -0.2144		     NaN		
 0.950		 -0.1144		 -0.1729		 -0.2186		 -0.2803		 -0.3542		 -0.4406		 -0.5468		 -0.6658		 -0.7891		 -0.9120		 -1.0438		 -1.1780		 -1.3118		 -1.4575		 -1.6155		 -1.7907		 -1.9744		 -2.2140		 -2.4961		 -2.9520		 -3.2566		 -3.5883		 -4.0896		 -4.6993		 -5.1747		 -5.6283		 -5.8795		 -5.8521		 -5.6676		 -5.2919		 -4.7189		 -4.1124		 -3.4433		 -2.7815		 -2.1452		 -1.6263		 -1.2134		 -0.9104		 -0.7123		 -0.5633		 -0.4558		 -0.3629		 -0.2901		 -0.2188		     NaN		
 0.960		 -0.1156		 -0.1748		 -0.2210		 -0.2833		 -0.3579		 -0.4451		 -0.5524		 -0.6725		 -0.7969		 -0.9209		 -1.0539		 -1.1892		 -1.3243		 -1.4712		 -1.6303		 -1.8070		 -1.9922		 -2.2335		 -2.5177		 -2.9761		 -3.2833		 -3.6173		 -4.1224		 -4.7351		 -5.2144		 -5.6718		 -5.9273		 -5.9023		 -5.7200		 -5.3456		 -4.7717		 -4.1623		 -3.4888		 -2.8213		 -2.1779		 -1.6527		 -1.2341		 -0.9266		 -0.7254		 -0.5740		 -0.4646		 -0.3701		 -0.2959		 -0.2233		     NaN		
 0.970		 -0.1168		 -0.1766		 -0.2233		 -0.2862		 -0.3616		 -0.4497		 -0.5580		 -0.6792		 -0.8048		 -0.9299		 -1.0640		 -1.2005		 -1.3368		 -1.4849		 -1.6451		 -1.8233		 -2.0100		 -2.2530		 -2.5392		 -3.0003		 -3.3098		 -3.6463		 -4.1550		 -4.7706		 -5.2539		 -5.7149		 -5.9748		 -5.9523		 -5.7724		 -5.3992		 -4.8245		 -4.2122		 -3.5343		 -2.8612		 -2.2106		 -1.6792		 -1.2549		 -0.9430		 -0.7387		 -0.5848		 -0.4735		 -0.3773		 -0.3018		 -0.2278		     NaN		
 0.980		 -0.1181		 -0.1785		 -0.2257		 -0.2892		 -0.3653		 -0.4542		 -0.5635		 -0.6859		 -0.8126		 -0.9388		 -1.0741		 -1.2118		 -1.3493		 -1.4985		 -1.6597		 -1.8395		 -2.0278		 -2.2724		 -2.5606		 -3.0243		 -3.3361		 -3.6751		 -4.1875		 -4.8059		 -5.2932		 -5.7577		 -6.0222		 -6.0022		 -5.8247		 -5.4527		 -4.8775		 -4.2621		 -3.5799		 -2.9011		 -2.2434		 -1.7058		 -1.2758		 -0.9595		 -0.7520		 -0.5956		 -0.4824		 -0.3846		 -0.3077		 -0.2323		     NaN		
 0.990		 -0.1193		 -0.1803		 -0.2280		 -0.2922		 -0.3690		 -0.4588		 -0.5691		 -0.6925		 -0.8204		 -0.9477		 -1.0841		 -1.2230		 -1.3618		 -1.5121		 -1.6743		 -1.8557		 -2.0454		 -2.2917		 -2.5820		 -3.0484		 -3.3623		 -3.7038		 -4.2197		 -4.8410		 -5.3321		 -5.8002		 -6.0693		 -6.0519		 -5.8769		 -5.5063		 -4.9305		 -4.3120		 -3.6255		 -2.9412		 -2.2763		 -1.7325		 -1.2968		 -0.9761		 -0.7655		 -0.6065		 -0.4914		 -0.3920		 -0.3136		 -0.2369		     NaN		
 1.000		 -0.1205		 -0.1822		 -0.2304		 -0.2952		 -0.3727		 -0.4633		 -0.5747		 -0.6992		 -0.8281		 -0.9566		 -1.0942		 -1.2343		 -1.3742		 -1.5256		 -1.6889		 -1.8718		 -2.0629		 -2.3110		 -2.6033		 -3.0723		 -3.3884		 -3.7325		 -4.2516		 -4.8758		 -5.3708		 -5.8425		 -6.1162		 -6.1014		 -5.9290		 -5.5598		 -4.9836		 -4.3619		 -3.6712		 -2.9813		 -2.3093		 -1.7593		 -1.3179		 -0.9928		 -0.7791		 -0.6174		 -0.5005		 -0.3994		 -0.3196		 -0.2416		     NaN		
 1.010		 -0.1218		 -0.1840		 -0.2327		 -0.2981		 -0.3764		 -0.4678		 -0.5802		 -0.7059		 -0.8359		 -0.9655		 -1.1042		 -1.2455		 -1.3865		 -1.5391		 -1.7035		 -1.8878		 -2.0804		 -2.3302		 -2.6245		 -3.0961		 -3.4144		 -3.7610		 -4.2834		 -4.9104		 -5.4092		 -5.8844		 -6.1628		 -6.1508		 -5.9810		 -5.6133		 -5.0368		 -4.4118		 -3.7170		 -3.0215		 -2.3424		 -1.7862		 -1.3391		 -1.0096		 -0.7927		 -0.6285		 -0.5096		 -0.4069		 -0.3256		 -0.2462		     NaN		
 1.020		 -0.1230		 -0.1858		 -0.2351		 -0.3011		 -0.3800		 -0.4724		 -0.5858		 -0.7125		 -0.8437		 -0.9744		 -1.1142		 -1.2568		 -1.3989		 -1.5526		 -1.7181		 -1.9038		 -2.0977		 -2.3493		 -2.6456		 -3.1199		 -3.4404		 -3.7894		 -4.3150		 -4.9447		 -5.4474		 -5.9260		 -6.2092		 -6.1999		 -6.0329		 -5.6667		 -5.0900		 -4.4618		 -3.7629		 -3.0617		 -2.3755		 -1.8132		 -1.3604		 -1.0266		 -0.8065		 -0.6396		 -0.5188		 -0.4145		 -0.3317		 -0.2509		     NaN		
 1.030		 -0.1242		 -0.1877		 -0.2374		 -0.3041		 -0.3837		 -0.4769		 -0.5913		 -0.7192		 -0.8514		 -0.9832		 -1.1242		 -1.2680		 -1.4111		 -1.5661		 -1.7327		 -1.9196		 -2.1150		 -2.3684		 -2.6666		 -3.1435		 -3.4662		 -3.8178		 -4.3465		 -4.9789		 -5.4854		 -5.9674		 -6.2553		 -6.2488		 -6.0847		 -5.7200		 -5.1432		 -4.5118		 -3.8089		 -3.1020		 -2.4087		 -1.8403		 -1.3819		 -1.0437		 -0.8204		 -0.6508		 -0.5281		 -0.4221		 -0.3379		 -0.2556		     NaN		
 1.040		 -0.1254		 -0.1895		 -0.2398		 -0.3071		 -0.3874		 -0.4814		 -0.5969		 -0.7258		 -0.8592		 -0.9921		 -1.1342		 -1.2791		 -1.4234		 -1.5795		 -1.7473		 -1.9354		 -2.1322		 -2.3873		 -2.6876		 -3.1670		 -3.4919		 -3.8460		 -4.3779		 -5.0128		 -5.5232		 -6.0086		 -6.3011		 -6.2973		 -6.1364		 -5.7732		 -5.1963		 -4.5619		 -3.8550		 -3.1423		 -2.4419		 -1.8676		 -1.4035		 -1.0609		 -0.8343		 -0.6621		 -0.5374		 -0.4298		 -0.3441		 -0.2604		     NaN		
 1.050		 -0.1267		 -0.1914		 -0.2421		 -0.3100		 -0.3911		 -0.4859		 -0.6024		 -0.7325		 -0.8669		 -1.0009		 -1.1442		 -1.2903		 -1.4356		 -1.5929		 -1.7618		 -1.9511		 -2.1494		 -2.4062		 -2.7084		 -3.1904		 -3.5176		 -3.8741		 -4.4091		 -5.0467		 -5.5607		 -6.0495		 -6.3467		 -6.3456		 -6.1879		 -5.8264		 -5.2492		 -4.6119		 -3.9012		 -3.1827		 -2.4752		 -1.8950		 -1.4252		 -1.0783		 -0.8484		 -0.6735		 -0.5468		 -0.4375		 -0.3503		 -0.2652		     NaN		
 1.060		 -0.1279		 -0.1932		 -0.2444		 -0.3130		 -0.3948		 -0.4904		 -0.6080		 -0.7391		 -0.8746		 -1.0097		 -1.1542		 -1.3014		 -1.4477		 -1.6062		 -1.7764		 -1.9668		 -2.1664		 -2.4250		 -2.7292		 -3.2137		 -3.5431		 -3.9021		 -4.4403		 -5.0804		 -5.5981		 -6.0904		 -6.3919		 -6.3936		 -6.2391		 -5.8794		 -5.3020		 -4.6619		 -3.9474		 -3.2231		 -2.5086		 -1.9225		 -1.4471		 -1.0957		 -0.8626		 -0.6849		 -0.5564		 -0.4453		 -0.3566		 -0.2700		     NaN		
 1.070		 -0.1291		 -0.1951		 -0.2468		 -0.3159		 -0.3984		 -0.4949		 -0.6135		 -0.7458		 -0.8823		 -1.0186		 -1.1641		 -1.3126		 -1.4599		 -1.6196		 -1.7910		 -1.9825		 -2.1834		 -2.4437		 -2.7498		 -3.2368		 -3.5686		 -3.9300		 -4.4713		 -5.1140		 -5.6353		 -6.1311		 -6.4369		 -6.4414		 -6.2901		 -5.9323		 -5.3545		 -4.7119		 -3.9936		 -3.2636		 -2.5420		 -1.9501		 -1.4692		 -1.1132		 -0.8768		 -0.6965		 -0.5659		 -0.4532		 -0.3630		 -0.2749		     NaN		
 1.080		 -0.1303		 -0.1969		 -0.2491		 -0.3189		 -0.4021		 -0.4994		 -0.6190		 -0.7524		 -0.8901		 -1.0274		 -1.1741		 -1.3237		 -1.4720		 -1.6329		 -1.8055		 -1.9981		 -2.2004		 -2.4623		 -2.7704		 -3.2599		 -3.5939		 -3.9578		 -4.5022		 -5.1476		 -5.6722		 -6.1717		 -6.4816		 -6.4891		 -6.3409		 -5.9850		 -5.4068		 -4.7618		 -4.0399		 -3.3042		 -2.5756		 -1.9779		 -1.4914		 -1.1309		 -0.8912		 -0.7081		 -0.5756		 -0.4611		 -0.3694		 -0.2798		     NaN		
 1.090		 -0.1316		 -0.1987		 -0.2515		 -0.3219		 -0.4058		 -0.5039		 -0.6245		 -0.7590		 -0.8977		 -1.0362		 -1.1839		 -1.3348		 -1.4841		 -1.6461		 -1.8201		 -2.0137		 -2.2174		 -2.4808		 -2.7910		 -3.2827		 -3.6190		 -3.9854		 -4.5330		 -5.1810		 -5.7090		 -6.2122		 -6.5262		 -6.5365		 -6.3914		 -6.0376		 -5.4589		 -4.8117		 -4.0861		 -3.3449		 -2.6094		 -2.0058		 -1.5137		 -1.1486		 -0.9056		 -0.7198		 -0.5854		 -0.4690		 -0.3759		 -0.2847		     NaN		
 1.100		 -0.1328		 -0.2006		 -0.2538		 -0.3248		 -0.4094		 -0.5084		 -0.6301		 -0.7656		 -0.9054		 -1.0449		 -1.1938		 -1.3458		 -1.4961		 -1.6593		 -1.8345		 -2.0293		 -2.2343		 -2.4992		 -2.8114		 -3.3055		 -3.6441		 -4.0128		 -4.5637		 -5.2143		 -5.7455		 -6.2526		 -6.5705		 -6.5837		 -6.4416		 -6.0901		 -5.5108		 -4.8615		 -4.1324		 -3.3857		 -2.6433		 -2.0338		 -1.5362		 -1.1664		 -0.9201		 -0.7315		 -0.5952		 -0.4771		 -0.3824		 -0.2897		     NaN		
 1.110		 -0.1340		 -0.2024		 -0.2561		 -0.3278		 -0.4131		 -0.5129		 -0.6356		 -0.7722		 -0.9131		 -1.0537		 -1.2037		 -1.3568		 -1.5082		 -1.6724		 -1.8490		 -2.0449		 -2.2513		 -2.5177		 -2.8318		 -3.3280		 -3.6689		 -4.0401		 -4.5942		 -5.2475		 -5.7819		 -6.2927		 -6.6146		 -6.6307		 -6.4916		 -6.1423		 -5.5627		 -4.9112		 -4.1787		 -3.4266		 -2.6775		 -2.0620		 -1.5587		 -1.1842		 -0.9347		 -0.7433		 -0.6051		 -0.4851		 -0.3890		 -0.2947		     NaN		
 1.120		 -0.1352		 -0.2043		 -0.2585		 -0.3307		 -0.4168		 -0.5174		 -0.6411		 -0.7788		 -0.9207		 -1.0624		 -1.2135		 -1.3677		 -1.5202		 -1.6855		 -1.8634		 -2.0604		 -2.2682		 -2.5360		 -2.8521		 -3.3504		 -3.6937		 -4.0674		 -4.6247		 -5.2806		 -5.8181		 -6.3327		 -6.6584		 -6.6774		 -6.5413		 -6.1942		 -5.6144		 -4.9609		 -4.2251		 -3.4676		 -2.7120		 -2.0902		 -1.5814		 -1.2022		 -0.9493		 -0.7553		 -0.6151		 -0.4933		 -0.3956		 -0.2998		     NaN		
 1.130		 -0.1365		 -0.2061		 -0.2608		 -0.3337		 -0.4204		 -0.5219		 -0.6466		 -0.7853		 -0.9283		 -1.0711		 -1.2233		 -1.3786		 -1.5321		 -1.6985		 -1.8777		 -2.0760		 -2.2852		 -2.5544		 -2.8724		 -3.3727		 -3.7183		 -4.0944		 -4.6549		 -5.3135		 -5.8541		 -6.3725		 -6.7021		 -6.7238		 -6.5909		 -6.2460		 -5.6660		 -5.0106		 -4.2715		 -3.5087		 -2.7467		 -2.1186		 -1.6042		 -1.2202		 -0.9640		 -0.7672		 -0.6252		 -0.5015		 -0.4023		 -0.3049		     NaN		
 1.140		 -0.1377		 -0.2080		 -0.2631		 -0.3366		 -0.4241		 -0.5264		 -0.6521		 -0.7919		 -0.9360		 -1.0798		 -1.2332		 -1.3895		 -1.5441		 -1.7115		 -1.8920		 -2.0914		 -2.3021		 -2.5727		 -2.8926		 -3.3948		 -3.7427		 -4.1214		 -4.6851		 -5.3462		 -5.8899		 -6.4121		 -6.7454		 -6.7700		 -6.6403		 -6.2976		 -5.7176		 -5.0602		 -4.3181		 -3.5499		 -2.7817		 -2.1471		 -1.6271		 -1.2383		 -0.9788		 -0.7793		 -0.6353		 -0.5098		 -0.4090		 -0.3100		     NaN		
 1.150		 -0.1389		 -0.2098		 -0.2655		 -0.3396		 -0.4277		 -0.5309		 -0.6576		 -0.7985		 -0.9436		 -1.0885		 -1.2430		 -1.4003		 -1.5560		 -1.7244		 -1.9062		 -2.1068		 -2.3190		 -2.5909		 -2.9128		 -3.4168		 -3.7671		 -4.1483		 -4.7150		 -5.3788		 -5.9255		 -6.4515		 -6.7885		 -6.8159		 -6.6895		 -6.3490		 -5.7690		 -5.1099		 -4.3647		 -3.5912		 -2.8169		 -2.1756		 -1.6501		 -1.2566		 -0.9936		 -0.7914		 -0.6455		 -0.5181		 -0.4158		 -0.3152		     NaN		
 1.160		 -0.1401		 -0.2116		 -0.2678		 -0.3425		 -0.4314		 -0.5353		 -0.6631		 -0.8050		 -0.9512		 -1.0971		 -1.2528		 -1.4111		 -1.5679		 -1.7372		 -1.9203		 -2.1222		 -2.3357		 -2.6091		 -2.9329		 -3.4387		 -3.7913		 -4.1751		 -4.7449		 -5.4112		 -5.9608		 -6.4907		 -6.8313		 -6.8615		 -6.7385		 -6.4004		 -5.8204		 -5.1597		 -4.4114		 -3.6327		 -2.8522		 -2.2043		 -1.6732		 -1.2749		 -1.0085		 -0.8036		 -0.6557		 -0.5265		 -0.4227		 -0.3204		     NaN		
 1.170		 -0.1414		 -0.2135		 -0.2702		 -0.3455		 -0.4351		 -0.5398		 -0.6686		 -0.8115		 -0.9588		 -1.1058		 -1.2625		 -1.4219		 -1.5797		 -1.7500		 -1.9344		 -2.1375		 -2.3525		 -2.6272		 -2.9530		 -3.4606		 -3.8154		 -4.2018		 -4.7746		 -5.4434		 -5.9959		 -6.5298		 -6.8739		 -6.9069		 -6.7874		 -6.4517		 -5.8717		 -5.2094		 -4.4581		 -3.6742		 -2.8875		 -2.2331		 -1.6964		 -1.2933		 -1.0234		 -0.8159		 -0.6660		 -0.5349		 -0.4296		 -0.3256		     NaN		
 1.180		 -0.1426		 -0.2153		 -0.2725		 -0.3484		 -0.4387		 -0.5443		 -0.6740		 -0.8181		 -0.9664		 -1.1144		 -1.2723		 -1.4326		 -1.5916		 -1.7627		 -1.9484		 -2.1527		 -2.3691		 -2.6453		 -2.9729		 -3.4824		 -3.8395		 -4.2284		 -4.8042		 -5.4756		 -6.0308		 -6.5687		 -6.9162		 -6.9522		 -6.8360		 -6.5029		 -5.9229		 -5.2591		 -4.5049		 -3.7158		 -2.9229		 -2.2620		 -1.7198		 -1.3118		 -1.0384		 -0.8282		 -0.6764		 -0.5434		 -0.4365		 -0.3309		     NaN		
 1.190		 -0.1438		 -0.2171		 -0.2748		 -0.3514		 -0.4424		 -0.5487		 -0.6795		 -0.8246		 -0.9740		 -1.1230		 -1.2820		 -1.4434		 -1.6034		 -1.7754		 -1.9625		 -2.1679		 -2.3856		 -2.6633		 -2.9928		 -3.5042		 -3.8634		 -4.2549		 -4.8336		 -5.5075		 -6.0655		 -6.6075		 -6.9582		 -6.9972		 -6.8845		 -6.5541		 -5.9739		 -5.3089		 -4.5517		 -3.7576		 -2.9584		 -2.2910		 -1.7433		 -1.3304		 -1.0535		 -0.8406		 -0.6868		 -0.5519		 -0.4435		 -0.3362		     NaN		
 1.200		 -0.1450		 -0.2190		 -0.2772		 -0.3543		 -0.4460		 -0.5532		 -0.6851		 -0.8311		 -0.9815		 -1.1316		 -1.2917		 -1.4542		 -1.6152		 -1.7882		 -1.9764		 -2.1831		 -2.4021		 -2.6812		 -3.0125		 -3.5259		 -3.8872		 -4.2814		 -4.8630		 -5.5393		 -6.1000		 -6.6461		 -7.0000		 -7.0420		 -6.9329		 -6.6051		 -6.0248		 -5.3587		 -4.5985		 -3.7994		 -2.9939		 -2.3201		 -1.7669		 -1.3491		 -1.0686		 -0.8532		 -0.6973		 -0.5605		 -0.4505		 -0.3416		     NaN		
 1.210		     NaN		     NaN		 -0.2789		 -0.3571		 -0.4499		 -0.5579		 -0.6906		 -0.8376		 -0.9891		 -1.1401		 -1.3014		 -1.4649		 -1.6270		 -1.8010		 -1.9903		 -2.1981		 -2.4185		 -2.6992		 -3.0321		 -3.5472		 -3.9108		 -4.3076		 -4.8922		 -5.5712		 -6.1344		 -6.6837		 -7.0415		 -7.0874		 -6.9815		 -6.6558		 -6.0765		 -5.4096		 -4.6461		 -3.8416		 -3.0295		 -2.3491		 -1.7900		 -1.3675		 -1.0837		 -0.8656		 -0.7077		 -0.5691		 -0.4575		 -0.3470		     NaN		
 1.220		     NaN		     NaN		     NaN		 -0.3603		 -0.4543		 -0.5630		 -0.6960		 -0.8441		 -0.9967		 -1.1488		 -1.3109		 -1.4755		 -1.6388		 -1.8139		 -2.0039		 -2.2128		 -2.4348		 -2.7172		 -3.0516		 -3.5683		 -3.9342		 -4.3336		 -4.9211		 -5.6032		 -6.1686		 -6.7202		 -7.0827		 -7.1334		 -7.0301		 -6.7061		 -6.1290		 -5.4615		 -4.6946		 -3.8843		 -3.0654		 -2.3778		 -1.8124		 -1.3857		 -1.0986		 -0.8779		 -0.7179		 -0.5778		 -0.4646		 -0.3525		     NaN		
 1.230		     NaN		     NaN		     NaN		     NaN		 -0.4594		 -0.5684		 -0.7014		 -0.8506		 -1.0042		 -1.1574		 -1.3204		 -1.4861		 -1.6506		 -1.8268		 -2.0175		 -2.2275		 -2.4511		 -2.7351		 -3.0710		 -3.5892		 -3.9574		 -4.3596		 -4.9500		 -5.6351		 -6.2026		 -6.7566		 -7.1238		 -7.1791		 -7.0785		 -6.7563		 -6.1814		 -5.5135		 -4.7431		 -3.9271		 -3.1013		 -2.4066		 -1.8350		 -1.4041		 -1.1136		 -0.8903		 -0.7282		 -0.5866		 -0.4718		 -0.3580		     NaN		
 1.240		     NaN		     NaN		     NaN		     NaN		 -0.4648		 -0.5737		 -0.7066		 -0.8572		 -1.0121		 -1.1664		 -1.3300		 -1.4967		 -1.6623		 -1.8396		 -2.0311		 -2.2422		 -2.4672		 -2.7531		 -3.0904		 -3.6101		 -3.9806		 -4.3855		 -4.9786		 -5.6669		 -6.2363		 -6.7926		 -7.1647		 -7.2246		 -7.1266		 -6.8062		 -6.2336		 -5.5653		 -4.7918		 -3.9701		 -3.1374		 -2.4356		 -1.8577		 -1.4226		 -1.1287		 -0.9027		 -0.7385		 -0.5954		 -0.4790		 -0.3636		     NaN		
 1.250		     NaN		     NaN		     NaN		     NaN		 -0.4693		 -0.5782		 -0.7112		 -0.8644		 -1.0217		 -1.1769		 -1.3396		 -1.5074		 -1.6740		 -1.8523		 -2.0446		 -2.2567		 -2.4834		 -2.7709		 -3.1097		 -3.6309		 -4.0038		 -4.4113		 -5.0072		 -5.6984		 -6.2698		 -6.8284		 -7.2053		 -7.2697		 -7.1746		 -6.8561		 -6.2857		 -5.6171		 -4.8406		 -4.0133		 -3.1735		 -2.4647		 -1.8805		 -1.4412		 -1.1439		 -0.9153		 -0.7489		 -0.6042		 -0.4862		 -0.3692		     NaN		
 1.260		     NaN		     NaN		     NaN		     NaN		     NaN		     NaN		 -0.7157		     NaN		     NaN		 -1.1900		 -1.3503		 -1.5180		 -1.6857		 -1.8650		 -2.0581		 -2.2713		 -2.4994		 -2.7888		 -3.1290		 -3.6517		 -4.0269		 -4.4370		 -5.0355		 -5.7298		 -6.3032		 -6.8640		 -7.2456		 -7.3145		 -7.2224		 -6.9059		 -6.3376		 -5.6689		 -4.8894		 -4.0566		 -3.2097		 -2.4939		 -1.9034		 -1.4600		 -1.1592		 -0.9279		 -0.7594		 -0.6131		 -0.4935		 -0.3748		     NaN		
 1.270		     NaN		     NaN		     NaN		     NaN		     NaN		     NaN		     NaN		     NaN		     NaN		     NaN		 -1.3611		 -1.5287		 -1.6974		 -1.8777		 -2.0715		 -2.2857		 -2.5154		 -2.8066		 -3.1482		 -3.6723		 -4.0501		 -4.4626		 -5.0636		 -5.7610		 -6.3365		 -6.8995		 -7.2856		 -7.3589		 -7.2701		 -6.9557		 -6.3894		 -5.7204		 -4.9384		 -4.1001		 -3.2461		 -2.5232		 -1.9264		 -1.4788		 -1.1746		 -0.9406		 -0.7700		 -0.6221		 -0.5008		 -0.3805		     NaN		
 1.280		     NaN		     NaN		     NaN		     NaN		     NaN		     NaN		     NaN		     NaN		     NaN		     NaN		 -1.3707		 -1.5393		 -1.7090		 -1.8903		 -2.0849		 -2.3001		 -2.5314		 -2.8244		 -3.1672		 -3.6930		 -4.0732		 -4.4881		 -5.0915		 -5.7919		 -6.3697		 -6.9347		 -7.3252		 -7.4029		 -7.3177		 -7.0056		 -6.4410		 -5.7718		 -4.9873		 -4.1438		 -3.2826		 -2.5526		 -1.9495		 -1.4977		 -1.1901		 -0.9534		 -0.7806		 -0.6311		 -0.5082		 -0.3862		     NaN		
 1.290		     NaN		     NaN		     NaN		     NaN		     NaN		     NaN		     NaN		     NaN		     NaN		     NaN		     NaN		     NaN		 -1.7209		 -1.9029		 -2.0981		 -2.3144		 -2.5473		 -2.8422		 -3.1862		 -3.7136		 -4.0963		 -4.5135		 -5.1193		 -5.8227		 -6.4027		 -6.9698		 -7.3645		 -7.4467		 -7.3653		 -7.0556		 -6.4924		 -5.8231		 -5.0362		 -4.1876		 -3.3192		 -2.5822		 -1.9726		 -1.5167		 -1.2057		 -0.9663		 -0.7914		 -0.6402		 -0.5156		 -0.3920		     NaN		
 1.300		     NaN		     NaN		     NaN		     NaN		     NaN		     NaN		     NaN		     NaN		     NaN		     NaN		     NaN		     NaN		     NaN		     NaN		     NaN		 -2.3287		 -2.5631		 -2.8596		 -3.2050		 -3.7342		 -4.1195		 -4.5389		 -5.1469		 -5.8532		 -6.4355		 -7.0047		 -7.4035		 -7.4902		 -7.4127		 -7.1054		 -6.5435		 -5.8741		 -5.0850		 -4.2315		 -3.3560		 -2.6119		 -1.9959		 -1.5356		 -1.2214		 -0.9793		 -0.8023		 -0.6493		 -0.5231		 -0.3978		     NaN		
 1.310		     NaN		     NaN		     NaN		     NaN		     NaN		     NaN		     NaN		     NaN		     NaN		     NaN		     NaN		     NaN		     NaN		     NaN		     NaN		     NaN		     NaN		 -2.8769		     NaN		     NaN		 -4.1427		 -4.5641		 -5.1745		 -5.8836		 -6.4681		 -7.0394		 -7.4424		 -7.5336		 -7.4599		 -7.1552		 -6.5943		 -5.9249		 -5.1337		 -4.2756		 -3.3929		 -2.6418		 -2.0193		 -1.5547		 -1.2371		 -0.9923		 -0.8132		 -0.6585		 -0.5306		 -0.4036		     NaN		
 1.320		     NaN		     NaN		     NaN		     NaN		     NaN		     NaN		     NaN		     NaN		     NaN		     NaN		     NaN		     NaN		     NaN		     NaN		     NaN		     NaN		     NaN		     NaN		     NaN		     NaN		 -4.1652		 -4.5891		 -5.2024		 -5.9140		 -6.5004		 -7.0739		 -7.4811		 -7.5768		 -7.5069		 -7.2048		 -6.6448		 -5.9756		 -5.1823		 -4.3197		 -3.4299		 -2.6719		 -2.0428		 -1.5737		 -1.2528		 -1.0055		 -0.8243		 -0.6678		 -0.5382		 -0.4095		     NaN		
 1.330		     NaN		     NaN		     NaN		     NaN		     NaN		     NaN		     NaN		     NaN		     NaN		     NaN		     NaN		     NaN		     NaN		     NaN		     NaN		     NaN		     NaN		     NaN		     NaN		     NaN		     NaN		     NaN		 -5.2298		 -5.9439		 -6.5326		 -7.1081		 -7.5194		 -7.6199		 -7.5537		 -7.2542		 -6.6951		 -6.0261		 -5.2308		 -4.3639		 -3.4670		 -2.7020		 -2.0664		 -1.5928		 -1.2687		 -1.0188		 -0.8354		 -0.6771		 -0.5458		 -0.4154		     NaN		
 1.340		     NaN		     NaN		     NaN		     NaN		     NaN		     NaN		     NaN		     NaN		     NaN		     NaN		     NaN		     NaN		     NaN		     NaN		     NaN		     NaN		     NaN		     NaN		     NaN		     NaN		     NaN		     NaN		     NaN		 -5.9745		 -6.5650		 -7.1422		 -7.5575		 -7.6626		 -7.6002		 -7.3035		 -6.7455		 -6.0764		 -5.2792		 -4.4080		 -3.5043		 -2.7322		 -2.0902		 -1.6120		 -1.2846		 -1.0322		 -0.8466		 -0.6864		 -0.5534		 -0.4214		     NaN		
 1.350		     NaN		     NaN		     NaN		     NaN		     NaN		     NaN		     NaN		     NaN		     NaN		     NaN		     NaN		     NaN		     NaN		     NaN		     NaN		     NaN		     NaN		     NaN		     NaN		     NaN		     NaN		     NaN		     NaN		     NaN		     NaN		 -7.1752		 -7.5950		 -7.7049		 -7.6465		 -7.3527		 -6.7961		 -6.1268		 -5.3274		 -4.4521		 -3.5416		 -2.7625		 -2.1141		 -1.6312		 -1.3006		 -1.0457		 -0.8579		 -0.6958		 -0.5611		 -0.4274		     NaN		
 1.360		     NaN		     NaN		     NaN		     NaN		     NaN		     NaN		     NaN		     NaN		     NaN		     NaN		     NaN		     NaN		     NaN		     NaN		     NaN		     NaN		     NaN		     NaN		     NaN		     NaN		     NaN		     NaN		     NaN		     NaN		     NaN		     NaN		 -7.6324		 -7.7467		 -7.6924		 -7.4018		 -6.8470		 -6.1772		 -5.3756		 -4.4960		 -3.5790		 -2.7928		 -2.1380		 -1.6506		 -1.3167		 -1.0593		 -0.8692		 -0.7053		 -0.5689		 -0.4334		     NaN		
 1.370		     NaN		     NaN		     NaN		     NaN		     NaN		     NaN		     NaN		     NaN		     NaN		     NaN		     NaN		     NaN		     NaN		     NaN		     NaN		     NaN		     NaN		     NaN		     NaN		     NaN		     NaN		     NaN		     NaN		     NaN		     NaN		     NaN		     NaN		 -7.7885		 -7.7381		 -7.4507		 -6.8978		 -6.2275		 -5.4239		 -4.5399		 -3.6164		 -2.8232		 -2.1621		 -1.6701		 -1.3329		 -1.0730		 -0.8806		 -0.7148		 -0.5767		 -0.4395		     NaN		
 1.380		     NaN		     NaN		     NaN		     NaN		     NaN		     NaN		     NaN		     NaN		     NaN		     NaN		     NaN		     NaN		     NaN		     NaN		     NaN		     NaN		     NaN		     NaN		     NaN		     NaN		     NaN		     NaN		     NaN		     NaN		     NaN		     NaN		     NaN		     NaN		 -7.7834		 -7.4991		 -6.9485		 -6.2780		 -5.4723		 -4.5836		 -3.6539		 -2.8537		 -2.1863		 -1.6897		 -1.3492		 -1.0867		 -0.8920		 -0.7243		 -0.5845		 -0.4456		     NaN		
 1.390		     NaN		     NaN		     NaN		     NaN		     NaN		     NaN		     NaN		     NaN		     NaN		     NaN		     NaN		     NaN		     NaN		     NaN		     NaN		     NaN		     NaN		     NaN		     NaN		     NaN		     NaN		     NaN		     NaN		     NaN		     NaN		     NaN		     NaN		     NaN		     NaN		 -7.5460		 -6.9989		 -6.3301		 -5.5208		 -4.6272		 -3.6913		 -2.8842		 -2.2107		 -1.7095		 -1.3656		 -1.1005		 -0.9035		 -0.7339		 -0.5924		 -0.4518		     NaN		
 1.400		     NaN		     NaN		     NaN		     NaN		     NaN		     NaN		     NaN		     NaN		     NaN		     NaN		     NaN		     NaN		     NaN		     NaN		     NaN		     NaN		     NaN		     NaN		     NaN		     NaN		     NaN		     NaN		     NaN		     NaN		     NaN		     NaN		     NaN		     NaN		     NaN		     NaN		 -7.0526		 -6.3833		 -5.5695		 -4.6708		 -3.7287		 -2.9148		 -2.2351		 -1.7294		 -1.3820		 -1.1143		 -0.9149		 -0.7435		 -0.6003		 -0.4579		     NaN		
 1.410		     NaN		     NaN		     NaN		     NaN		     NaN		     NaN		     NaN		     NaN		     NaN		     NaN		     NaN		     NaN		     NaN		     NaN		     NaN		     NaN		     NaN		     NaN		     NaN		     NaN		     NaN		     NaN		     NaN		     NaN		     NaN		     NaN		     NaN		     NaN		     NaN		     NaN		     NaN		 -6.4368		 -5.6184		 -4.7144		 -3.7662		 -2.9454		 -2.2597		 -1.7494		 -1.3986		 -1.1282		 -0.9264		 -0.7532		 -0.6083		 -0.4641		     NaN		
 1.420		     NaN		     NaN		     NaN		     NaN		     NaN		     NaN		     NaN		     NaN		     NaN		     NaN		     NaN		     NaN		     NaN		     NaN		     NaN		     NaN		     NaN		     NaN		     NaN		     NaN		     NaN		     NaN		     NaN		     NaN		     NaN		     NaN		     NaN		     NaN		     NaN		     NaN		     NaN		     NaN		 -5.6673		 -4.7579		 -3.8038		 -2.9761		 -2.2844		 -1.7696		 -1.4153		 -1.1421		 -0.9380		 -0.7629		 -0.6163		 -0.4704		     NaN		
 1.430		     NaN		     NaN		     NaN		     NaN		     NaN		     NaN		     NaN		     NaN		     NaN		     NaN		     NaN		     NaN		     NaN		     NaN		     NaN		     NaN		     NaN		     NaN		     NaN		     NaN		     NaN		     NaN		     NaN		     NaN		     NaN		     NaN		     NaN		     NaN		     NaN		     NaN		     NaN		     NaN		     NaN		 -4.8021		 -3.8416		 -3.0069		 -2.3092		 -1.7899		 -1.4321		 -1.1561		 -0.9495		 -0.7727		 -0.6244		 -0.4767		     NaN		
 1.440		     NaN		     NaN		     NaN		     NaN		     NaN		     NaN		     NaN		     NaN		     NaN		     NaN		     NaN		     NaN		     NaN		     NaN		     NaN		     NaN		     NaN		     NaN		     NaN		     NaN		     NaN		     NaN		     NaN		     NaN		     NaN		     NaN		     NaN		     NaN		     NaN		     NaN		     NaN		     NaN		     NaN		     NaN		 -3.8791		 -3.0378		 -2.3340		 -1.8103		 -1.4490		 -1.1701		 -0.9611		 -0.7826		 -0.6325		 -0.4830		     NaN		
 1.450		     NaN		     NaN		     NaN		     NaN		     NaN		     NaN		     NaN		     NaN		     NaN		     NaN		     NaN		     NaN		     NaN		     NaN		     NaN		     NaN		     NaN		     NaN		     NaN		     NaN		     NaN		     NaN		     NaN		     NaN		     NaN		     NaN		     NaN		     NaN		     NaN		     NaN		     NaN		     NaN		     NaN		     NaN		 -3.9166		 -3.0690		 -2.3591		 -1.8308		 -1.4659		 -1.1841		 -0.9728		 -0.7925		 -0.6407		 -0.4894		     NaN		
 1.460		     NaN		     NaN		     NaN		     NaN		     NaN		     NaN		     NaN		     NaN		     NaN		     NaN		     NaN		     NaN		     NaN		     NaN		     NaN		     NaN		     NaN		     NaN		     NaN		     NaN		     NaN		     NaN		     NaN		     NaN		     NaN		     NaN		     NaN		     NaN		     NaN		     NaN		     NaN		     NaN		     NaN		     NaN		     NaN		 -3.1000		 -2.3844		 -1.8514		 -1.4829		 -1.1982		 -0.9845		 -0.8025		 -0.6489		 -0.4958		     NaN		
 1.470		     NaN		     NaN		     NaN		     NaN		     NaN		     NaN		     NaN		     NaN		     NaN		     NaN		     NaN		     NaN		     NaN		     NaN		     NaN		     NaN		     NaN		     NaN		     NaN		     NaN		     NaN		     NaN		     NaN		     NaN		     NaN		     NaN		     NaN		     NaN		     NaN		     NaN		     NaN		     NaN		     NaN		     NaN		     NaN		 -3.1308		 -2.4101		 -1.8722		 -1.4999		 -1.2122		 -0.9962		 -0.8126		 -0.6572		 -0.5022		     NaN		
 1.480		     NaN		     NaN		     NaN		     NaN		     NaN		     NaN		     NaN		     NaN		     NaN		     NaN		     NaN		     NaN		     NaN		     NaN		     NaN		     NaN		     NaN		     NaN		     NaN		     NaN		     NaN		     NaN		     NaN		     NaN		     NaN		     NaN		     NaN		     NaN		     NaN		     NaN		     NaN		     NaN		     NaN		     NaN		     NaN		     NaN		 -2.4355		 -1.8930		 -1.5169		 -1.2262		 -1.0081		 -0.8227		 -0.6656		 -0.5087		     NaN		
 1.490		     NaN		     NaN		     NaN		     NaN		     NaN		     NaN		     NaN		     NaN		     NaN		     NaN		     NaN		     NaN		     NaN		     NaN		     NaN		     NaN		     NaN		     NaN		     NaN		     NaN		     NaN		     NaN		     NaN		     NaN		     NaN		     NaN		     NaN		     NaN		     NaN		     NaN		     NaN		     NaN		     NaN		     NaN		     NaN		     NaN		     NaN		 -1.9138		 -1.5340		 -1.2402		 -1.0200		 -0.8329		 -0.6740		 -0.5152		     NaN		
 1.500		     NaN		     NaN		     NaN		     NaN		     NaN		     NaN		     NaN		     NaN		     NaN		     NaN		     NaN		     NaN		     NaN		     NaN		     NaN		     NaN		     NaN		     NaN		     NaN		     NaN		     NaN		     NaN		     NaN		     NaN		     NaN		     NaN		     NaN		     NaN		     NaN		     NaN		     NaN		     NaN		     NaN		     NaN		     NaN		     NaN		     NaN		     NaN		 -1.5509		 -1.2543		 -1.0320		 -0.8432		 -0.6825		 -0.5218		     NaN		
 1.510		     NaN		     NaN		     NaN		     NaN		     NaN		     NaN		     NaN		     NaN		     NaN		     NaN		     NaN		     NaN		     NaN		     NaN		     NaN		     NaN		     NaN		     NaN		     NaN		     NaN		     NaN		     NaN		     NaN		     NaN		     NaN		     NaN		     NaN		     NaN		     NaN		     NaN		     NaN		     NaN		     NaN		     NaN		     NaN		     NaN		     NaN		     NaN		     NaN		 -1.2708		 -1.0452		 -0.8536		 -0.6910		 -0.5284		     NaN		
 1.520		     NaN		     NaN		     NaN		     NaN		     NaN		     NaN		     NaN		     NaN		     NaN		     NaN		     NaN		     NaN		     NaN		     NaN		     NaN		     NaN		     NaN		     NaN		     NaN		     NaN		     NaN		     NaN		     NaN		     NaN		     NaN		     NaN		     NaN		     NaN		     NaN		     NaN		     NaN		     NaN		     NaN		     NaN		     NaN		     NaN		     NaN		     NaN		     NaN		     NaN		 -1.0574		 -0.8637		 -0.7000		 -0.5355		     NaN		
 1.530		     NaN		     NaN		     NaN		     NaN		     NaN		     NaN		     NaN		     NaN		     NaN		     NaN		     NaN		     NaN		     NaN		     NaN		     NaN		     NaN		     NaN		     NaN		     NaN		     NaN		     NaN		     NaN		     NaN		     NaN		     NaN		     NaN		     NaN		     NaN		     NaN		     NaN		     NaN		     NaN		     NaN		     NaN		     NaN		     NaN		     NaN		     NaN		     NaN		     NaN		 -1.0680		 -0.8736		 -0.7091		 -0.5428		     NaN		
 1.540		     NaN		     NaN		     NaN		     NaN		     NaN		     NaN		     NaN		     NaN		     NaN		     NaN		     NaN		     NaN		     NaN		     NaN		     NaN		     NaN		     NaN		     NaN		     NaN		     NaN		     NaN		     NaN		     NaN		     NaN		     NaN		     NaN		     NaN		     NaN		     NaN		     NaN		     NaN		     NaN		     NaN		     NaN		     NaN		     NaN		     NaN		     NaN		     NaN		     NaN		     NaN		     NaN		 -0.7182		 -0.5496		     NaN		
 1.550		     NaN		     NaN		     NaN		     NaN		     NaN		     NaN		     NaN		     NaN		     NaN		     NaN		     NaN		     NaN		     NaN		     NaN		     NaN		     NaN		     NaN		     NaN		     NaN		     NaN		     NaN		     NaN		     NaN		     NaN		     NaN		     NaN		     NaN		     NaN		     NaN		     NaN		     NaN		     NaN		     NaN		     NaN		     NaN		     NaN		     NaN		     NaN		     NaN		     NaN		     NaN		     NaN		     NaN		     NaN		     NaN		
