%H field first colomn	Temp row	Mag data array
0.0000		102.3824		152.1846		202.6384		212.4970		222.3555		232.3056		241.9836		246.9286		251.8736		253.8532		255.8328		257.8124		259.7920		261.7716		262.7936		263.8156		264.8321		265.8486		266.8314		267.8961		268.8821		269.8676		270.8258		271.8151		272.8489		273.8049		274.8537		275.8593		276.8414		277.8672		278.8140		279.8175		280.7812		281.7762		283.7515		285.6899		287.6647		289.6518		291.6516		293.5752		295.5516		297.4317		299.3409		301.2836		306.1642		311.0218		
0.0100		998564.7705		933223.7666		896668.4321		879891.4793		893556.6673		837321.0905		806625.8659		786590.4829		775505.8455		748404.1970		733953.1541		717703.1247		698058.3924		677114.5501		664072.8664		651081.0897		635065.1193		622623.9182		596618.1084		574829.3539		548139.2124		343642.0779		482417.7549		438377.5160		388627.7565		323306.8671		242644.0820		180006.7329		109640.7515		31915.6656		22631.0761		13128.1744		9724.6873		-2119.7475		1550.3691		7659.1532		1041.8561		-740.7672		1569.0679		3876.7303		1351.6050		-1552.5010		1098.9369		1370.5712		2928.7535		   NaN		
0.0200		1002514.5549		953383.4532		901453.1572		883432.4646		888961.4310		841609.1547		810264.0837		793734.1365		771949.3024		752754.4609		737741.3793		722635.1332		702572.4469		680896.7182		669203.5144		656420.4042		639425.8676		622903.4166		601630.1218		581462.3921		553355.7603		362939.1912		488296.4169		444616.2473		401689.1715		330972.5070		255584.2312		198622.4949		126108.8201		77338.5109		44112.3078		27179.2046		18527.0412		-5224.9746		9287.7980		10594.8942		-293.2772		-875.7682		3521.2996		3054.5064		2663.5078		-1958.4709		2156.8230		2431.1381		9328.3662		   NaN		
0.0300		1006449.9576		966266.8913		906193.6897		886783.7468		875168.5660		845438.8321		813837.8183		797422.3011		769271.1029		756967.4916		741635.5080		726885.5176		706860.7894		684722.6575		673591.3728		660511.5748		644436.8452		626925.4829		606783.5758		586888.1925		558191.1390		533333.5728		492572.7017		451342.4708		406909.7845		340294.6278		269025.5038		212672.5859		146230.0803		94658.7842		60729.4435		38578.5216		28381.2551		21188.7137		13901.0871		10056.5799		818.2250		6280.5676		5246.1697		4542.4912		3968.1912		-5441.0321		3200.3501		2902.2918		7042.4728		-25708.9590		
0.0400		1010299.8514		969860.5645		910854.8295		890121.0466		872234.4699		849023.7296		817396.7423		798598.9952		772955.5097		760625.1305		745608.2996		730527.0996		710956.5856		688502.0391		677266.1746		664146.0623		648451.5316		630945.5629		611709.3911		591430.4523		562760.9088		535266.3074		497701.0899		457748.2504		409349.2133		348344.2231		281117.3826		224257.5136		161397.3291		108596.8351		72312.6200		49462.4101		36896.8797		28133.9439		18356.5768		13404.3421		6902.9938		8338.2162		6970.0925		6027.9859		5272.6964		-11883.6022		4242.3921		3841.9993		2047.4060		2692.6420		
0.0500		1014009.5204		973194.6783		915381.2011		893448.2281		875626.7073		852561.4318		820922.5581		802052.6416		776522.4068		763967.5952		749501.7800		733991.5773		714957.7937		692334.4409		680897.4230		667884.5046		652288.8089		634901.9123		615922.9562		595319.6831		567115.3635		539908.7521		502778.3948		463060.5785		413772.8347		355939.5441		291665.4645		233173.8883		173420.2804		120580.8150		83157.3766		59973.4863		45116.6642		34842.5808		22780.8798		16652.8961		12271.5545		10389.3267		8693.5322		7511.1476		6574.5129		-10137.1986		5280.7422		4784.3213		3928.3832		3346.2571		
0.0600		1017521.8659		976538.0434		919714.3169		896769.1178		878885.8510		855900.9578		824400.7768		805339.6055		779984.8110		767228.6196		753152.6537		737375.3517		719046.5990		696166.4549		684477.6539		671609.6218		656047.2905		638789.9398		619895.0157		598849.2050		571440.7580		543812.0623		507666.5557		468424.5123		419420.0195		363152.9412		300544.5084		240350.5110		183395.7487		132367.7629		93714.2481		69919.7805		52855.4938		41265.7652		27190.6700		19856.7113		15338.5321		12438.6686		10417.3562		8989.3749		7867.8617		3808.2829		6315.7722		5726.9402		4699.8180		3998.8193		
0.0700		1020824.0794		979819.1553		918115.2597		900086.1814		882101.4519		859068.7277		827819.0574		808237.8400		783346.5487		770485.9637		756754.4501		740710.3167		722993.4905		699929.4729		688019.7663		675055.9703		659640.3665		642610.6845		623666.1787		602493.4765		575718.5825		547713.1316		512373.0021		473712.4293		424816.5483		369974.5710		307898.8698		249073.8736		192166.6146		143032.3632		104116.3446		79563.4362		60040.4707		47465.1466		31594.2093		23053.8047		17843.8987		14487.8871		12142.7381		10459.6509		9154.9052		8172.3202		7348.3427		6670.2971		5470.2023		4650.6683		
0.0800		1024022.0458		982977.9406		921463.3015		903397.5556		885190.2893		861947.4089		831169.3845		811088.7446		786465.5041		773591.2182		760176.5868		743933.6806		726178.6656		703577.5093		691508.7102		678315.3852		662981.8045		646190.5984		627022.4600		606198.5429		579921.6287		551784.5239		516816.8874		478816.0666		429857.4020		376296.6864		314656.5183		256987.1331		200512.9836		152896.7810		114190.9847		87205.2592		67004.3924		53413.2424		35788.7201		26244.0171		20328.4444		16507.0662		13861.1834		11927.8180		10440.2790		9311.0284		8378.5070		7613.4514		6237.0162		5302.0350		
0.0900		1026974.3856		985952.4856		924311.9667		906690.2393		888162.3461		864719.2765		834424.8571		813881.3771		789275.3640		776659.3870		763180.0857		746724.8808		729001.7247		707075.8931		694795.0636		681497.4554		665998.5342		649432.5041		630131.9332		609386.4328		584023.1700		555310.9731		521080.7475		483580.8271		434563.1629		382100.0897		321029.0977		264450.8386		209103.2484		160968.1128		123482.4288		94736.8783		73786.3757		59094.2013		39832.3069		29425.8923		22804.7471		18520.6108		15571.5697		13393.4867		11724.3111		10447.4139		9407.5914		8554.8625		7002.6907		5952.9954		
0.1000		1029746.1979		988692.5928		926841.8822		909923.5090		890754.0482		867335.9664		837424.9819		816585.4889		791971.0256		779515.5992		765818.9456		749417.8956		731619.9023		710410.3053		697631.6687		684481.8200		668914.7666		652377.3621		633179.8565		612466.5358		587996.0612		558948.1264		525120.4237		488117.4818		439036.8523		387266.7308		327153.8376		271919.7081		217355.5053		168458.7946		132671.6264		101861.8271		80426.1450		64468.6128		43910.5178		32589.7046		25270.7743		20533.4766		17281.7307		14855.4143		13007.3447		11582.3957		10435.1884		9495.2601		7767.9132		6603.4632		
0.1100		1032231.2945		991274.8657		929277.4443		912419.7261		893276.1966		869864.8163		840050.5641		819213.3816		794509.2826		782078.9091		768283.6762		752091.7383		734132.7839		713516.0100		700421.2508		687368.2425		671773.7104		655181.0190		636170.5274		615408.0217		591810.1735		562427.0975		529027.7066		492560.9341		443526.2702		392179.6581		333140.2694		278750.4063		225113.5336		176137.0459		140155.1187		108786.1014		86729.3360		69628.3040		47985.5374		35699.9968		27728.3311		22545.7424		18991.0201		16311.2089		14286.5486		12716.3992		11462.0541		10430.9793		8532.5810		7253.7665		
0.1200		1034754.4274		993731.6229		931653.4022		914537.0763		895753.7949		872339.9560		842292.7287		821763.5619		796919.4799		784540.9689		770685.2232		754778.7618		736630.5767		716229.4321		703125.5841		690136.1781		674651.1103		657943.1805		639092.3816		618167.0397		595424.6103		565782.3842		532640.0941		496926.2888		448299.9079		396913.0820		339066.5420		284833.2047		232440.0652		183508.3479		146814.0913		115423.0981		92585.4192		74674.9463		52011.3925		38739.6397		30178.6546		24557.4761		20699.7936		17764.1241		15560.0940		13849.6922		12488.9230		11362.7063		9296.8858		7900.1908		
0.1300		1037341.6773		996077.4534		933995.1502		916641.1901		897974.7970		874710.7014		844339.8909		824216.9280		799273.1135		786975.3033		773113.7445		757234.4385		739072.6553		718621.8743		705755.6879		692712.1123		677553.7978		660663.7696		641941.3237		620843.3138		598723.7791		569011.1656		536103.6415		501179.1049		452971.6101		401515.5338		345068.4344		290621.6077		239400.4580		190291.3108		152856.4606		121777.0899		98141.3737		79676.4478		55955.4053		41760.7513		32620.5156		26568.7450		22409.5044		19217.4204		16836.2599		14982.4803		13514.4659		12291.5291		10060.9628		8546.0953		
0.1400		1039776.8989		998328.4436		936297.5059		918734.7095		900201.8143		876889.0486		846552.7202		826547.1909		801589.5117		789276.5838		775491.3040		759505.4655		741480.7984		720782.2509		708179.0909		695175.1821		680397.6157		663320.7841		644688.1127		623511.6787		601594.8600		572097.8254		539443.6537		505266.6361		457622.3359		406037.1958		350932.6381		296390.8043		246066.0314		196551.5068		158676.1392		127910.6963		103657.7544		84630.0154		59791.2227		44771.8956		35055.3404		28579.6178		24112.5076		20670.5892		18109.1761		16114.9280		14537.9332		13221.7412		10824.9166		9192.0937		
0.1500		1041985.6746		1000502.9999		938530.4802		920821.1592		902404.9017		879068.4264		848715.0973		828738.9037		803732.9223		791451.3598		777695.9066		761659.3323		743832.0895		722843.8452		710514.0499		697502.8665		683134.1710		665896.0885		647331.2212		626193.0611		604186.1710		575079.8728		542662.7796		509299.1768		462247.1195		410582.8935		356503.9755		302217.0746		252525.3612		202885.7424		164424.7120		133837.9283		108944.3543		89512.2989		63548.9432		47751.1159		37466.1363		30587.6670		25800.3413		22120.7478		19381.6020		17247.0475		15559.2340		14150.0840		11588.8235		9838.5952		
0.1600		1044044.7613		1002623.3145		940681.1891		922901.7654		904515.0076		881079.9785		850788.0263		830819.9590		805694.8467		793530.7517		779774.7874		763742.7304		745982.8507		725029.0434		712856.6053		699696.9748		685727.7117		668370.3389		649906.1873		628818.9357		606588.9922		578030.0964		545827.4080		513208.9677		466847.2771		415153.9087		361885.1120		307822.1757		258938.4629		209203.2161		170098.4774		139576.6796		113954.1662		94155.9552		67253.6301		50697.1316		39855.9556		32568.4553		27471.0440		23566.9698		20653.4554		18379.2322		16578.8004		15075.8807		12352.7092		10485.2356		
0.1700		1046123.9538		1004715.4866		942744.3925		924969.5722		906500.5546		882967.2655		852764.0992		832811.6590		807661.2349		795564.2444		781791.3755		765726.7558		748054.4409		727190.8804		715197.0338		701872.9839		688156.2687		670749.9581		652438.9070		631323.3544		608853.5227		580921.7033		548958.0391		516424.5667		471316.6072		419538.2453		367197.4632		313082.7404		265316.8619		215413.6062		175671.0116		145039.6823		118860.2627		98723.4219		70919.8612		53524.6757		42241.8589		34551.0463		29143.8005		25013.8334		21924.6070		19512.8047		17595.6420		16001.4704		13115.8178		11131.4175		
0.1800		1048210.5125		1006757.0747		944690.5612		927020.0463		908400.9541		884808.7397		854660.7860		834731.5290		809614.4134		797544.5041		783722.9102		767679.4281		750044.2555		729254.5510		717407.9543		704043.1823		690379.8026		673066.8407		654953.4354		633701.0020		610966.0656		583712.6808		552040.4168		519058.2049		475049.4649		423894.2661		372054.6082		318006.6996		271250.7193		221426.0527		181127.5766		150338.7011		123687.3280		103214.7512		74561.9096		56331.4155		44624.0552		36536.5881		30811.9730		26462.5511		23197.9211		20646.5919		18618.1426		16926.9682		13873.0991		11777.8790		
0.1900		1050180.0290		1008759.3030		946551.3377		929051.0744		910208.5367		886655.5710		856490.5553		836596.3119		811533.2313		799461.8140		785604.1958		769695.1579		751951.5974		731264.9648		719524.7562		706189.3876		692374.7249		675348.7570		657473.2164		636037.1399		613051.8472		586302.4979		555034.7491		521630.8133		478758.5499		428232.9161		376912.9002		322924.3392		276323.9968		227128.4454		186477.2266		155650.2747		128408.5075		107489.7109		78193.5076		59130.6907		47002.7152		38521.8849		32477.7617		27916.3042		24475.2900		21780.8077		19640.5176		17852.1252		14627.2311		12424.5083		
0.2000		1052070.7491		1010728.3278		948335.6079		931062.9562		911976.9486		888486.6932		858249.1301		838423.1201		813383.0817		801304.2231		787458.9194		771559.2086		753795.4467		733213.3984		721527.7146		708290.7713		694259.0351		677647.4536		659831.5298		638308.8345		615311.7499		588747.3656		557804.9264		524181.1042		482280.6615		432541.2211		381413.0338		327790.5510		280685.5498		232328.9794		191727.2400		160858.6501		133006.3959		111708.3300		81819.0616		61930.6586		49378.0155		40502.7885		34143.5859		29372.0960		25753.7769		22914.7464		20656.5524		18776.6888		15381.0928		13071.1020		
0.2100		1053895.6688		1012469.8884		950065.3189		933057.1141		913705.4885		890249.0388		859933.9362		840229.7131		815139.6523		803067.2623		789225.8205		773341.0998		755624.8697		735113.6334		723392.2479		710319.2854		696096.3495		679925.7192		661904.1777		640509.0694		617577.7681		591131.8070		560419.1761		526713.0543		485684.8411		436805.4564		385759.9317		332580.3453		284540.3711		237081.2364		196885.5257		165903.3029		137574.7713		115947.8219		85259.7733		64727.5901		51709.5582		42474.9468		35813.0996		30825.1978		27031.9967		24047.2280		21666.8940		19700.4095		16134.7838		13717.4484		
0.2200		1055640.1522		1014118.6383		951767.3588		934999.8317		915401.2728		891920.0798		861549.8290		842035.4930		816929.2440		804691.3093		790879.2257		775087.5056		757432.1219		736971.7778		725086.9999		712226.2839		697897.0713		682110.9098		663948.2337		642701.9997		619755.9517		593481.1863		562988.4502		529230.6360		489020.4341		441009.8798		390151.3123		337275.6172		288106.1172		241562.0975		201919.2792		170747.3032		142070.8738		120163.3854		88586.5889		67517.8224		53950.5284		44432.5882		37483.6479		32270.8154		28302.8113		25172.0347		22685.0562		20625.9920		16888.1747		14361.9421		
0.2300		1057325.8443		1015769.9959		953444.8316		936541.9079		917029.8580		893455.2078		863106.4212		843767.1915		818525.5778		806219.1988		792530.1511		776792.3215		759208.5671		738764.3820		726721.3445		713941.7462		699654.6859		684185.2929		665946.3819		644776.5514		621934.1152		595813.0100		565522.7557		531737.8177		492296.5649		445277.0057		394533.4541		341939.8668		291632.7317		245922.6077		206824.4503		175360.0850		146460.7546		124310.0423		91882.3305		70279.3219		56194.7040		46363.9090		39153.0774		33704.2840		29568.1518		26294.4952		23706.9314		21552.6418		17641.3113		15005.3787		
0.2400		1058960.9602		1017407.0955		955010.7268		938063.5310		918505.2519		894969.5518		864624.9824		845335.7982		819982.2927		807751.7328		794153.9361		778431.7363		760923.3894		740483.3195		728312.5113		715532.7817		701422.7610		686143.8512		667887.5870		646743.7595		624044.8995		598133.3481		568032.1431		534238.5644		495409.3686		449500.6636		398855.2403		346554.2538		295293.5197		250319.8559		211603.7867		179675.2837		150713.9280		128322.8317		95081.0953		73020.7526		58436.3967		48265.2546		40819.3738		35122.4629		30832.0665		27426.2201		24728.9911		22478.8530		18394.2095		15647.9280		
0.2500		1060555.7810		1019017.6130		956528.8848		939551.3807		919850.4328		896459.9827		866153.6385		846776.0437		821429.4258		809273.5949		795726.9959		779989.5239		762525.3890		742127.0351		729865.9297		717076.5703		703192.2183		687977.8232		669800.1372		648692.1216		626124.9052		600401.2120		570526.5951		536736.8417		498304.0288		453439.9319		403068.0477		350900.2703		299370.4785		254885.3764		216251.7743		183836.9883		154789.1067		132086.4909		98221.6082		75723.6896		60672.6609		50148.3535		42480.4936		36529.1170		32095.4966		28534.9433		25749.7775		23403.6409		19146.8797		16289.0223		
0.2600		1062120.7898		1020593.2473		957974.1491		941017.9032		921192.4638		897923.0458		867643.9098		848144.4440		822863.1387		810780.8938		797219.1604		781505.0029		764076.3547		743662.6497		731386.0634		718615.6091		704893.4438		689692.8361		671695.1750		650647.6731		628192.3128		602619.3652		573016.1427		539236.6222		501139.7257		457012.6394		407134.3353		355230.4287		303510.6610		259382.9628		220763.0660		187863.5475		158710.4914		135721.6194		101329.9557		78343.8040		62900.7625		52017.2034		44134.2908		37924.4966		33357.6631		29650.3153		26768.6721		24326.1968		19899.3384		16929.5239		
0.2700		1063667.2202		1022040.4751		959394.9221		942464.2209		922525.9133		899357.3528		869084.3566		849525.8090		824283.3107		812272.6047		798654.4501		782986.4309		765641.3136		745124.0198		732878.8325		720139.6434		706515.9314		691296.5701		673561.9915		652577.1811		630260.2932		604889.4533		575511.2393		541741.9066		503942.4262		460198.7624		411045.8640		359295.9984		307604.3204		263718.4384		225143.6590		191780.9523		162544.9688		139272.7493		104419.5682		80951.0428		65118.1468		53869.3765		45778.4905		39316.5376		34604.0176		30764.6372		27785.9302		25245.7495		20651.6267		17569.8611		
0.2800		1065205.4150		1023445.7953		960816.4461		943866.9981		923850.4708		900772.1491		870484.0282		850875.4582		825690.8553		813689.2700		800059.9149		784442.8846		767089.1498		746548.0940		734350.5869		721624.0707		708051.6842		692807.4825		675369.7517		654432.8888		632316.0208		607164.4624		577861.8989		544256.7959		506762.3186		463183.7132		414786.7136		363281.6732		311846.8211		267969.3430		229472.1271		195613.9666		166428.2620		142839.4291		107504.6884		83553.1202		67325.3061		55731.6419		47410.6849		40707.4937		35811.9529		31875.1174		28800.4883		26161.7067		21399.3828		18208.5383		
0.2900		1066556.7875		1024843.5477		962201.8235		945145.6694		925167.3221		902172.6589		871845.0866		852218.2991		827084.7236		815051.1901		801435.2717		785878.9157		768424.1146		747931.0300		735807.7943		723100.5321		709550.1801		694289.2393		677055.7400		656326.0690		634346.9550		609401.8511		580263.8785		546785.8692		509491.8811		466081.0414		418233.3523		367242.2415		316255.2660		272181.2068		233769.2691		199388.5800		170378.5237		146447.4244		110579.5266		86148.5725		69518.8557		57593.1097		49028.3401		42094.9728		37017.7628		32980.0197		29813.8446		27072.7052		22150.9789		18842.1184		
0.3000		1067846.4104		1026208.5561		963501.6411		946419.7350		926472.6560		903565.3867		873170.9834		853547.6321		828453.1267		816404.2116		802780.6724		787295.1238		769735.2026		749281.9674		737256.9462		724628.2623		711035.6068		695755.4504		678718.3308		658185.6607		636328.6754		611552.0715		582669.0547		549338.2492		512142.6091		468987.7791		421518.4979		371186.5935		320703.6398		276457.0756		238036.3182		203131.1762		174194.8745		150039.2691		113637.0094		88727.7246		71691.6509		59452.4652		50626.2918		43473.8319		38221.3910		34082.2208		30820.5965		27978.7406		22902.1185		19473.9340		
0.3100		1069133.1665		1027527.8889		964756.9202		947711.3046		927764.1138		904936.3669		874465.5709		854808.9700		829793.8282		817709.0948		804102.5636		788684.1742		771032.8035		750632.0978		738704.6165		726248.3677		712514.4029		697208.3518		680355.0443		659925.7750		638227.8654		613547.2379		585060.3469		551936.3892		514777.8249		471996.4802		424665.5865		375180.3715		325170.8362		280953.4570		242273.5512		206868.2698		177791.3158		153606.2905		116678.1545		91295.8750		73834.8172		61308.6737		52196.4087		44860.4365		39424.4553		35182.8938		31818.6093		28880.2274		23649.2143		20106.9480		
0.3200		1070416.3756		1028774.1161		966032.5324		948906.4387		929039.0738		906175.9222		875732.8525		856001.6680		831098.0744		819002.0644		805407.6820		790014.9437		772316.2448		752006.0880		740154.6325		727846.1667		713983.8731		698650.0335		682010.5615		661532.9166		640028.4956		615428.6967		587431.0717		554568.6779		517406.5276		475074.7845		427705.1436		379174.8823		329653.8784		285550.8769		246481.1149		210626.5106		181272.3737		157162.5138		119703.8688		93886.7951		75948.7268		63160.6095		53742.9327		46245.1744		40628.2323		36282.6098		32812.7022		29778.7807		24394.7443		20740.9542		
0.3300		1071692.4009		1030006.9499		967203.9013		950066.2608		930294.3338		907270.8043		876975.6871		857161.4000		832365.6860		820256.0395		806704.9483		791264.8681		773585.3856		753366.4235		741606.3552		729373.6354		715454.6611		700082.6039		683680.1840		663112.0988		641787.0616		617245.3495		589803.3814		557216.6116		520026.0865		478173.5033		430673.1660		383143.8676		334143.8487		290150.5572		250659.1279		214433.5813		184714.1716		160605.9061		122710.2572		96478.7503		78037.5243		65006.9303		55271.0561		47630.2670		41833.8579		37381.9388		33800.7227		30676.1973		25139.1223		21374.8496		
0.3400		1072957.3301		1031218.8391		968358.8774		951221.7389		931525.4719		908350.6148		878154.6356		858294.3429		833580.8534		821398.9883		807988.9413		792500.3127		774841.2906		754693.1428		743051.3966		730872.4748		716889.6094		701508.2462		685333.8966		664676.3012		643570.1457		619027.2047		592130.9955		559862.3609		522830.6688		481282.0002		433608.0754		387095.8932		338603.7197		294690.7986		254807.7038		218290.8745		188138.0466		163878.4672		125633.0449		99057.1961		80120.4882		66848.3843		56785.9526		49013.1666		43042.4160		38481.4508		34784.6612		31575.0479		25882.1020		22007.6080		
0.3500		1074207.2081		1032414.3254		969494.6670		952362.1077		932725.4970		909407.6997		879252.7118		859385.4614		834735.6169		822493.2166		809181.0796		793723.4951		776083.8023		755999.8959		744478.0897		732297.6224		718338.0446		702929.2324		686958.0390		666239.1317		645375.7631		620801.6092		594358.8469		562492.6819		525614.3488		484389.5622		436551.8464		391000.9927		342992.8745		299122.0520		258926.9589		221942.0676		191539.7326		167062.8740		128505.2588		101612.1642		82244.5079		68680.9487		58292.7767		50391.5935		44254.9602		39581.7266		35769.0984		32480.1121		26624.2246		22639.5211		
0.3600		1075438.0881		1033593.3703		970601.5776		953481.5314		933858.5600		910457.2672		880282.4351		860470.5290		835834.4204		823567.5252		810363.2042		794937.3629		777312.0801		757287.3795		745870.4114		733588.7901		719774.4084		704347.9150		688539.9288		667829.2461		647089.5426		622596.1957		596347.1302		565095.6390		528145.1741		487485.3901		439551.4555		394793.9247		347242.7914		303398.0052		263017.0150		225625.5709		194954.0782		170201.0685		131265.4229		104135.4267		84374.7217		70507.2594		59796.6636		51763.1521		45473.6504		40685.8805		36759.8854		33393.7719		27365.9170		23271.0947		
0.3700		1076646.0454		1034732.7112		971673.6398		954577.5086		934930.2190		911485.0897		881270.7846		861559.9701		836920.6056		824625.8703		811420.4973		796142.5813		778530.3231		758574.7486		747208.7090		734836.5971		721176.8199		705766.7573		690010.2903		669430.6735		648678.4246		624394.0608		598192.6867		567641.6016		530526.7815		490558.5795		442556.2342		398370.7494		350878.6425		307472.9365		267078.0005		229314.1310		198452.1695		173311.0828		133995.2899		106619.2596		86471.8964		72330.9688		61302.7314		53130.9368		46705.8017		41791.4888		37750.6802		34310.4835		28107.4417		23902.3808		
0.3800		1077826.5261		1035826.9381		972726.2271		955650.2011		935971.9926		912506.5157		882290.8698		862647.8236		838005.2890		825674.3463		812466.9683		797331.1260		779743.2236		759864.0213		748454.6049		736032.4641		722527.7440		707189.4963		691368.9561		671021.5826		650234.4257		626132.8280		599995.2905		570090.1702		532815.0315		493598.0673		445515.0529		401727.5864		354272.1974		311154.4662		271110.0510		232999.0567		202002.3581		176412.9702		136710.0143		109055.9080		88537.5816		74151.7837		62816.0932		54492.7948		47945.8029		42898.0350		38738.6000		35226.0571		28848.2937		24533.4030		
0.3900		1078953.0956		1036905.4063		973761.9074		956672.0474		937001.9061		913541.1060		883327.9176		863728.4447		839084.9526		826725.8478		813504.8802		798514.2755		780898.6572		761136.4835		749607.9928		737201.4382		723784.2311		708623.7879		692664.7560		672601.5033		651767.9994		627863.6214		601814.4838		572370.7118		535010.5182		496592.4010		448455.6566		404944.0016		357605.7773		314440.8445		275044.9688		236671.5303		205571.5286		179542.1736		139411.3556		111431.9256		90580.7912		75933.3808		64341.7635		55851.4796		49185.5289		44004.9966		39725.6256		36138.3770		29588.5350		25164.0440		
0.4000		1080012.5636		1037971.5633		974778.9808		957653.7259		938034.4279		914513.9491		884358.4394		864794.0913		840154.7103		827797.6772		814534.3257		799569.8729		782024.7233		762367.5245		750726.5480		738383.8435		725015.8360		710063.3738		693935.4684		674172.9139		653284.7485		629600.1045		603682.6857		574404.7274		537148.1629		499527.8762		451394.8823		408060.2134		360829.8369		317476.8537		278255.4272		240320.0919		209124.1878		182674.8070		142100.8659		113731.3776		92602.3223		77701.7597		65875.4715		57207.8652		50415.1189		45109.7198		40703.5611		37050.4776		30328.8432		25795.0788		
0.4100		1081017.1544		1038987.0152		975776.2330		958602.1383		939034.8563		915440.7619		885377.1468		865819.7615		841209.0344		828878.8142		815553.3473		800620.7017		783165.2834		763512.0307		751836.9508		739573.3669		726291.5907		711495.6957		695189.4285		675724.1225		654790.5575		631290.0997		605568.4820		576243.4640		539245.4557		502382.5702		454277.2524		411104.3386		363997.7387		320400.8722		281345.4747		243953.8314		212625.5554		185795.6035		144780.1285		115969.4642		94619.2422		79459.6271		67411.6427		58555.6201		51625.9337		46210.3378		41679.2040		37954.2163		31068.4272		26426.8000		
0.4200		1082016.0445		1039954.7780		976739.2968		959524.2307		940012.3780		916369.7923		886381.3360		866789.7334		842242.4320		829958.7407		816560.4380		801615.8705		784274.6100		764566.6074		752934.7050		740792.7670		727556.3674		712904.8236		696430.7317		677261.6060		656292.5827		632980.8530		607423.9298		577951.7274		541316.2818		505005.5417		457167.6531		414100.6282		367159.3525		323370.1817		284434.0059		247575.4518		216106.0372		188879.9021		147450.7514		118164.0224		96608.4393		81201.4565		68947.8080		59892.1631		52829.8812		47301.7051		42653.9543		38853.6463		31807.8481		27057.4101		
0.4300		1082995.3118		1040896.2642		977667.0916		960439.2275		940974.2121		917295.0801		887369.3510		867738.2072		843248.5516		831030.7146		817558.6983		802588.8895		785357.6823		765584.8785		754037.9315		742022.9670		728734.8369		714264.8579		697663.2578		678776.1795		657801.6034		634671.2187		609179.9203		579592.8289		543371.8388		507390.0394		460154.3579		417081.6692		370424.4209		326485.2508		287503.9826		251170.9138		219502.2131		191866.4568		150114.6355		120334.6423		98584.5846		82908.8073		70483.2019		61222.8964		54030.0673		48383.1468		43626.4362		39750.2422		32548.5673		27685.1964		
0.4400		1083936.6971		1041822.0525		978571.1060		961341.0148		941880.1107		918211.5356		888352.5314		868639.3262		844218.1567		832089.4843		818557.9557		803556.4771		786448.5576		766596.2914		755162.1623		743245.6792		729832.0113		715522.4116		698890.8871		680207.4959		659316.6013		636361.4533		610806.2894		581230.8288		545419.0294		509616.1479		463156.8360		420067.9403		373693.5146		329665.3010		290572.7808		254713.2259		222753.9984		194822.5503		152782.1909		122506.3908		100564.3644		84612.8599		72018.3198		62551.0768		55228.6380		49459.3819		44600.6743		40644.7942		33287.7393		28312.1363		
0.4500		1084826.7020		1042739.4847		979468.9831		962193.0315		942747.2235		919113.1974		889313.1226		869550.2851		845131.2051		833130.2130		819553.9382		804517.5289		787534.3107		767621.7151		756256.9591		744448.6816		730904.2403		716666.0011		700118.1384		681565.1889		660831.7467		638052.0273		612369.8797		582896.3584		547437.0250		511784.1563		466157.2825		423106.2017		376971.5180		332924.8350		293658.1148		257834.8525		225892.0655		197763.5383		155492.3695		124720.9195		102557.5673		86319.1839		73551.8736		63877.1917		56427.9090		50536.8446		45584.9734		41537.8681		34027.1066		28938.4734		
0.4600		1085697.2630		1043644.5458		980371.3170		963056.4494		943598.1825		919991.6614		890218.5712		870370.2597		845988.9300		834149.1155		820541.4109		805470.0894		788625.7264		768670.2872		757339.2857		745620.3659		731963.5609		717795.6878		701351.9386		682933.7695		662345.1190		639740.7384		613903.5911		584627.0906		549345.6242		514006.9779		469154.3026		426084.1803		380228.7845		336004.8697		296783.5132		260759.8151		228974.8932		200690.4261		158205.3935		127006.6632		104554.1586		88022.2106		75082.7120		65201.7892		57627.8632		51613.6386		46567.4168		42429.2723		34766.2853		29565.2922		
0.4700		1086557.5379		1044532.4859		981210.5980		963918.0815		944444.5850		920840.1921		891055.8710		871185.6682		846810.6149		835143.1441		821515.1516		806412.1367		789709.2697		769754.0867		758406.3719		746738.6398		733020.1234		718926.0512		702606.2318		684297.8244		663855.6219		641425.3795		615434.9844		586389.6528		551378.6254		516223.3439		472142.3334		429036.0970		383477.8531		338935.0135		299960.7029		263601.4232		232023.4983		203604.3887		160896.7917		129318.0915		106544.3003		89716.0150		76609.5956		66525.4641		58828.9103		52690.8572		47540.2806		43321.6384		35504.2818		30193.5954		
0.4800		1087409.5310		1045413.1352		982036.3310		964771.3422		945287.9330		921665.7305		891846.9277		872006.0444		847610.9835		836075.2428		822469.7783		807336.0117		790773.3582		770751.3424		759454.3597		747810.9262		734084.8415		720032.0457		703866.7265		685656.7462		665362.5225		643103.4256		616991.8879		588124.2036		553610.7128		518398.8607		475085.7767		431983.0877		386739.0347		341820.1334		303150.4245		266496.2585		235038.6326		206506.8428		163545.5950		131642.6040		108511.1484		91387.9868		78132.2207		67848.9201		60038.2663		53766.6093		48502.7278		44210.9334		36239.9394		30821.1340		
0.4900		1088254.7002		1046273.4438		982858.1714		965610.3168		946105.3898		922477.1127		892607.4557		872819.4996		848402.4501		836924.5530		823399.4097		808235.2769		791805.7647		771737.3713		760481.6647		748850.4496		735173.4160		721124.1778		705118.3549		687010.5592		666865.2449		644745.4396		618579.9153		589839.9456		555932.6899		520543.7178		477895.2823		434933.8727		389965.8479		344676.2694		306260.2341		269385.0252		238014.0450		209401.9740		166131.4213		133972.3450		110431.7292		93019.2081		79603.1656		69173.2700		61257.6263		54837.7499		49471.4894		45093.5549		36965.7333		31446.5041		
0.5000		1089094.2133		1047116.2313		983678.6666		966407.2072		946897.8174		923279.0644		893349.2828		873606.4312		849188.9172		837717.4379		824289.9295		809126.1642		792792.9541		772716.3760		761510.5096		749869.8821		736293.5525		722211.5238		706356.9863		688352.4756		668363.2849		646194.2022		620170.7794		591548.4877		558281.4816		522617.2705		480777.8886		437872.0890		393081.8905		347522.3922		309263.8767		272284.4037		240889.8903		212311.1865		168634.0409		136301.1382		112324.2705		94646.2716		81055.6868		70499.7250		62479.4462		55898.8644		50437.2740		45976.1146		37685.3543		32068.5501		
0.5100		1089929.0877		1047931.6135		984493.0099		967173.1210		947680.5583		924075.5774		894083.3729		874390.5917		849976.1482		838474.5829		825139.3855		810022.0537		793712.5985		773682.7860		762521.9661		750882.0146		737429.0449		723302.9044		707583.3267		689582.3448		669856.2418		647659.6253		621764.3656		593259.6744		560615.6668		524686.1085		483497.6395		440778.2382		396177.3163		350378.3004		312257.2999		275263.8974		243761.0877		215229.1751		171055.0629		138623.4278		114207.0216		96264.9424		82509.6416		71826.3072		63697.7620		56944.5604		51397.3142		46866.8624		38407.3961		32686.2292		
0.5200		1090760.2706		1048723.2409		985296.0560		967927.3630		948463.6422		924872.6334		894822.0421		875172.8877		850776.2383		839214.9998		825960.4286		810955.5541		794567.9056		774642.4415		763545.6278		751900.2411		738571.8514		724408.3230		708758.0062		690816.6956		671343.8961		649130.4912		623366.3451		594984.1171		562959.7703		526795.4037		486133.4552		443639.0238		399281.6812		353268.1896		315284.7531		278290.9019		246712.9042		218146.8558		173435.2823		140933.7925		116089.6004		97929.9675		83962.5607		73149.6697		64906.9637		57979.2625		52354.4047		47749.8750		39130.2093		33298.7338		
0.5300		1091588.6848		1049502.9928		986084.6203		968676.7738		949246.0473		925636.4639		895580.4185		875954.6074		851566.3240		839958.4368		826765.5773		811882.0462		795388.0145		775602.5318		764568.5245		752906.0991		739714.7394		725535.1287		709890.0768		692015.3663		672819.1590		650595.2703		624972.6116		596781.6072		565307.9572		528956.9974		488756.6583		446375.3252		402180.6348		356230.6960		318385.6394		281220.1793		249740.0094		221055.1681		175782.9719		143226.4072		117971.0087		99592.5424		85414.3641		74458.1633		66101.3743		59007.1661		53310.1648		48633.6099		39850.3728		33904.0392		
0.5400		1092415.2576		1050278.2009		986863.6795		969427.8633		950003.9424		926353.6475		896331.9890		876738.0323		852348.6155		840725.1486		827568.9576		812763.8614		796184.2151		776554.6679		765579.6097		753885.8294		740849.2658		726658.8905		711019.8809		693161.9823		674078.6293		652042.3262		626589.2195		598592.3797		567646.8214		531141.5839		491413.8236		449000.5683		404974.8781		359419.4807		321602.3836		284093.7407		252795.1868		223945.0545		178105.1411		145497.4667		119829.4906		101265.0632		86864.9051		75759.4747		67276.9815		60031.8155		54265.8941		49516.2617		40570.5665		34505.4473		
0.5500		1093240.9410		1051049.0271		987596.7182		970178.0885		950725.4998		927077.3850		897081.8992		877520.0093		853130.8984		841483.8591		828373.3565		813627.2516		796964.8703		777496.6765		766570.7743		754894.6845		741971.9701		727760.5308		712189.4791		694297.6527		675304.6133		653440.6984		628161.2792		600300.0061		569962.7014		533350.4879		493984.8743		451659.3742		407733.4207		362622.0339		324671.9085		286990.9251		255838.4646		226807.4573		180408.9627		147684.8961		121685.9987		102908.9241		88313.9375		77060.5372		68427.5665		61056.8234		55220.4902		50397.2147		41289.2002		35102.6913		
0.5600		1094066.7413		1051815.0972		988296.1066		970925.7859		951403.6770		927804.2935		897823.5697		878284.1024		853911.9079		842225.5143		829174.8759		814410.0571		797741.3548		778450.0692		767527.8489		755904.2563		743086.7574		728863.0372		713346.0665		695427.2023		676443.7094		654721.8361		629728.4610		601917.3774		572242.9541		535594.4051		496429.0133		454352.0444		410475.8613		365809.7349		327558.6940		289980.0585		258830.1602		229633.3168		182701.9559		149713.6639		123525.7965		104489.5008		89760.9958		78361.1211		69557.5392		62084.7404		56174.5016		51277.5225		42006.1907		35696.8875		
0.5700		1094893.8236		1052561.4266		988989.0326		971671.8982		952065.0832		928531.4306		898556.5050		879029.8086		854691.0947		842965.5465		829971.5936		815213.8365		798530.3256		779426.3910		768434.3764		756911.9322		744184.7842		729952.9904		714454.9121		696554.7090		677566.8881		655977.5347		631286.4568		603516.3367		574215.5706		537819.3693		498845.7359		457000.9240		413219.4576		369009.8061		330383.2132		292945.1065		261730.3382		232413.5642		184992.4036		151674.2301		125334.9434		106050.1789		91203.2380		79660.6298		70671.9371		63115.4393		57125.8085		52154.8906		42717.4424		36289.2488		
0.5800		1095722.6473		1053289.6702		989676.0884		972417.9434		952720.0209		929255.9398		899274.6323		879758.1014		855474.3909		843707.5359		830761.8170		816065.7925		799362.7103		780357.9521		769308.6317		757916.7428		745208.1024		731071.1202		715522.6466		697687.3175		678674.6070		657224.7024		632834.8796		605088.4047		576059.5982		539908.9244		501268.0357		459505.4969		415983.9473		372127.1529		333176.3519		295687.5093		264497.6697		235139.0793		187290.2723		153593.5948		127196.3279		107603.4005		92636.9925		80960.3362		71774.8030		64155.2204		58072.8231		53024.0532		43417.7018		36880.9456		
0.5900		1096530.1012		1054004.6410		990357.6812		973183.1101		953369.3540		929975.0120		899982.3679		880443.3748		856264.6703		844480.2147		831545.1420		816915.7177		800209.4535		781276.1625		770163.7587		758918.2634		746173.7440		732189.2445		716555.6849		698846.1113		679773.9184		658475.0600		634358.1108		606657.6471		577858.6998		541913.9265		503715.1954		461992.3045		418797.4446		375046.7911		335968.8919		298390.1404		267147.1283		237795.1637		189560.8981		155494.9482		129069.0844		109157.6989		94071.5424		82258.4940		72870.6163		65197.5547		59009.9328		53878.4311		44110.6385		37473.1964		
0.6000		1097169.9953		1054719.4304		991034.3477		973859.4651		954013.8476		930685.8888		900685.3514		881136.9083		857044.5996		845246.7451		832321.3214		817743.1042		801029.0061		782170.2967		771008.3402		759916.2524		747135.5512		733300.3467		717653.0654		700000.4497		680876.5777		659745.5668		635802.4099		608265.7984		579597.9151		543937.5104		506172.4428		464508.5839		421533.0246		377750.6861		338791.5567		301089.6667		269706.1103		240327.7728		191891.6622		157384.4212		130935.6278		110728.5204		95514.5275		83552.2068		73963.8534		66241.4290		59935.9497		54721.8826		44799.6947		38067.4394		
0.6100		1097846.7932		1055431.3823		991707.0095		974503.0246		954654.2735		931385.8804		901361.2516		881828.2266		857804.5736		845956.0651		833101.3042		818508.5031		801833.2255		783053.1545		771850.7510		760910.5129		748093.6682		734389.3062		718777.5874		701075.6332		681981.8355		661066.3649		637205.3169		609977.6952		581317.3227		545948.1490		508492.0390		467085.9709		424220.5873		380396.0641		341620.4539		303809.2430		272214.3411		242738.7241		194260.3262		159269.8469		132788.1172		112292.8091		96965.4481		84833.4763		75059.6391		67281.4228		60857.9296		55558.1284		45489.4799		38665.9343		
0.6200		1098508.3711		1056088.0161		992376.0467		975137.7124		955291.3953		932072.4239		902007.1003		882518.6288		858505.7272		846627.3195		833882.2128		819237.2874		802614.5317		783922.4477		772693.5749		761901.0629		749044.2798		735422.5119		719888.5492		702120.5490		683092.9694		662408.8401		638625.6545		611767.7852		583044.6115		547946.5170		510674.2309		469736.8099		426892.7456		383063.5213		344538.4515		306568.9506		274720.0874		245056.4481		196626.2580		161158.4781		134626.2774		113863.9169		98418.0019		86072.1113		76165.5318		68309.9826		61778.4195		56391.1643		46180.0150		39256.9578		
0.6300		1099164.3552		1056732.7622		993041.1211		975764.5481		955925.9510		932737.4363		902641.4506		883243.1677		859149.5538		847300.6732		834649.9392		819949.0573		803380.9170		784771.9459		773538.8684		762778.9679		749969.5202		736368.6090		720963.0252		703185.2420		684226.5325		663733.8143		640078.6855		613598.3802		584747.6250		549925.3427		512831.7980		472353.1575		429578.0244		385805.7846		347541.1220		309380.8728		277311.0681		247314.7853		198951.3869		163060.0314		136427.5161		115442.1114		99867.0453		87291.3915		77290.1980		69324.2259		62698.0207		57225.4319		46870.8636		39854.3252		
0.6400		1099816.1729		1057375.6379		993702.1921		976388.6160		956558.6202		933371.9015		903268.5532		883975.8345		859793.4604		848002.3734		835392.5571		820645.0468		804150.7257		785593.2566		774371.1650		763658.9767		750878.7499		737263.7264		721975.6629		704336.9454		685429.2011		665029.0001		641505.6123		615443.3453		586415.5390		551881.4390		515000.7409		474915.2685		432217.0487		388645.7173		350660.2815		312221.0971		280023.2852		249546.9457		201253.9354		164998.2137		138171.7799		117022.5577		101311.6461		88507.0577		78424.9849		70335.0159		63620.3055		58058.6261		47562.3115		40450.7455		
0.6500		1100464.2797		1058017.8390		994359.2585		977010.9958		957189.9520		933979.4908		903898.9306		884691.9129		860437.7039		848710.2977		836098.5466		821330.8477		804933.2035		786406.1893		775192.2380		764477.9364		751748.5826		738130.8931		722945.1751		705383.1532		686665.6621		666282.6087		642868.1115		617280.4842		587997.4383		553834.0456		517176.1549		477399.1325		434793.2632		391530.9870		353780.6598		315081.3259		282745.8726		251785.0271		203635.2744		166998.1054		139886.5048		118601.8850		102755.3612		89708.5093		79560.6983		71348.0816		64541.5247		58890.9256		48254.0102		41034.0022		
0.6600		1101108.7462		1058652.5306		994984.1465		977631.2258		957820.1979		934573.1905		904538.6098		885381.0504		861082.5861		849422.3964		836769.7005		822011.6168		805714.2703		787232.2074		776015.3567		765263.4511		752589.8378		738984.9581		723905.8552		706422.1232		687891.6977		667493.2907		644277.3878		619087.9494		589676.0238		555783.3899		519382.9479		479800.3803		437385.4581		394449.7891		356796.8271		317956.9533		285413.9411		254062.4209		206022.0253		169036.6447		141583.2376		120156.0571		104194.2118		90909.0412		80698.2706		72367.8535		65460.0744		59715.6443		48945.7874		41617.4270		
0.6700		1101749.5151		1059287.1020		995587.8537		978245.3051		958448.2437		935161.8507		905179.0256		886054.1345		861728.4322		850135.7585		837426.6465		822692.8713		806497.0970		788040.7582		776839.1592		766035.1508		753430.6434		739838.3639		724861.8628		707452.5782		689104.6656		668689.6451		645726.6181		620843.4746		591414.0639		557715.2553		521603.8603		482026.6277		439975.6610		397387.6873		359707.2897		320842.9154		287980.0670		256423.4779		208396.2663		171084.4517		143272.0918		121684.5171		105621.8808		92116.6542		81838.3041		73361.4349		66367.4574		60542.0336		49637.2903		42199.2290		
0.6800		1102386.4990		1059919.0915		996189.9045		978850.5523		959054.7713		935751.3039		905816.8090		886714.7583		862375.7039		850847.4004		838072.0487		823381.7700		807279.2449		788831.4188		777677.4515		766797.0006		754281.0359		740702.8535		725816.9959		708484.4758		690315.6308		669870.7254		647180.8642		622561.5334		593159.5604		559632.3845		523821.1226		484205.1030		442569.8242		400331.8160		362575.1947		323733.8267		290415.9729		258879.7894		210739.7059		173090.0562		144962.9327		123212.5673		107008.0991		93331.9176		82974.1226		74370.9020		67273.3446		61367.7968		50327.7082		42779.7898		
0.6900		1103019.4927		1060535.2366		996785.4897		979443.4819		959633.7993		936337.9906		906448.1478		887362.3386		863027.3743		851553.2955		838708.5531		824087.9084		808057.7546		789554.0260		778522.8953		767544.9786		755142.3359		741589.1642		726773.5032		709542.6565		691534.9076		671043.2613		648605.2290		624247.8565		594881.4073		561532.9721		526010.6748		486369.3216		445180.4778		403269.6143		365479.7886		326623.8138		292724.9115		261395.0683		213025.1744		175053.8170		146665.1992		124740.0528		108333.4534		94552.8878		84092.8384		75382.3601		68177.6812		62193.4246		51017.2767		43361.1402		
0.7000		1103648.7749		1061093.6313		997362.2222		980031.0679		960205.8012		936920.0495		907073.1589		887995.4143		863682.9692		852225.8713		839339.2540		824794.1978		808832.6965		790273.6915		779372.3759		768289.7711		756021.0272		742451.0832		727735.7199		710634.7323		692756.4219		672214.1304		649940.1024		625883.1255		596584.6100		563387.7956		528115.0579		488541.7388		447807.9380		406188.6175		368361.8326		329505.9971		294918.2176		263968.1293		215127.6215		176997.1383		148392.9526		126266.5464		109669.1233		95769.5158		85185.0592		76392.7123		69081.4539		63019.1004		51705.5231		43941.3000		
0.7100		1104264.1171		1061669.7143		997917.5449		980598.2376		960774.0744		937497.5150		907690.9727		888611.2211		864339.5264		852881.2969		839968.4364		825503.0417		809605.3011		790990.6263		780223.8025		769034.9429		756910.8067		743302.6595		728674.6518		711735.4208		693975.1463		673390.4988		651218.8865		627316.0962		598226.5984		565148.9931		530131.5205		490742.7736		450488.1137		409076.2013		371170.1071		332371.5669		297027.1178		266562.0676		217143.6000		178934.4390		150145.6824		127776.3617		110979.8889		96981.2835		86260.3060		77400.3499		69983.7816		63845.5184		52370.0042		44518.3335		
0.7200		1104859.0754		1062238.5960		998471.1899		981144.7540		961340.3345		938070.6676		908272.8859		889203.1303		864995.0156		853534.0029		840603.3900		826213.3608		810373.3550		791707.4442		781073.6241		769782.0698		757783.8158		744168.1377		729607.8493		712838.5577		695186.5297		674582.3205		652503.7569		628621.1487		599725.9277		566893.6119		532080.2430		493001.2492		453202.9429		411911.5128		373976.9857		335222.3499		299150.3107		269141.4408		219123.1099		180867.5310		151921.1156		129277.9992		112327.1634		98211.3731		87326.7714		78405.9264		70891.5240		64671.4567		53032.2072		45090.2980		
0.7300		1105437.0040		1062802.6843		999020.2733		981686.5185		961906.8146		938639.0371		908836.7542		889765.7921		865647.6144		854140.3836		841234.5193		826923.3146		811123.8666		792415.4557		781915.7876		770533.2732		758631.4290		745064.9237		730554.2741		713941.4256		696386.2661		675747.7197		653835.1761		629908.4830		601117.5322		568631.4632		534026.8291		495318.0448		455926.9149		414438.0875		376814.2499		338004.6070		301413.3557		271661.8165		221093.5187		182783.7705		153704.4652		130801.8444		113687.3752		99451.5984		88395.8055		79407.6882		71804.7177		65496.0904		53693.5700		45655.2134		
0.7400		1106009.6503		1063359.4520		999565.0559		982223.7913		962482.6742		939201.8562		909390.9121		890308.6525		866295.4781		854744.0533		841869.9958		827629.5122		811843.6161		793107.8943		782686.9782		771292.0069		759453.5388		745986.9700		731527.5215		715041.9169		697570.1936		676940.5112		655152.1990		631143.1144		602432.6077		570356.8026		535950.2233		497660.7460		458636.2587		416785.8261		379690.7181		340482.8459		303672.3541		274064.6242		223080.8554		184671.0538		155478.8207		132316.1238		115051.3793		100697.6568		89460.4104		80402.8041		72717.9376		66320.7614		54354.4585		46212.9585		
0.7500		1106581.1853		1063911.7033		1000105.9664		982757.4121		963066.4599		939759.4499		909956.1589		890838.6535		866936.6694		855367.6704		842523.8687		828332.3625		812516.5763		793803.5897		783406.8389		772087.7991		760283.3323		746912.0931		732527.3018		716134.7471		698734.2536		678141.8093		656379.4955		632349.9409		603751.4605		572071.0702		537842.4911		500023.0723		461309.9059		419154.8298		382564.7621		342867.3537		305926.7998		276400.1030		225094.7649		186550.3684		157248.2692		133807.1538		116415.9738		101946.5029		90535.6490		81387.2395		73627.5903		67145.8402		55015.2286		46765.1351		
0.7600		1107146.5315		1064463.3695		1000643.5662		983289.1445		963641.3290		940304.5237		910521.5793		891360.8109		867566.7886		855993.1861		843185.4824		829033.4846		813184.5130		794496.0415		784132.2390		772899.9950		761116.9281		747839.8591		733541.1906		717086.2246		699878.3154		679312.5271		657587.6795		633563.6977		605143.9766		573783.2241		539827.3732		502397.8328		463939.6607		421490.9505		385403.4821		345237.5729		308184.7683		278707.1337		227130.6844		188375.4305		159003.3728		135264.8551		117778.8560		103195.7372		91612.2782		82353.3902		74533.6664		67971.1142		55676.2272		47314.4429		
0.7700		1107703.0213		1064997.2319		1001173.2264		983818.9613		964200.1685		940830.6720		911072.8678		891879.3604		868175.7763		856624.9744		843849.7065		829725.2939		813875.4261		795183.8736		784864.6470		773727.6187		761935.0672		748767.7947		734557.3460		717952.5004		701008.6923		680418.0506		658788.9957		634825.0263		606524.0464		575497.2723		541965.1395		504777.6920		466530.9670		423799.0830		388175.8860		347598.4417		310454.4214		280993.9959		229232.1914		190191.5416		160730.5991		136700.7409		119114.1326		104443.5099		92690.0972		83299.8309		75435.3426		68796.3444		56337.7967		47866.5970		
0.7800		1108247.1593		1065526.5213		1001693.6867		984342.0719		964748.0500		941354.7698		911601.4962		892394.2396		868757.8435		857214.0058		844511.5748		830404.5207		814560.9868		795854.4126		785625.1957		774540.9877		762745.8469		749692.3107		735563.3972		718815.3456		702056.6695		681491.8570		660010.6942		636105.4085		607902.7809		577210.8781		544178.1606		507155.3767		469074.2425		426096.0239		390851.6190		349954.7130		312744.4538		283270.2013		231418.8580		192012.6600		162407.5081		138124.7950		120396.2052		105688.7043		93770.0422		84235.7121		76323.5821		69621.3670		57000.2862		48423.3785		
0.7900		1108774.0298		1066048.8239		1002200.9113		984862.2693		965286.2331		941841.4642		912122.0039		892905.4723		869311.8440		857774.0899		845165.2120		831044.3643		815230.3555		796515.0596		786380.9668		775350.9380		763552.4575		750606.5265		736546.0462		719675.7555		703026.9647		682577.1540		661212.5876		637437.0979		609289.8868		578927.3891		546424.9148		509523.3397		471555.5436		428392.5029		393400.5107		352311.0578		315060.3357		285547.7031		233657.7500		193796.6805		164028.5060		139543.1810		121670.9101		106931.4378		94854.4230		85166.6744		77200.3346		70446.0461		57664.0809		48980.7801		
0.8000		1109294.4017		1066567.0046		1002697.3508		985378.7112		965811.8478		942321.3449		912640.4076		893415.0933		869846.4879		858326.9700		845819.2840		831656.1148		815875.2310		797173.2134		787138.1155		776159.6652		764357.0384		751491.8180		737474.2291		720535.1092		703955.4255		683668.1620		662532.3758		638802.5530		610692.8141		580710.9604		548681.8189		511872.6995		473951.4799		430698.3123		395769.8885		354672.0509		317360.8013		287828.3623		235933.9061		195590.3021		165620.2577		140968.5928		122941.6628		108174.1390		95944.1491		86096.9387		78054.6534		71270.2535		58329.6825		49543.6400		
0.8100		1109800.0694		1067057.7627		1003186.2115		985890.4089		966304.3493		942799.0286		913158.9784		893925.5557		870371.1430		858875.7132		846462.8581		832253.6109		816507.7050		797832.7932		787896.0280		776966.3027		765164.5542		752343.4444		738327.2341		721394.8310		704853.8177		684789.8850		663914.5730		640166.8242		612117.6434		582517.0262		550930.4522		514188.7936		476060.4485		433022.9651		398001.9333		357042.1784		319691.2869		290107.8355		238233.5346		197476.5950		167180.9606		142429.8863		124212.7769		109423.6824		97032.6713		87030.4007		78912.7215		72093.8550		58998.2100		50110.8469		
0.8200		1110292.2205		1067535.5510		1003676.0781		986398.5416		966768.2437		943275.0773		913665.8670		894440.2103		870890.1788		859422.5581		847048.3125		832845.5554		817139.7729		798497.8300		788653.6183		777769.9806		765955.7617		753248.5047		739129.9214		722254.7866		705693.3295		685961.4038		665300.4454		641516.7157		613569.5652		584333.9285		553122.0555		516391.6883		477990.0837		435375.8530		400154.3431		359425.8651		322084.4847		292385.4979		240542.4749		199503.2860		168767.1117		143974.8642		125480.4621		110676.0086		98124.8655		87971.0282		79781.5004		72916.6613		59670.9331		50678.4787		
0.8300		1110775.0020		1068007.2821		1004156.1649		986891.9546		967217.6984		943750.3200		914166.5969		894964.2819		871405.4638		859969.4842		847571.5902		833425.1999		817771.0081		799174.0959		789409.3890		778569.9493		766731.4315		754132.4957		739963.5521		723107.6232		706508.2725		687143.8086		666664.8366		642827.7360		615052.2427		586158.2219		554753.5053		518375.1828		479667.1819		437766.2996		402267.5785		361827.5349		324552.9033		294660.3484		242844.0614		201592.0356		170442.7148		145576.8569		126720.6278		111912.6386		99220.4577		88922.3399		80637.0322		73738.5131		60346.5782		51248.2367		
0.8400		1111247.5230		1068479.7604		1004657.1386		987369.6186		967668.0281		944225.3733		914664.2397		895506.9604		871912.4786		860519.2510		848149.7073		834002.4169		818398.4893		799877.7905		790160.9647		779365.6138		767474.0500		755005.1084		740819.9991		723928.3863		707358.3634		688318.1559		668005.8226		644089.2243		616582.3511		587992.2945		556346.6426		520250.3670		481357.8629		440213.3044		404379.3141		364251.7430		327101.5477		296936.0483		245125.8223		203684.5484		172115.0466		147200.2493		127958.1684		113108.3671		100315.7645		89900.5606		81478.4702		74526.0627		61023.8196		51818.0941		
0.8500		1111705.6859		1068954.8479		1005122.5065		987834.7072		968092.1415		944700.2136		915170.5913		896059.7646		872421.4513		861079.0539		848757.1321		834577.2408		819018.7139		800601.2034		790903.9269		780156.1679		768208.3459		755823.0822		741680.3200		724772.1128		708298.8649		689486.8651		669326.7645		645369.4167		618195.6017		589830.8246		557923.0179		522144.9765		483131.9775		442733.1166		406527.6338		366703.4684		329715.3855		299154.2437		247400.6096		205737.4303		173751.2055		148824.3720		129193.2251		114244.7692		101407.4377		90896.0143		82316.0291		75307.7322		61701.3541		52385.6366		
0.8600		1112158.9293		1069439.0000		1005566.5669		988289.6394		968526.7412		945153.9296		915651.6941		896633.7189		872989.9197		861639.4115		849358.0114		835151.1449		819626.8351		801321.7310		791637.2275		780916.6309		768985.8114		756593.0242		742542.7890		725674.3542		709272.2109		690642.5963		670575.5591		646677.0508		619887.4735		591657.3421		559493.6970		524065.2560		485061.0146		445295.6994		408751.5493		369188.8102		332377.6265		301436.8627		249526.2289		207766.2677		175362.6315		150434.7705		130428.6576		115348.0545		102491.7810		91889.6210		83153.5989		76086.4412		62377.8167		52943.2582		
0.8700		1112617.1049		1069915.7334		1006009.7489		988734.3070		968975.1637		945599.0585		916117.6809		897183.4142		873532.5546		862193.3719		849941.7212		835725.4805		820230.9612		802013.1980		792350.0506		781575.3995		769791.8462		757345.1007		743406.0524		726596.3057		710258.9930		691772.9279		671675.3018		647978.3786		621665.9822		593435.8110		561066.9581		525875.2512		487118.7358		447868.8518		411064.5321		371752.9256		335076.4742		303899.5638		251435.1340		209808.4968		176962.2113		152019.3897		131665.8294		116441.6333		103563.6888		92862.2818		83994.0293		76865.6817		63051.8996		53498.0134		
0.8800		1113085.4014		1070356.7751		1006451.5210		989173.5950		969421.8497		946043.2352		916606.4852		897726.3711		874063.9090		862724.4989		850502.4149		836302.3636		820831.0060		802686.4686		793019.8638		782302.3880		770604.3680		758101.0581		744268.9556		727521.6720		711247.2725		692857.1097		672742.4712		649289.5279		623458.6187		595036.6267		562655.5371		527666.4050		489205.1042		450420.4120		413442.5306		374415.2687		337800.5123		306403.7984		253339.8128		211793.2022		178561.4918		153610.9526		132907.0518		117539.2730		104607.9972		93807.1330		84839.8600		77643.9546		63724.9548		54052.2423		
0.8900		1113555.7871		1070804.8992		1006891.4584		989609.7078		969865.6731		946486.7188		917105.5784		898245.9846		874584.4932		863256.1035		851038.0484		836883.7434		821440.5183		803362.0916		793669.9577		782955.5884		771413.7797		758855.1309		745125.1368		728444.8392		712235.2888		693850.1750		673777.3522		650503.4182		625204.0045		596474.0816		564325.1383		529442.5666		491322.6180		452918.2525		415860.1085		377103.7123		340538.6115		308918.0519		255245.3236		213665.1645		180172.9524		155182.4145		134155.0574		118617.7625		105635.3959		94743.8112		85693.5068		78421.1910		64395.8687		54606.1092		
0.9000		1113993.5805		1071254.0629		1007329.1205		990042.7064		970303.7082		946930.1311		917596.7420		898718.4860		875107.5079		863779.6083		851555.9477		837461.0853		822046.9789		804047.9766		794319.1396		783604.1953		772210.9207		759612.1394		745924.2153		729355.2639		713206.4337		694792.8335		674814.7286		651593.6085		626843.1101		597871.3846		565894.5568		531216.0124		493467.6768		455330.2486		418291.8295		379812.8207		343279.5227		311423.1302		257149.4846		215405.4079		181820.6931		156697.8039		135413.8868		119683.8872		106649.2904		95698.5813		86558.2502		79199.6269		65058.6352		55159.8357		
0.9100		1114418.0500		1071699.6924		1007764.0663		990469.4749		970734.6802		947374.2160		918065.6648		899160.6640		875627.4997		864292.7097		852069.2131		838033.4060		822643.7739		804732.0162		794984.6927		784253.2400		772986.8420		760406.5286		746717.4189		730240.0570		714123.5331		695724.3950		675832.2547		652685.3317		628272.4072		599242.5678		567509.3646		532968.4236		495635.4780		457623.7067		420712.2573		382501.3350		346010.9069		313903.8230		259053.7749		217066.4123		183500.1501		158124.4700		136711.1153		120751.2393		107653.0297		96662.9710		87443.6317		79980.9446		65710.0508		55713.7672		
0.9200		1114842.3762		1072130.5511		1008195.8444		990887.6588		971158.1185		947825.1550		918512.5746		899592.9802		876136.0452		864801.4673		852597.1150		838599.8312		823227.9613		805413.1085		795678.7870		784901.3761		773726.8372		761220.8800		747507.6758		731116.7938		715016.7741		696626.3070		676846.6579		653785.6599		629577.5197		600591.4206		569194.2968		534704.9973		497824.2798		459768.3549		423091.0471		385196.0610		348717.0703		316345.6388		260959.8870		218685.8646		185194.1161		159490.7565		138062.6227		121832.4972		108657.0701		97629.6321		88350.3950		80766.5786		66357.3612		56272.9805		
0.9300		1115261.1830		1072551.2434		1008623.7388		991299.1021		971576.9296		948237.3420		918928.0005		900027.0019		876610.1666		865306.0831		853126.4536		839157.7911		823807.2601		806090.9292		796367.1024		785551.6805		774401.8732		762045.4666		748295.6982		731989.8971		715904.6753		697599.6950		677868.5975		654905.4809		630805.3690		601935.1728		570932.9963		536432.2068		500072.6398		461779.4144		425261.7322		387868.2503		351362.8683		318734.6502		262869.4992		220288.5618		186891.2391		160853.3373		139403.8552		122941.1784		109668.0810		98597.3365		89275.2543		81557.8717		66998.7905		56831.9813		
0.9400		1115668.5720		1072952.7741		1009033.8112		991704.4658		971995.1619		948649.8570		919334.1109		900460.9047		877073.8041		865819.9577		853649.0407		839703.1590		824382.9627		806764.6538		797024.0491		786211.3969		775032.0471		762876.5011		749083.3018		732863.3857		716794.6169		698630.3141		678894.7782		656090.5925		631994.6293		603294.8891		572714.7131		538170.0737		502372.8675		463692.1628		427348.6245		390487.5403		353432.7214		321046.9831		264784.2664		221895.2582		188582.8952		162190.0860		140740.1217		124093.8646		110690.8559		99564.9782		90211.7573		82362.2815		67642.0918		57383.5609		
0.9500		1116059.8952		1073345.6283		1009421.3703		992104.3791		972419.0371		949062.0493		919731.0974		900898.5222		877534.7550		866338.4333		854168.1290		840233.9730		824960.0172		807437.7684		797637.6691		786833.5857		775650.7454		763711.5679		749871.4046		733741.2541		717692.8222		699667.2773		679894.9009		657319.4059		633178.1419		604705.7464		574528.7508		539958.3851		504707.6160		465544.0597		429423.2104		392675.6968		355648.3437		323220.8468		266705.6914		223526.1621		190278.1355		163510.1157		142033.5464		125288.3545		111722.0327		100531.4419		91150.1737		83174.5093		68284.3607		57937.8647		
0.9600		1116417.6322		1073731.3754		1009792.8672		992507.7919		972841.0058		949472.3185		920121.5542		901330.2632		877992.1609		866857.0167		854674.9277		840774.0948		825510.5104		808101.8422		798232.2663		787467.9050		776291.8164		764556.9998		750659.4999		734638.9496		718619.3588		700681.5367		680894.9744		658577.6828		634339.0777		606252.9185		576363.2886		541827.3016		507058.6760		467374.5897		431496.3718		394801.5885		357633.6405		325266.5988		268645.9875		225199.1525		191973.3805		164815.7080		143315.8131		126505.0970		112755.5390		101495.4280		92073.6862		83993.0422		68930.4675		58495.0410		
0.9700		1116765.5012		1074091.4418		1010154.3429		992895.1120		973257.8663		949878.9081		920508.1037		901752.6910		878448.0454		867373.5408		855163.9157		841311.6324		826015.1440		808751.9922		798813.4813		788122.2313		776969.2535		765412.7112		751443.9300		735516.1202		719562.4336		701665.0882		681909.8971		659852.0088		635512.4392		607877.2633		578204.3614		543698.0044		509406.8456		469223.9295		433578.6555		396906.0340		359588.8041		327218.4124		270688.0250		226939.4232		193662.6675		166156.3593		144597.5630		127732.9393		113791.0145		102456.0521		92961.5888		84815.3952		69576.1862		59053.0851		
0.9800		1117111.0017		1074444.6748		1010506.4582		993277.0180		973669.2919		950279.4539		920893.3790		902173.8385		878904.5292		867887.1320		855632.8247		841830.8513		826524.5446		809381.2695		799385.0489		788767.8863		777662.0197		766236.8891		752220.3036		736395.8668		720393.3374		702602.2068		682866.5707		661126.0998		636711.7425		609476.2496		580031.9897		545539.7510		511731.7500		471114.7086		435680.2165		398991.3240		361528.6573		329134.9278		272638.9417		228774.5689		195337.2066		167511.2007		145880.9302		128964.1760		114828.1357		103395.9556		93834.2917		85638.7031		70225.4670		59611.4344		
0.9900		1117458.1592		1074791.2761		1010852.3982		993655.5207		974073.4479		950671.9585		921280.2387		902605.5088		879363.5655		868397.3477		856087.8605		842355.3506		827074.8808		809965.5260		799950.7490		789431.7763		778352.7201		766885.3206		753036.9344		737276.2414		721192.9052		703531.6425		683792.3639		662381.3245		637943.3908		611020.3712		581822.1625		547396.2115		514011.5726		473093.3429		437811.5392		401052.9890		363463.1369		331115.4975		274531.2004		230687.6485		196916.5785		168870.6410		147165.1391		130192.1427		115866.6667		104297.6181		94704.9831		86458.8660		70878.8440		60169.6724		
1.0000		1117802.0629		1075132.7720		1011196.1105		994031.4035		974467.2849		951067.2598		921672.2663		903043.0876		879830.1315		868875.9497		856540.0561		842880.2286		827657.3900		810515.9501		800514.3422		790102.8527		779027.9330		767460.2653		753868.3357		738154.4865		722041.4648		704458.8539		684718.3745		663584.5627		639183.8590		612588.6225		583602.5985		549276.0382		516224.9808		475178.7157		439992.4439		403098.1724		365399.6726		333114.7583		276411.9465		232646.0524		198463.2620		170274.4096		148450.5734		131410.3326		116906.3878		105246.7929		95571.7277		87275.7150		71534.6184		60727.4402		
1.0100		1118133.5263		1075472.9647		1011541.3890		994404.9017		974838.2844		951460.4078		922075.8106		903479.3806		880300.6814		869314.8910		857003.0849		843402.7159		828254.3247		811052.5982		801079.5707		790777.8596		779675.8913		768019.3493		754701.7262		739026.6033		722947.0697		705386.0791		685666.1987		664710.9604		640411.8516		614155.2726		585324.7889		551125.3926		518384.2883		477328.2820		442271.9960		405115.7289		367344.4644		335122.4708		278292.3634		234579.2240		200082.7111		171699.8146		149738.2683		132598.2783		117947.1151		106198.8351		96415.0765		88089.5413		72193.0109		61283.3553		
1.0200		1118448.6698		1075815.2698		1011893.1955		994775.8202		975186.7342		951838.1831		922488.9910		903919.0347		880772.4679		869752.1181		857469.3549		843920.0136		828847.6420		811585.1512		801649.2234		791443.1819		780303.0278		768569.3944		755526.8998		739891.0465		723893.0370		706311.5451		686575.8582		665827.9091		641615.7367		615638.7199		586970.2942		552802.0840		520473.9332		479521.3004		444614.7502		407133.2736		369303.1412		337161.7842		280248.3887		236442.6993		201725.6977		173122.9347		151029.8513		133723.7536		118988.8012		107147.9923		97250.4703		88897.8086		72852.7883		61840.1630		
1.0300		1118768.0913		1076150.8989		1012246.5474		995141.9922		975522.2830		952218.6039		922900.3474		904359.6218		881243.1629		870213.4485		857943.4314		844407.3801		829399.1549		812123.2040		802229.8982		792051.7530		780921.1055		769114.7987		756334.1234		740744.2427		724872.2080		707244.8710		687484.9860		666930.5904		642802.2228		616927.8827		588532.7246		554428.3227		522415.9716		481642.7852		446993.8838		409159.0696		371281.3933		339299.6565		282317.6418		238298.4677		203377.8767		174525.0259		152327.9369		134835.4272		120031.0209		108091.8078		98084.4801		89698.7768		73512.7100		62393.8478		
1.0400		1119096.0059		1076478.9076		1012600.5024		995493.8339		975850.8865		952597.7392		923308.9810		904795.6719		881710.3823		870660.8464		858426.0925		844896.0434		829894.1832		812676.3174		802809.9177		792702.8125		781541.9937		769658.9951		757113.5205		741566.4720		725833.5181		708186.4884		688407.6138		668027.8145		643980.2507		618222.9345		590010.1039		556055.8793		524194.4891		483827.4046		449351.8969		411187.3025		373286.0999		341502.5175		284416.4359		240138.0267		205026.8169		175918.4916		153655.4477		135937.7181		121075.1882		109032.9101		98918.6309		90492.1760		74171.5577		62946.5913		
1.0500		1119406.6184		1076782.5548		1012950.3269		995810.7110		976174.1392		952975.0499		923719.1536		905224.2385		882171.1137		871097.2457		858882.0569		845372.7730		830368.2602		813241.1716		803363.5874		793358.7419		782174.8767		770205.1142		757854.8445		742359.0905		726791.1454		709132.6337		689353.1641		669107.2717		645167.0200		619582.6211		591404.9931		557711.9906		525846.6840		486020.5976		451619.5998		413256.5254		375319.1048		343747.3252		286569.7655		241951.9009		206660.3870		177295.9407		154991.2689		137034.6562		122146.5091		109973.0482		99755.8846		91280.8974		74826.9261		63497.9814		
1.0600		1119714.6232		1077081.3608		1013286.0381		996116.4026		976485.3730		953349.2986		924125.1955		905643.6680		882604.2479		871534.3592		859332.7650		845846.0596		830838.8046		813810.8269		803893.7171		793989.4554		782815.0464		770756.2965		758548.6824		743109.5456		727735.6546		710079.4461		690334.1121		670209.7169		646349.9999		620963.0570		592720.3933		559381.5992		527333.0701		488169.5554		453748.4384		415441.5934		377384.7806		346012.5181		288754.4450		243736.8894		208266.4710		178666.3111		156330.7388		138128.9599		123221.4844		110912.8300		100600.2865		92069.0276		75483.4185		64048.6590		
1.0700		1120018.8316		1077379.8803		1013590.6761		996418.2227		976790.6082		953719.0357		924505.4319		906004.7787		882995.8012		871957.8259		859785.4110		846318.6688		831310.1580		814376.4942		804415.8713		794574.5675		783467.0293		771315.9053		759201.8465		743818.5474		728651.5137		711021.7231		691352.6571		671284.5979		647517.8114		622294.2440		593982.7137		561090.6845		528771.5352		490227.5559		455763.3868		417634.9595		379512.3004		348281.5255		290917.8368		245464.4858		209832.8893		180036.3789		157672.2422		139235.4928		124301.1427		111852.6277		101456.9633		92857.6095		76143.7057		64599.1659		
1.0800		1120319.7604		1077676.5245		1013876.9208		996717.5650		977097.5719		954085.3738		924844.6411		906317.3166		883376.4744		872358.0057		860236.2378		846800.9235		831781.4789		814930.9146		804951.6268		795162.5332		784130.9202		771886.0940		759823.3349		744453.1291		729524.5785		711947.5242		692408.3741		672353.5789		648660.1060		623564.2371		595222.6507		562868.7661		530247.5728		492164.2569		457718.5764		419834.1375		381831.7252		350538.4160		293005.3202		247151.5014		211347.1204		181411.8169		159014.2131		140354.4067		125382.6089		112791.9386		102321.7505		93653.4865		76802.2653		65149.9845		
1.0900		1120610.8591		1077970.6597		1014157.3828		997017.7091		977414.5217		954449.1489		925171.0528		906652.6038		883750.9941		872732.9875		860682.4214		847287.6741		832296.9507		815474.7335		805542.1783		795741.4059		784804.1000		772529.8543		760421.7173		745076.3685		730343.8777		712840.9675		693538.3075		673422.7598		649765.0121		624762.7175		596472.5651		564702.0153		531828.7669		494042.1515		459662.7879		422033.0575		384302.4385		352766.5584		294980.5622		248794.4275		212810.2744		182780.2737		160355.1305		141507.7483		126463.8357		113738.0957		103193.6509		94468.2050		77460.5579		65701.3907		
1.1000		1120888.8885		1078261.8314		1014437.7193		997316.5798		977738.7832		954786.8024		925496.1118		906987.4951		884124.0936		873105.9566		861110.9825		847750.2142		832817.1198		815989.6340		806165.2197		796311.9520		785481.4238		773236.7816		761005.1596		745702.9315		731106.5610		713754.1987		694741.1071		674497.8693		650829.1042		625928.3885		597777.1032		566561.7954		533522.1071		495890.1775		461644.8031		424251.8658		386864.8410		354947.7944		296905.0311		250416.7281		214237.5254		184141.5351		161693.5042		142663.5913		127548.6245		114703.1804		104073.4810		95296.7843		78115.0081		66251.9605		
1.1100		1121144.6951		1078550.2443		1014715.9132		997612.9393		978048.4187		955032.1844		925828.2265		907327.0152		884501.9188		873485.2516		861529.9741		848204.3044		833291.0283		816473.2185		806788.4898		796888.2623		786158.1513		773884.2465		761581.7765		746333.4514		731815.2500		714656.2120		695947.7080		675581.2781		651870.8224		627074.3477		599162.6751		568430.7861		535261.4416		497728.6829		463700.7479		426383.4218		389472.4672		357042.4835		298813.7897		252025.1455		215636.3947		185499.6320		163027.8204		143838.3998		128637.4568		115671.2537		104946.3250		96130.4930		78761.0873		66805.3721		
1.1200		1121395.9539		1078834.1117		1014993.1523		997907.7186		978320.1318		955286.2806		926154.0618		907666.5829		884876.6996		873860.7740		861939.5867		848627.2386		833775.5173		816937.9272		807394.3688		797428.4997		786829.6074		774537.9294		762159.6527		746899.5259		732485.2782		715547.5931		697166.0476		676670.7403		652909.3580		628211.9414		600478.5503		570308.6009		537010.9060		499573.6763		465803.5690		428446.3822		392081.9031		359051.4822		300724.3090		253670.4671		217014.2711		186846.3847		164356.3424		145021.6903		129723.1854		116636.1231		105805.4756		96960.3611		79406.0829		67366.0576		
1.1300		1121643.1158		1079095.3833		1015266.8003		998183.0007		978584.7927		955540.5156		926478.4485		908001.3007		885246.3383		874232.9424		862339.8179		849032.3768		834246.7078		817386.6609		807987.8696		797953.7317		787491.1418		775215.8910		762746.8671		747568.4447		733164.7841		716359.3290		698354.1233		677715.7608		653975.1223		629357.7978		601825.4904		572192.9966		538731.4156		501444.7132		467931.7732		430485.7602		394652.2980		361008.2857		302649.5897		255348.8171		218378.4783		188190.2596		165641.0087		146204.5844		130800.5237		117601.2694		106662.2568		97776.9722		80055.7753		67929.3908		
1.1400		1121886.2798		1079328.4493		1015539.8318		998448.8391		978845.4767		955794.8303		926804.4581		908328.9084		885597.4467		874604.8588		862737.2682		849434.5674		834691.0649		817824.0001		808524.2399		798464.1870		788138.1204		775892.9930		763351.8471		748291.3969		733840.0023		717157.3106		699478.2866		678744.3049		655010.7528		630555.2926		603253.8953		574050.1530		540440.0276		503519.7896		470066.5507		432512.3554		397091.9393		362946.4693		304589.0739		257016.2928		219736.4860		189536.3156		166886.3905		147378.4241		131864.9813		118564.3431		107518.2019		98584.8805		80707.5614		68493.5817		
1.1500		1122125.4196		1079577.6750		1015802.3268		998710.4859		979104.3759		956048.8587		927130.8588		908650.2076		885938.9095		874985.0248		863129.8828		849827.3711		835132.6585		818254.7059		809015.1067		798968.7543		788765.9212		776569.6120		764007.5910		749030.4079		734513.0067		717984.4911		700507.7428		679761.7347		656043.3080		631741.8804		604734.8372		575850.6588		542173.0024		505552.7928		472182.9716		434538.0955		399278.9181		364899.6151		306490.9207		258707.6591		221096.3391		190888.8434		168086.3751		148533.7429		132912.3957		119525.8834		108374.2634		99378.3661		81367.8489		69057.2133		
1.1600		1122360.4558		1079799.5626		1016043.1419		998961.8656		979363.4664		956302.0679		927456.4461		908969.5320		886305.4460		875373.6320		863501.9632		850225.5345		835596.3164		818684.6337		809480.0054		799470.3287		789369.9244		777216.1024		764663.8676		749775.2805		735206.5305		718829.2116		701385.1293		680775.0069		657078.8252		632896.4088		606096.3256		577630.4452		543734.8301		507542.7792		474182.1388		436566.7029		401272.9211		366853.7763		308381.8433		260402.5038		222467.5140		192251.2549		169273.2963		149658.3486		133928.0278		120484.1670		109231.2087		100157.5920		82028.4874		69618.7648		
1.1700		1122591.6718		1080029.1413		1016283.6850		999197.4015		979630.5428		956553.7417		927780.0764		909287.9274		886658.6316		875768.5976		863870.2001		850624.2524		836073.8223		819123.0881		809932.9182		799971.6666		789924.7339		777829.2837		765279.3347		750519.6993		735983.9368		719682.7325		702153.5305		681784.8119		658121.2985		634098.8326		607464.3034		579277.3919		545228.2907		509544.6124		476076.8538		438645.2579		403134.7548		368795.3088		310267.8768		262038.9261		223862.6503		193629.3296		170455.9614		150709.7892		134894.9248		121437.2055		110089.7677		100934.7616		82691.5930		70176.0868		
1.1800		1122819.4659		1080252.6378		1016514.3874		999419.7326		979872.4242		956802.8390		928100.6348		909594.7613		886959.2478		876165.5834		864233.1443		851022.9063		836553.1078		819594.4047		810387.4124		800480.4992		790425.8399		778405.0647		765886.1039		751271.2935		736757.0832		720538.2965		702882.6980		682774.8666		659178.2135		635231.3920		608856.6827		580763.0152		546698.2733		511506.2089		477957.8418		440639.8806		404926.4311		370785.6999		312154.5032		263666.8601		225301.1732		195060.4787		171636.4431		151682.0750		135836.6244		122382.3367		110950.5866		101708.7184		83355.9044		70729.9111		
1.1900		1122975.3579		1080454.8272		1016736.2826		999626.3098		980271.0375		957047.5783		928416.9422		909885.5519		887250.9537		876561.4836		864614.0368		851420.9218		837027.8712		820076.7009		810854.5744		800988.9351		790896.6379		778975.1095		766492.5265		752025.9860		737527.9922		721388.0174		703661.6734		683740.4672		660246.1616		636361.3046		610321.3406		582171.5706		548171.4318		513477.0751		479841.2710		442625.1269		406711.2914		372781.5475		314046.8711		265289.5366		226828.9011		196502.9853		172816.5845		152645.0036		136775.2523		123308.2212		111822.9580		102479.6684		84021.0795		71281.3041		
1.2000		1121934.4545		1080649.1844		1016945.3681		1000441.7329		989663.8945		957284.0742		928727.5212		910169.8071		887536.5281		876953.7041		865020.4070		851757.1923		837492.9535		820555.3316		811324.4776		801504.1361		791364.7093		779558.4736		767095.6956		752741.4213		738241.6412		722224.1559		704492.6122		684728.8936		661315.8983		637489.2982		611813.4347		583526.8554		549661.8643		515451.5113		481736.7315		444616.4656		408553.8714		374774.8234		315950.4383		266911.1727		228444.8272		197953.6718		173998.2180		153626.9033		137716.3224		124219.7695		112708.6649		103248.1024		84686.7684		71832.4830		
1.2100		   NaN		   NaN		1020082.1598		1010556.0969		997236.7479		957514.1630		929027.8572		910450.7389		887817.5527		877339.8012		865440.4290		852052.7175		837944.2561		821024.5615		811811.3222		802050.0630		791863.7703		780177.6478		767703.4461		753326.3394		738942.0977		723054.6745		705334.6549		685650.4566		662379.7678		638616.1151		613308.8016		584803.0539		551171.6267		517426.1126		483641.7640		446673.7866		410570.4551		376770.0171		317871.8445		268528.5179		230096.9468		199423.9126		175183.2890		154641.0253		138673.4255		125125.9224		113598.0897		104014.6968		85352.6161		72383.6810		
1.2200		   NaN		   NaN		   NaN		1020267.5899		1003246.8434		957744.0014		929270.9346		910727.4192		888096.6658		877717.4932		865846.6300		852330.1154		838362.1750		821466.3012		812287.2280		802600.5437		792350.1544		780807.4145		768331.8112		753909.5042		739630.8708		723861.3766		706158.0412		686543.8611		663418.4639		639742.5220		614792.2760		586089.1117		552708.5975		519401.6537		485540.2375		448798.5749		412722.5720		378771.5208		319826.9444		270156.1772		231760.2082		200897.6272		176372.8447		155676.4978		139644.0155		126032.7671		114480.9529		104780.3260		86018.2636		72934.5240		
1.2300		   NaN		   NaN		   NaN		   NaN		1003555.0575		957965.7583		929490.1232		910988.8078		888376.1205		878085.1124		866276.2101		852612.2874		838757.9219		821888.9574		812741.9122		803115.3916		792823.3206		781437.3436		768966.1148		754490.1408		740357.6367		724610.7032		706933.3214		687455.1652		664410.8676		640869.3194		616250.8196		587506.9433		554284.0256		521384.8406		487415.3834		450946.4677		414900.3834		380732.1975		321833.6159		271861.8278		233420.2705		202372.6355		177555.1847		156750.3395		140630.7518		126947.6840		115349.9940		105546.1570		86683.3450		73484.9304		
1.2400		   NaN		   NaN		   NaN		   NaN		996958.9376		958277.3891		929721.5021		911243.9923		892238.3282		878440.7518		866826.8840		852921.8242		839141.5267		822307.5847		813200.6283		803660.5039		793289.7907		782058.9941		769603.0687		755069.9457		741112.5230		725309.2288		707664.7831		688395.4258		665372.4521		641998.1420		617672.1436		588977.1084		555927.5360		523364.5077		489248.2303		453078.4278		417093.3336		382628.5086		323859.0336		273503.3554		235066.8705		203847.7085		178735.2287		157900.0318		141613.1586		127868.6782		116199.7614		106313.8654		87347.4793		74034.9226		
1.2500		   NaN		   NaN		   NaN		   NaN		982552.9027		958320.1937		929957.8434		911490.7565		904774.1960		878894.4922		867342.6493		853280.9307		839509.4766		822718.4803		813656.0054		804190.0589		793752.3410		782663.9219		770228.6193		755650.8983		741877.5877		725977.1558		708368.7158		689385.5869		666341.9542		643122.7676		618972.7341		590453.9733		557724.1308		525326.4070		490999.3659		455152.2465		419284.2640		384518.8539		325879.4629		275115.6993		236692.2819		205322.4890		179923.4300		159090.6492		142592.7133		128791.3206		117041.4713		107085.2900		88008.9283		74584.2918		
1.2600		   NaN		   NaN		   NaN		   NaN		958272.4615		   NaN		926612.2701		911738.5017		   NaN		888031.1944		867739.5166		853711.6515		839860.2899		823137.9425		814120.3504		804668.4247		794321.7633		783247.3171		770803.5773		756235.7184		742644.6164		726642.2079		709053.9939		690396.8663		667350.0742		644271.7466		620141.1607		591894.1513		559575.5300		527257.9040		492683.0434		457132.0495		421456.6820		386410.3134		327880.0551		276727.4588		238212.3771		206797.4416		181132.7311		160303.6435		143572.9584		129709.0138		117885.3686		107857.1847		88662.1537		75122.4746		
1.2700		   NaN		   NaN		   NaN		   NaN		928817.8379		   NaN		   NaN		   NaN		   NaN		   NaN		867962.6806		854236.5540		840197.2146		823566.6688		814579.3015		805067.3710		794986.1315		783802.5635		771402.5155		756828.9782		743406.5481		727302.7583		709728.8884		691382.9503		668377.2878		645462.5773		621292.9042		593326.1291		561498.6718		529146.1743		494358.0297		459039.6816		423622.0806		388304.5905		329866.9190		278346.8449		239754.3454		208267.0017		182359.0989		161528.8269		144561.0970		130608.8451		118744.5879		108629.9660		89309.7670		75655.5877		
1.2800		   NaN		   NaN		   NaN		   NaN		897524.3538		   NaN		   NaN		   NaN		   NaN		   NaN		867968.2872		854880.5587		840526.8445		823973.7159		815000.5450		805520.7398		795595.9378		784285.1946		772035.3495		757492.3016		744166.9994		727985.7059		710401.7503		692304.0381		669364.9410		646660.9381		622520.8274		594749.0395		563396.0036		530953.0578		496077.9039		460811.0072		425814.2370		390208.6197		331834.4580		279975.9654		241172.4091		209681.9769		183611.0439		162762.5502		145574.8390		131488.5382		119596.0848		109402.5544		89950.0322		76188.5126		
1.2900		   NaN		   NaN		   NaN		   NaN		875089.0292		   NaN		   NaN		   NaN		   NaN		   NaN		   NaN		   NaN		840864.4400		824291.8075		815384.7627		805899.5759		796037.3508		784733.8498		772603.8731		758143.5624		744862.3369		728665.0111		711082.9277		693148.5993		670315.3301		647833.3615		623686.0197		596156.2326		565166.7640		532457.3211		497801.6332		462483.3814		427996.2525		392132.2716		333768.0472		281726.4754		242554.1907		211037.0946		184881.9643		164001.3840		146627.1864		132369.8100		120422.0864		110186.7994		90590.0449		76721.4669		
1.3000		   NaN		   NaN		   NaN		   NaN		839485.5082		   NaN		   NaN		   NaN		   NaN		   NaN		   NaN		   NaN		   NaN		   NaN		   NaN		806417.0774		796205.7826		785154.1642		773278.4587		759443.5289		745349.3582		729311.4620		711848.5984		693944.9448		671222.6522		648933.1342		624828.3268		597457.3381		566778.7377		533874.1627		499561.2703		464112.4714		430147.8742		394096.7335		335646.6672		283551.6092		243936.6542		212366.9568		186167.4929		165240.1376		147688.4959		133258.6268		121283.9618		110974.1854		91226.7342		77254.6386		
1.3100		   NaN		   NaN		   NaN		   NaN		   NaN		   NaN		   NaN		   NaN		   NaN		   NaN		   NaN		   NaN		   NaN		   NaN		   NaN		   NaN		   NaN		785964.2051		774000.7044		   NaN		745830.8011		729958.3684		713180.0608		694707.1802		672096.3295		650403.8264		625953.0762		598692.1691		568319.0685		535078.2057		501405.6967		465730.1860		432245.5684		396169.7482		337411.7502		285380.9150		245328.5501		213662.6267		187461.2630		166473.1255		148737.2865		134168.4349		122154.2361		111771.4080		91855.8721		77789.5240		
1.3200		   NaN		   NaN		   NaN		   NaN		   NaN		   NaN		   NaN		   NaN		   NaN		   NaN		   NaN		   NaN		   NaN		   NaN		   NaN		   NaN		   NaN		   NaN		   NaN		   NaN		746324.7940		731755.4100		713941.5489		695449.3658		672502.9089		651266.6900		627009.8775		600000.3179		569827.6229		536508.1607		503261.3376		467358.5092		434258.3039		398270.5400		339074.6352		287206.1104		246720.2026		214952.3777		188757.6252		167693.9849		149762.8607		135098.5994		123024.9245		112548.8895		92482.4267		78327.1394		
1.3300		   NaN		   NaN		   NaN		   NaN		   NaN		   NaN		   NaN		   NaN		   NaN		   NaN		   NaN		   NaN		   NaN		   NaN		   NaN		   NaN		   NaN		   NaN		   NaN		   NaN		   NaN		   NaN		713770.0277		696217.4969		673499.4337		652091.4118		628034.9614		601451.8106		571312.0367		538148.8357		505130.0364		469026.4041		436123.8860		400326.3819		340674.3728		289017.2364		248213.1901		216248.4893		190051.0588		168895.0937		150781.6006		136025.9818		123891.3646		113328.4026		93108.6876		78868.5350		
1.3400		   NaN		   NaN		   NaN		   NaN		   NaN		   NaN		   NaN		   NaN		   NaN		   NaN		   NaN		   NaN		   NaN		   NaN		   NaN		   NaN		   NaN		   NaN		   NaN		   NaN		   NaN		   NaN		   NaN		697825.3267		674684.2944		652876.5691		629045.4906		602743.2490		572779.0785		540065.8821		506982.5309		470774.4449		437739.9639		402374.1984		342237.1109		290803.6737		249750.6796		217589.5861		191335.9244		170066.4294		151758.5195		136915.2190		124746.8264		114115.3026		93734.3016		79415.3518		
1.3500		   NaN		   NaN		   NaN		   NaN		   NaN		   NaN		   NaN		   NaN		   NaN		   NaN		   NaN		   NaN		   NaN		   NaN		   NaN		   NaN		   NaN		   NaN		   NaN		   NaN		   NaN		   NaN		   NaN		   NaN		   NaN		653626.8109		630063.5289		604240.5432		574235.4932		542066.6682		508765.6238		472651.3282		439185.7535		404412.5294		343786.3974		292477.8486		251310.3838		218958.7312		192606.0048		171193.4449		152718.6540		137838.4554		125594.9143		114900.7319		94360.1290		79969.4409		
1.3600		   NaN		   NaN		   NaN		   NaN		   NaN		   NaN		   NaN		   NaN		   NaN		   NaN		   NaN		   NaN		   NaN		   NaN		   NaN		   NaN		   NaN		   NaN		   NaN		   NaN		   NaN		   NaN		   NaN		   NaN		   NaN		   NaN		631099.6305		605220.7116		575688.9491		544116.0716		510423.7709		474608.2754		440606.7805		406392.2746		345339.8367		294070.4197		252881.2018		220258.2950		193860.5238		172251.9015		153657.5276		138773.4563		126435.2808		115682.8048		94987.4965		80527.7146		
1.3700		   NaN		   NaN		   NaN		   NaN		   NaN		   NaN		   NaN		   NaN		   NaN		   NaN		   NaN		   NaN		   NaN		   NaN		   NaN		   NaN		   NaN		   NaN		   NaN		   NaN		   NaN		   NaN		   NaN		   NaN		   NaN		   NaN		   NaN		606203.6008		576968.5666		545521.7998		512015.0053		476613.3237		442062.0241		408152.9813		346924.2649		295712.1142		254459.3161		221521.2223		195080.5044		173248.1613		154586.5493		139671.2482		127266.3409		116463.5821		95615.9417		81090.0814		
1.3800		   NaN		   NaN		   NaN		   NaN		   NaN		   NaN		   NaN		   NaN		   NaN		   NaN		   NaN		   NaN		   NaN		   NaN		   NaN		   NaN		   NaN		   NaN		   NaN		   NaN		   NaN		   NaN		   NaN		   NaN		   NaN		   NaN		   NaN		   NaN		578111.5360		546373.8059		513590.8860		478644.3004		443340.1215		409693.9697		348488.7147		297351.3419		256031.2393		222786.9315		196254.0165		174204.5159		155521.7699		140556.3937		128104.1653		117241.4527		96245.7419		81654.9730		
1.3900		   NaN		   NaN		   NaN		   NaN		   NaN		   NaN		   NaN		   NaN		   NaN		   NaN		   NaN		   NaN		   NaN		   NaN		   NaN		   NaN		   NaN		   NaN		   NaN		   NaN		   NaN		   NaN		   NaN		   NaN		   NaN		   NaN		   NaN		   NaN		   NaN		548791.1009		521837.0529		480682.0934		444804.7647		411233.9562		350041.9511		298993.6339		257551.2605		224128.0923		197395.6637		175135.5367		156478.4654		141437.8915		128938.9355		118013.2636		96878.2877		82220.4655		
1.4000		   NaN		   NaN		   NaN		   NaN		   NaN		   NaN		   NaN		   NaN		   NaN		   NaN		   NaN		   NaN		   NaN		   NaN		   NaN		   NaN		   NaN		   NaN		   NaN		   NaN		   NaN		   NaN		   NaN		   NaN		   NaN		   NaN		   NaN		   NaN		   NaN		   NaN		522244.7143		482716.2980		446272.3299		412846.7703		351594.1094		300633.5557		259035.4517		225481.0093		198517.0860		176052.3146		157454.0293		142318.2030		129770.1911		118775.4420		97520.5327		82784.6714		
1.4100		   NaN		   NaN		   NaN		   NaN		   NaN		   NaN		   NaN		   NaN		   NaN		   NaN		   NaN		   NaN		   NaN		   NaN		   NaN		   NaN		   NaN		   NaN		   NaN		   NaN		   NaN		   NaN		   NaN		   NaN		   NaN		   NaN		   NaN		   NaN		   NaN		   NaN		   NaN		484725.1387		448170.9288		414563.9748		353155.3736		302265.9758		260501.1262		226829.6351		199630.3024		176964.5088		158435.0479		143199.1377		130596.1450		119529.1459		98164.3409		83345.4868		
1.4200		   NaN		   NaN		   NaN		   NaN		   NaN		   NaN		   NaN		   NaN		   NaN		   NaN		   NaN		   NaN		   NaN		   NaN		   NaN		   NaN		   NaN		   NaN		   NaN		   NaN		   NaN		   NaN		   NaN		   NaN		   NaN		   NaN		   NaN		   NaN		   NaN		   NaN		   NaN		   NaN		450141.6702		416845.5156		354734.4824		303896.7511		261917.9110		228166.0156		200748.4434		177881.3010		159426.3292		144082.3163		131414.7983		120265.4456		98802.8841		83892.9526		
1.4300		   NaN		   NaN		   NaN		   NaN		   NaN		   NaN		   NaN		   NaN		   NaN		   NaN		   NaN		   NaN		   NaN		   NaN		   NaN		   NaN		   NaN		   NaN		   NaN		   NaN		   NaN		   NaN		   NaN		   NaN		   NaN		   NaN		   NaN		   NaN		   NaN		   NaN		   NaN		   NaN		   NaN		418485.4971		356339.7589		305472.1934		263314.1137		229483.3693		201884.8852		178811.6817		160422.3274		144969.3014		132224.3851		120991.5490		99441.2456		84417.2757		
1.4400		   NaN		   NaN		   NaN		   NaN		   NaN		   NaN		   NaN		   NaN		   NaN		   NaN		   NaN		   NaN		   NaN		   NaN		   NaN		   NaN		   NaN		   NaN		   NaN		   NaN		   NaN		   NaN		   NaN		   NaN		   NaN		   NaN		   NaN		   NaN		   NaN		   NaN		   NaN		   NaN		   NaN		   NaN		358011.4674		307059.2924		264701.7973		230756.9761		203030.2003		179758.0458		161406.3888		145863.7803		133026.9392		121712.2202		100079.9575		84946.3848		
1.4500		   NaN		   NaN		   NaN		   NaN		   NaN		   NaN		   NaN		   NaN		   NaN		   NaN		   NaN		   NaN		   NaN		   NaN		   NaN		   NaN		   NaN		   NaN		   NaN		   NaN		   NaN		   NaN		   NaN		   NaN		   NaN		   NaN		   NaN		   NaN		   NaN		   NaN		   NaN		   NaN		   NaN		   NaN		359846.3017		308791.5171		266107.5371		231981.0126		204125.3849		180738.3040		162380.2617		146781.5894		133825.6253		122429.0932		100715.8178		85492.6445		
1.4600		   NaN		   NaN		   NaN		   NaN		   NaN		   NaN		   NaN		   NaN		   NaN		   NaN		   NaN		   NaN		   NaN		   NaN		   NaN		   NaN		   NaN		   NaN		   NaN		   NaN		   NaN		   NaN		   NaN		   NaN		   NaN		   NaN		   NaN		   NaN		   NaN		   NaN		   NaN		   NaN		   NaN		   NaN		   NaN		310650.3148		267499.8770		233249.6020		204854.5106		181782.2319		163340.2402		147726.3114		134622.2830		123140.9196		101350.3202		86024.3790		
1.4700		   NaN		   NaN		   NaN		   NaN		   NaN		   NaN		   NaN		   NaN		   NaN		   NaN		   NaN		   NaN		   NaN		   NaN		   NaN		   NaN		   NaN		   NaN		   NaN		   NaN		   NaN		   NaN		   NaN		   NaN		   NaN		   NaN		   NaN		   NaN		   NaN		   NaN		   NaN		   NaN		   NaN		   NaN		   NaN		312614.2392		268866.8139		234532.4016		205498.1252		182893.9969		164318.5581		148665.2810		135418.3810		123845.8437		101983.2454		86551.3972		
1.4800		   NaN		   NaN		   NaN		   NaN		   NaN		   NaN		   NaN		   NaN		   NaN		   NaN		   NaN		   NaN		   NaN		   NaN		   NaN		   NaN		   NaN		   NaN		   NaN		   NaN		   NaN		   NaN		   NaN		   NaN		   NaN		   NaN		   NaN		   NaN		   NaN		   NaN		   NaN		   NaN		   NaN		   NaN		   NaN		   NaN		270200.4470		235763.0943		206265.9661		184043.0229		165298.5198		149608.8441		136215.3259		124549.8258		102613.9573		87075.8826		
1.4900		   NaN		   NaN		   NaN		   NaN		   NaN		   NaN		   NaN		   NaN		   NaN		   NaN		   NaN		   NaN		   NaN		   NaN		   NaN		   NaN		   NaN		   NaN		   NaN		   NaN		   NaN		   NaN		   NaN		   NaN		   NaN		   NaN		   NaN		   NaN		   NaN		   NaN		   NaN		   NaN		   NaN		   NaN		   NaN		   NaN		   NaN		236809.8279		207314.2590		185194.2082		166279.1358		150547.1120		137014.5589		125258.8245		103242.9680		87599.3962		
1.5000		   NaN		   NaN		   NaN		   NaN		   NaN		   NaN		   NaN		   NaN		   NaN		   NaN		   NaN		   NaN		   NaN		   NaN		   NaN		   NaN		   NaN		   NaN		   NaN		   NaN		   NaN		   NaN		   NaN		   NaN		   NaN		   NaN		   NaN		   NaN		   NaN		   NaN		   NaN		   NaN		   NaN		   NaN		   NaN		   NaN		   NaN		   NaN		208792.0596		186350.0332		167259.6382		151479.4997		137817.6128		125979.5044		103856.5970		88122.1831		
1.5100		   NaN		   NaN		   NaN		   NaN		   NaN		   NaN		   NaN		   NaN		   NaN		   NaN		   NaN		   NaN		   NaN		   NaN		   NaN		   NaN		   NaN		   NaN		   NaN		   NaN		   NaN		   NaN		   NaN		   NaN		   NaN		   NaN		   NaN		   NaN		   NaN		   NaN		   NaN		   NaN		   NaN		   NaN		   NaN		   NaN		   NaN		   NaN		   NaN		196185.4917		168244.2021		152419.4507		138652.5241		126735.3891		104478.0576		88644.9989		
1.5200		   NaN		   NaN		   NaN		   NaN		   NaN		   NaN		   NaN		   NaN		   NaN		   NaN		   NaN		   NaN		   NaN		   NaN		   NaN		   NaN		   NaN		   NaN		   NaN		   NaN		   NaN		   NaN		   NaN		   NaN		   NaN		   NaN		   NaN		   NaN		   NaN		   NaN		   NaN		   NaN		   NaN		   NaN		   NaN		   NaN		   NaN		   NaN		   NaN		   NaN		168974.1211		153300.2133		146443.8205		127503.2175		105104.0029		89169.1968		
1.5300		   NaN		   NaN		   NaN		   NaN		   NaN		   NaN		   NaN		   NaN		   NaN		   NaN		   NaN		   NaN		   NaN		   NaN		   NaN		   NaN		   NaN		   NaN		   NaN		   NaN		   NaN		   NaN		   NaN		   NaN		   NaN		   NaN		   NaN		   NaN		   NaN		   NaN		   NaN		   NaN		   NaN		   NaN		   NaN		   NaN		   NaN		   NaN		   NaN		   NaN		169842.4143		154181.6580		143197.2442		128278.9043		105731.7089		89698.8454		
1.5400		   NaN		   NaN		   NaN		   NaN		   NaN		   NaN		   NaN		   NaN		   NaN		   NaN		   NaN		   NaN		   NaN		   NaN		   NaN		   NaN		   NaN		   NaN		   NaN		   NaN		   NaN		   NaN		   NaN		   NaN		   NaN		   NaN		   NaN		   NaN		   NaN		   NaN		   NaN		   NaN		   NaN		   NaN		   NaN		   NaN		   NaN		   NaN		   NaN		   NaN		   NaN		   NaN		141742.4839		129199.6864		106358.5504		   NaN		
1.5500		   NaN		   NaN		   NaN		   NaN		   NaN		   NaN		   NaN		   NaN		   NaN		   NaN		   NaN		   NaN		   NaN		   NaN		   NaN		   NaN		   NaN		   NaN		   NaN		   NaN		   NaN		   NaN		   NaN		   NaN		   NaN		   NaN		   NaN		   NaN		   NaN		   NaN		   NaN		   NaN		   NaN		   NaN		   NaN		   NaN		   NaN		   NaN		   NaN		   NaN		   NaN		   NaN		   NaN		   NaN		106986.5898		   NaN		
