Data from https://doi.org/10.1103/PhysRevMaterials.3.044406
Upon cooling
Temperature(K)	Heat capacity(J/kg/K)

220	485.43
220.1	485.59
220.2	485.76
220.3	485.92
220.4	486.08
220.5	486.25
220.6	486.41
220.7	486.57
220.8	486.74
220.9	486.9
221	487.06
221.1	487.23
221.2	487.39
221.3	487.55
221.4	487.72
221.5	487.88
221.6	488.04
221.7	488.21
221.8	488.37
221.9	488.53
222	488.7
222.1	488.86
222.2	489.02
222.3	489.19
222.4	489.35
222.5	489.51
222.6	489.68
222.7	489.84
222.8	490
222.9	490.17
223	490.33
223.1	490.49
223.2	490.66
223.3	490.82
223.4	490.98
223.5	491.15
223.6	491.31
223.7	491.47
223.8	491.64
223.9	491.8
224	491.96
224.1	492.13
224.2	492.29
224.3	492.45
224.4	492.61
224.5	492.78
224.6	492.94
224.7	493.1
224.8	493.27
224.9	493.43
225	493.59
225.1	493.76
225.2	493.92
225.3	494.08
225.4	494.25
225.5	494.41
225.6	494.57
225.7	494.74
225.8	494.9
225.9	495.06
226	495.23
226.1	495.39
226.2	495.55
226.3	495.72
226.4	495.88
226.5	496.04
226.6	496.21
226.7	496.37
226.8	496.53
226.9	496.7
227	496.86
227.1	497.02
227.2	497.19
227.3	497.35
227.4	497.51
227.5	497.68
227.6	497.84
227.7	498
227.8	498.17
227.9	498.33
228	498.49
228.1	747.97
228.2	498.82
228.3	499.63
228.4	500.57
228.5	501.38
228.6	502.9
228.7	506.55
228.8	504.66
228.9	513.45
229	509.8
229.1	515.65
229.2	510.57
229.3	516.74
229.4	517.54
229.5	518.78
229.6	523.8
229.7	519.95
229.8	533.61
229.9	546.52
230	536.11
230.1	541.2
230.2	529.81
230.3	530.46
230.4	539.57
230.5	549.33
230.6	568.5
230.7	558.22
230.8	557.35
230.9	550.8
231	551.11
231.1	559.04
231.2	558.94
231.3	578.86
231.4	567.21
231.5	595.64
231.6	597.9
231.7	583.16
231.8	612.29
231.9	596.21
232	618.41
232.1	629.68
232.2	622.98
232.3	629.6
232.4	628.11
232.5	622.69
232.6	661.37
232.7	741.25
232.8	618.82
232.9	629.18
233	713.33
233.1	671.97
233.2	711.67
233.3	713.72
233.4	711.01
233.5	697.32
233.6	717.15
233.7	705.29
233.8	696.59
233.9	781.38
234	838.7
234.1	817.88
234.2	728.32
234.3	737.1
234.4	912.4
234.5	860.28
234.6	850.11
234.7	768.88
234.8	890.68
234.9	795.56
235	831.53
235.1	966.98
235.2	882.19
235.3	1151.07
235.4	836.7
235.5	844.42
235.6	1061.29
235.7	960.07
235.8	1068.19
235.9	1175.77
236	1151.72
236.1	1005.84
236.2	1112.96
236.3	1252.08
236.4	1086.09
236.5	1074.44
236.6	1385.51
236.7	1430.78
236.8	1204.72
236.9	1165.5
237	1194.04
237.1	1324.61
237.2	1366.64
237.3	1330.59
237.4	1873
237.5	1309.8
237.6	1575.15
237.7	1350.28
237.8	1894.23
237.9	1792.1
238	1415.8
238.1	1441.3
238.2	2140.66
238.3	2062.08
238.4	1673.53
238.5	1808.75
238.6	1632.54
238.7	2778.39
238.8	1990.96
238.9	2401.44
239	1941.98
239.1	2493.09
239.2	2565.39
239.3	2545.6
239.4	2180.37
239.5	2344.82
239.6	2423.27
239.7	2436.96
239.8	2543.01
239.9	2795.59
240	2737.48
240.1	2889.68
240.2	2758.32
240.3	3070.45
240.4	2263.37
240.5	2494.61
240.6	2332.51
240.7	3617.23
240.8	2346.12
240.9	2348.76
241	2973.65
241.1	2948.77
241.2	2705.06
241.3	2579.15
241.4	3098.37
241.5	3312.87
241.6	3459.51
241.7	2621.23
241.8	2864.66
241.9	2792.96
242	2503.63
242.1	2505.03
242.2	2502.71
242.3	2499.95
242.4	3589.15
242.5	3574.93
242.6	2908.22
242.7	3215.13
242.8	2767.34
242.9	3227.36
243	2570.23
243.1	3047.54
243.2	2960.23
243.3	2603.87
243.4	2733.18
243.5	2649.03
243.6	2553.37
243.7	2954.87
243.8	2147.68
243.9	2272.91
244	2732.71
244.1	3026.55
244.2	2311.65
244.3	1923.11
244.4	1915.44
244.5	1975.66
244.6	1812.4
244.7	2692.84
244.8	2222.46
244.9	2025.69
245	1935.46
245.1	1622.03
245.2	1489.65
245.3	1477.15
245.4	1376.98
245.5	1332.86
245.6	1490.19
245.7	1567.14
245.8	1363.63
245.9	1275.03
246	1358.98
246.1	1221.68
246.2	1060.45
246.3	1101.69
246.4	1209.29
246.5	969.6
246.6	939.01
246.7	920.57
246.8	912.66
246.9	942.84
247	1005.71
247.1	852.3
247.2	862.6
247.3	797.5
247.4	782.66
247.5	808.87
247.6	836.07
247.7	740.37
247.8	777.89
247.9	717.13
248	706.42
248.1	696.47
248.2	714.03
248.3	678.24
248.4	761.42
248.5	668.37
248.6	654.19
248.7	647.57
248.8	641.41
248.9	635.59
249	629.31
249.1	674.92
249.2	638.67
249.3	633.36
249.4	608.16
249.5	603.86
249.6	609.37
249.7	595.83
249.8	641.46
249.9	587.49
250	619.45
250.1	602.95
250.2	575.87
250.3	581.33
250.4	605.84
250.5	566.42
250.6	609.52
250.7	568.22
250.8	557.56
250.9	555.46
251	551.87
251.1	549.09
251.2	549.68
251.3	550.12
251.4	541.74
251.5	542.68
251.6	537.44
251.7	534.76
251.8	532.82
251.9	539.11
252	528.82
252.1	527.32
252.2	531.43
252.3	528.26
252.4	524.61
252.5	528.2
252.6	519.81
252.7	524
252.8	527.57
252.9	516.38
253	525.17
253.1	521.48
253.2	511.54
253.3	523.27
253.4	508.68
253.5	519.54
253.6	511.36
253.7	505.41
253.8	504.17
253.9	505.16
254	502
254.1	509.76
254.2	500.09
254.3	499.25
254.4	498.41
254.5	497.65
254.6	496.88
254.7	498.35
254.8	495.34
254.9	494.38
255	493.82
255.1	493.06
255.2	492.57
255.3	494.57
255.4	492.69
255.5	495.04
255.6	492.2
255.7	489.7
255.8	489.3
255.9	489.2
256	489.14
256.1	488.14
256.2	487.78
256.3	487.38
256.4	487.01
256.5	487.71
256.6	487.29
256.7	486.08
256.8	485.8
256.9	485.5
257	485.26
257.1	485.23
257.2	484.76
257.3	484.37
257.4	484.63
257.5	486.24
257.6	484.39
257.7	483.44
257.8	483.01
257.9	482.76
258	482.64
258.1	482.6
258.2	482.01
258.3	481.75
258.4	481.56
258.5	481.4
258.6	481.16
258.7	481.05
258.8	481.18
258.9	481.02
259	480.6
259.1	480.97
259.2	480.3
259.3	480.16
259.4	480.11
259.5	480.62
259.6	480.16
259.7	480.03
259.8	479.94
259.9	479.95
260	479.88
260.1	479.84
260.2	479.87
260.3	479.65
260.4	479.54
260.5	479.37
260.6	479.3
260.7	479.54
260.8	479.55
260.9	479.28
261	479.13
261.1	479.08
261.2	479.04
261.3	478.96
261.4	478.9
261.5	478.89
261.6	478.9
261.7	478.8
261.8	478.75
261.9	478.62
262	478.57
262.1	478.53
262.2	478.42
262.3	478.38
262.4	478.33
262.5	478.28
262.6	478.25
262.7	478.22
262.8	478.13
262.9	239.22
263	478.16
263.1	478.13
263.2	478.15
263.3	478.13
263.4	478.15
263.5	478.09
263.6	478.1
263.7	478.15
263.8	478.08
263.9	478.15
264	478.16
264.1	478.16
264.2	478.17
264.3	478.13
264.4	478.13
264.5	478.14
264.6	478.15
264.7	478.16
264.8	478.17
264.9	478.17
265	478.18
265.1	478.19
265.2	478.2
265.3	478.21
265.4	478.22
265.5	478.22
265.6	478.23
265.7	478.24
265.8	478.25
265.9	478.26
266	478.27
266.1	478.28
266.2	478.28
266.3	478.29
266.4	478.3
266.5	478.31
266.6	478.32
266.7	478.33
266.8	478.33
266.9	478.34
267	478.35
267.1	478.36
267.2	478.37
267.3	478.38
267.4	478.38
267.5	478.39
267.6	478.4
267.7	478.41
267.8	478.42
267.9	478.43
268	478.43
268.1	478.44
268.2	478.45
268.3	478.46
268.4	478.47
268.5	478.48
268.6	478.48
268.7	478.49
268.8	478.5
268.9	478.51
269	478.52
269.1	478.53
269.2	478.54
269.3	478.54
269.4	478.55
269.5	478.56
269.6	478.57
269.7	478.58
269.8	478.59
269.9	478.59
270	478.6
270.1	478.61
270.2	478.62
270.3	478.63
270.4	478.64
270.5	478.64
270.6	478.65
270.7	478.66
270.8	478.67
270.9	478.68
271	478.69
271.1	478.69
271.2	478.7
271.3	478.71
271.4	478.72
271.5	478.73
271.6	478.74
271.7	478.74
271.8	478.75
271.9	478.76
272	478.77
272.1	478.78
272.2	478.79
272.3	478.8
272.4	478.8
272.5	478.81
272.6	478.82
272.7	478.83
272.8	478.84
272.9	478.85
273	478.85
273.1	478.86
273.2	478.87
273.3	478.88
273.4	478.89
273.5	478.9
273.6	478.9
273.7	478.91
273.8	478.92
273.9	478.93
274	478.94
274.1	478.95
274.2	478.95
274.3	478.96
274.4	478.97
274.5	478.98
274.6	478.99
274.7	479
274.8	479
274.9	479.01
275	479.02
275.1	479.03
275.2	479.04
275.3	479.05
275.4	479.06
275.5	479.06
275.6	479.07
275.7	479.08
275.8	479.09
275.9	479.1
276	479.11
276.1	479.11
276.2	479.12
276.3	479.13
276.4	479.14
276.5	479.15
276.6	479.16
276.7	479.16
276.8	479.17
276.9	479.18
277	479.19
277.1	479.2
277.2	479.21
277.3	479.21
277.4	479.22
277.5	479.23
277.6	479.24
277.7	479.25
277.8	479.26
277.9	479.26
278	479.27
278.1	479.28
278.2	479.29
278.3	479.3
278.4	479.31
278.5	479.32
278.6	479.32
278.7	479.33
278.8	479.34
278.9	479.35
279	479.36
279.1	479.37
279.2	479.37
279.3	479.38
279.4	479.39
279.5	479.4
279.6	479.41
279.7	479.42
279.8	479.42
279.9	479.43
280	479.44
280.1	479.45
280.2	479.46
280.3	479.47
280.4	479.47
280.5	479.48
280.6	479.49
280.7	479.5
280.8	479.51
280.9	479.52
281	479.52
281.1	479.53
281.2	479.54
281.3	479.55
281.4	479.56
281.5	479.57
281.6	479.58
281.7	479.58
281.8	479.59
281.9	479.6
282	479.61
282.1	479.62
282.2	479.63
282.3	479.63
282.4	479.64
282.5	479.65
282.6	479.66
282.7	479.67
282.8	479.68
282.9	479.68
283	479.69
283.1	479.7
283.2	479.71
283.3	479.72
283.4	479.73
283.5	479.73
283.6	479.74
283.7	479.75
283.8	479.76
283.9	479.77
284	479.78
284.1	479.78
284.2	479.79
284.3	479.8
284.4	479.81
284.5	479.82
284.6	479.83
284.7	479.84
284.8	479.84
284.9	479.85
285	479.86
285.1	479.87
285.2	479.88
285.3	479.89
285.4	479.89
285.5	479.9
285.6	479.91
285.7	479.92
285.8	479.93
285.9	479.94
286	479.94
286.1	479.95
286.2	479.96
286.3	479.97
286.4	479.98
286.5	479.99
286.6	479.99
286.7	480
286.8	480.01
286.9	480.02
287	480.03
287.1	480.04
287.2	480.04
287.3	480.05
287.4	480.06
287.5	480.07
287.6	480.08
287.7	480.09
287.8	480.1
287.9	480.1
288	480.11
288.1	480.12
288.2	480.13
288.3	480.14
288.4	480.15
288.5	480.15
288.6	480.16
288.7	480.17
288.8	480.18
288.9	480.19
289	480.2
289.1	480.2
289.2	480.21
289.3	480.22
289.4	480.23
289.5	480.24
289.6	480.25
289.7	480.25
289.8	480.26
289.9	480.27
290	480.28
290.1	480.29
290.2	480.3
290.3	480.3
290.4	480.31
290.5	480.32
290.6	480.33
290.7	480.34
290.8	480.35
290.9	480.36
291	480.36
291.1	480.37
291.2	480.38
291.3	480.39
291.4	480.4
291.5	480.41
291.6	480.41
291.7	480.42
291.8	480.43
291.9	480.44
292	480.45
292.1	480.46
292.2	480.46
292.3	480.47
292.4	480.48
292.5	480.49
292.6	480.5
292.7	480.51
292.8	480.51
292.9	480.52
293	480.53
293.1	480.54
293.2	480.55
293.3	480.56
293.4	480.56
293.5	480.57
293.6	480.58
293.7	480.59
293.8	480.6
293.9	480.61
294	480.62
294.1	480.62
294.2	480.63
294.3	480.64
294.4	480.65
294.5	480.66
294.6	480.67
294.7	480.67
294.8	480.68
294.9	480.69
295	480.7
295.1	480.71
295.2	480.72
295.3	480.72
295.4	480.73
295.5	480.74
295.6	480.75
295.7	480.76
295.8	480.77
295.9	480.77
296	480.78
296.1	480.79
296.2	480.8
296.3	480.81
296.4	480.82
296.5	480.82
296.6	480.83
296.7	480.84
296.8	480.85
296.9	480.86
297	480.87
297.1	480.88
297.2	480.88
297.3	480.89
297.4	480.9
297.5	480.91
297.6	480.92
297.7	480.93
297.8	480.93
297.9	480.94
298	480.95
298.1	480.96
298.2	480.97
298.3	480.98
298.4	480.98
298.5	480.99
298.6	481
298.7	481.01
298.8	481.02
298.9	481.03
299	481.03
299.1	481.04
299.2	481.05
299.3	481.06
299.4	481.07
299.5	481.08
299.6	481.08
299.7	481.09
299.8	481.1
299.9	481.11
300	116.52