265	398.1026468
265.02	398.1243722
265.04	398.1460925
265.06	398.1678095
265.08	398.1895403
265.1	398.2112627
265.12	398.23298
265.14	398.254694
265.16	398.2764219
265.18	398.2981413
265.2	398.3198555
265.22	398.3415824
265.24	398.3633002
265.26	398.3850126
265.28	398.4067374
265.3	398.4284531
265.32	398.4501633
265.34	398.4718859
265.36	398.4935994
265.38	398.5153074
265.4	398.5370278
265.42	398.558739
265.44	398.5804448
265.46	398.6021629
265.48	398.623872
265.5	398.6455755
265.52	398.6672914
265.54	398.6889982
265.56	398.7106995
265.58	398.7324132
265.6	398.7541178
265.62	398.7758168
265.64	398.7975283
265.66	398.8192307
265.68	398.8409275
265.7	398.8626367
265.72	398.8843369
265.74	398.9060315
265.76	398.9277385
265.78	398.9494364
265.8	398.9711287
265.82	398.9928335
265.84	399.0145292
265.86	399.0362194
265.88	399.0579219
265.9	399.0796154
265.92	399.1013033
265.94	399.1230036
265.96	399.1446949
265.98	399.1663806
266	399.1880787
266.02	399.2097518
266.04	399.2314264
266.06	399.2531174
266.08	399.2748015
266.1	399.2964812
266.12	399.318174
266.14	399.3398582
266.16	399.361521
266.18	399.3832034
266.2	399.4048808
266.22	399.4265547
266.24	399.4482424
266.26	399.4699217
266.28	399.4915955
266.3	399.5132664
266.32	399.5349351
266.34	399.5566182
266.36	399.5782933
266.38	399.5999632
266.4	399.6216303
266.42	399.6432952
266.44	399.6649746
266.46	399.6866459
266.48	399.7083121
266.5	399.7299754
266.52	399.7516366
266.54	399.7733122
266.56	399.7949799
266.58	399.8166423
266.6	399.8383019
266.62	399.859975
266.64	399.88164
266.66	399.9032997
266.68	399.9249564
266.7	399.9466266
266.72	399.9682887
266.74	399.9899454
266.76	400.0115992
266.78	400.0332664
266.8	400.0549256
266.82	400.0765793
266.84	400.0982301
266.86	400.1198944
266.88	400.1415506
266.9	400.1632013
266.92	400.1848492
266.94	400.2065105
266.96	400.2281637
266.98	400.2498115
267	400.2714564
267.02	400.2931148
267.04	400.3147651
267.06	400.3364099
267.08	400.3580519
267.1	400.3797073
267.12	400.4013546
267.14	400.4229965
267.16	400.4446355
267.18	400.466288
267.2	400.4879165
267.22	400.5095625
267.24	400.5312025
267.26	400.5528386
267.28	400.5744723
267.3	400.5961199
267.32	400.6177438
267.34	400.6393852
267.36	400.6610207
267.38	400.6826523
267.4	400.7042815
267.42	400.7259248
267.44	400.7475442
267.46	400.7691811
267.48	400.7908122
267.5	400.8124394
267.52	400.8340642
267.54	400.8557029
267.56	400.8773179
267.58	400.8989504
267.6	400.9205771
267.62	400.9421998
267.64	400.9638201
267.66	400.9854545
267.68	401.007065
267.7	401.0286931
267.72	401.0503153
267.74	401.0719336
267.76	401.0935495
267.78	401.1151795
267.8	401.1367855
267.82	401.1584092
267.84	401.180027
267.86	401.2016408
267.88	401.2232523
267.9	401.2448778
267.92	401.2664794
267.94	401.2880987
267.96	401.309712
267.98	401.3313214
268	401.3529285
268.02	401.3745496
268.04	401.3961468
268.06	401.4177616
268.08	401.4393706
268.1	401.4609755
268.12	401.4825781
268.14	401.5041949
268.16	401.5257876
268.18	401.547398
268.2	401.5690025
268.22	401.5906031
268.24	401.6122012
268.26	401.6337979
268.28	401.6553932
268.3	401.6770032
268.32	401.6985897
268.34	401.7201939
268.36	401.7417768
268.38	401.7633783
268.4	401.7849746
268.42	401.8065674
268.44	401.8281579
268.46	401.849747
268.48	401.8713348
268.5	401.8929375
268.52	401.9145165
268.54	401.9361134
268.56	401.9576888
268.58	401.979283
268.6	402.0008716
268.62	402.0224571
268.64	402.0440405
268.66	402.0656223
268.68	402.087203
268.7	402.1087978
268.72	402.1303699
268.74	402.1519594
268.76	402.1735276
268.78	402.1951145
268.8	402.2166959
268.82	402.238274
268.84	402.2598501
268.86	402.2814245
268.88	402.3029978
268.9	402.3245853
268.92	402.34615
268.94	402.3677322
268.96	402.3893083
268.98	402.4108811
269	402.4324514
269.02	402.4540354
269.04	402.4755961
269.06	402.4971742
269.08	402.518746
269.1	402.5403144
269.12	402.5618805
269.14	402.58346
269.16	402.6050163
269.18	402.62659
269.2	402.6481575
269.22	402.6697215
269.24	402.6912831
269.26	402.7128583
269.28	402.7344102
269.3	402.7559796
269.32	402.7775426
269.34	402.7991023
269.36	402.8206595
269.38	402.8422303
269.4	402.8637778
269.42	402.8853427
269.44	402.9069014
269.46	402.9284566
269.48	402.9500094
269.5	402.9715759
269.52	402.993119
269.54	403.0146795
269.56	403.0362338
269.58	403.0577847
269.6	403.0793331
269.62	403.1008951
269.64	403.1224338
269.66	403.14399
269.68	403.1655399
269.7	403.1870864
269.72	403.2086304
269.74	403.2301881
269.76	403.2517224
269.78	403.2732741
269.8	403.2948197
269.82	403.3163769
269.84	403.3379098
269.86	403.3594595
269.88	403.3810026
269.9	403.4025572
269.92	403.4240874
269.94	403.4456342
269.96	403.4671745
269.98	403.4887262
270	403.5102534
270.02	403.5317974
270.04	403.5533347
270.06	403.5748836
270.08	403.5964079
270.1	403.617949
270.12	403.6394834
270.14	403.6610293
270.16	403.6825508
270.18	403.7040889
270.2	403.7256204
270.22	403.7471635
270.24	403.768682
270.26	403.7902172
270.28	403.8117458
270.3	403.833286
270.32	403.8548167
270.34	403.8763424
270.36	403.8978644
270.38	403.9193997
270.4	403.9409264
270.42	403.9624636
270.44	403.9839756
270.46	404.0055041
270.48	404.0270257
270.5	404.0485588
270.52	404.0700824
270.54	404.091616
270.56	404.1131241
270.58	404.1346331
270.6	404.1561573
270.62	404.1776744
270.64	404.1992027
270.66	404.2207214
270.68	404.2422346
270.7	404.2637596
270.72	404.2852756
270.74	404.3068016
270.76	404.3283175
270.78	404.3498275
270.8	404.3713492
270.82	404.3928616
270.84	404.4143842
270.86	404.4358965
270.88	404.457403
270.9	404.478921
270.92	404.5004299
270.94	404.5219336
270.96	404.5434491
270.98	404.5649556
271	404.586457
271.02	404.6079702
271.04	404.6294746
271.06	404.6509738
271.08	404.6724849
271.1	404.693987
271.12	404.7154841
271.14	404.736993
271.16	404.758493
271.18	404.7799879
271.2	404.8014947
271.22	404.8229925
271.24	404.8444852
271.26	404.8659898
271.28	404.8874855
271.3	404.9089761
271.32	404.9304786
271.34	404.9519721
271.36	404.9734605
271.38	404.9949608
271.4	405.0164522
271.42	405.0379384
271.44	405.0594366
271.46	405.0809258
271.48	405.1024099
271.5	405.1239059
271.52	405.1453929
271.54	405.1668748
271.56	405.1883687
271.58	405.2098536
271.6	405.2313334
271.62	405.2528251
271.64	405.2743079
271.66	405.2957854
271.68	405.317275
271.7	405.3387556
271.72	405.3602311
271.74	405.3817185
271.76	405.4031969
271.78	405.4246702
271.8	405.4461403
271.82	405.4676233
271.84	405.4890981
271.86	405.510568
271.88	405.5320349
271.9	405.5535149
271.92	405.5749867
271.94	405.5964537
271.96	405.6179178
271.98	405.6393948
272	405.6608637
272.02	405.6823279
272.04	405.703789
272.06	405.7252632
272.08	405.7467292
272.1	405.7681905
272.12	405.7896487
272.14	405.81112
272.16	405.8325832
272.18	405.8540415
272.2	405.8754969
272.22	405.8969654
272.24	405.9184256
272.26	405.9398811
272.28	405.9613336
272.3	405.982784
272.32	406.0042481
272.34	406.0257044
272.36	406.047156
272.38	406.0686047
272.4	406.0900515
272.42	406.1115119
272.44	406.1329645
272.46	406.1544125
272.48	406.1758576
272.5	406.1973008
272.52	406.2187425
272.54	406.2401982
272.56	406.2616462
272.58	406.2830898
272.6	406.3045304
272.62	406.3259692
272.64	406.3474066
272.66	406.3688429
272.68	406.3902782
272.7	406.4117127
272.72	406.4331464
272.74	406.4545794
272.76	406.4760116
272.78	406.497443
272.8	406.5188737
272.82	406.5403037
272.84	406.561733
272.86	406.5831615
272.88	406.6045893
272.9	406.6260164
272.92	406.6474427
272.94	406.6688683
272.96	406.6902932
272.98	406.7117173
273	406.7331407
273.02	406.7545634
273.04	406.7759854
273.06	406.7974066
273.08	406.8188271
273.1	406.8402469
273.12	406.8616659
273.14	406.8830842
273.16	406.9045018
273.18	406.9259187
273.2	406.9473348
273.22	406.9687502
273.24	406.9901648
273.26	407.0115788
273.28	407.032992
273.3	407.0544044
273.32	407.0758162
273.34	407.0972272
273.36	407.1186375
273.38	407.1400471
273.4	407.1614559
273.42	407.182864
273.44	407.2042713
273.46	407.225678
273.48	407.2470839
273.5	407.2684891
273.52	407.2898935
273.54	407.3112973
273.56	407.3327002
273.58	407.3541025
273.6	407.375504
273.62	407.3969048
273.64	407.4183049
273.66	407.4397043
273.68	407.4611029
273.7	407.4825008
273.72	407.5038979
273.74	407.5252943
273.76	407.54669
273.78	407.568085
273.8	407.5894792
273.82	407.6108727
273.84	407.6322655
273.86	407.6536576
273.88	407.6750489
273.9	407.6964395
273.92	407.7178293
273.94	407.7392185
273.96	407.7606069
273.98	407.7819945
274	407.8033815
274.02	407.8247677
274.04	407.8461532
274.06	407.8675379
274.08	407.8889219
274.1	407.9103052
274.12	407.9316878
274.14	407.9530696
274.16	407.9744507
274.18	407.9958311
274.2	408.0172249
274.22	408.0386127
274.24	408.0599963
274.26	408.0813772
274.28	408.102756
274.3	408.1241333
274.32	408.1455093
274.34	408.1668986
274.36	408.1882816
274.38	408.2096604
274.4	408.2310363
274.42	408.2524101
274.44	408.2737965
274.46	408.2951764
274.48	408.3165518
274.5	408.3379243
274.52	408.3592946
274.54	408.3806775
274.56	408.4020538
274.58	408.4234257
274.6	408.4447946
274.62	408.4661755
274.64	408.4875494
274.66	408.5089188
274.68	408.530285
274.7	408.5516631
274.72	408.5730342
274.74	408.5944007
274.76	408.6157641
274.78	408.6371393
274.8	408.6585076
274.82	408.6798713
274.84	408.7012317
274.86	408.7226041
274.88	408.7439696
274.9	408.7653304
274.92	408.786702
274.94	408.8080662
274.96	408.8294254
274.98	408.8507952
275	408.8721574
275.02	408.8935146
275.04	408.9148824
275.06	408.9362425
275.08	408.9575976
275.1	408.9789632
275.12	409.0003212
275.14	409.0216742
275.16	409.0430377
275.18	409.0643936
275.2	409.0857443
275.22	409.1071057
275.24	409.1284595
275.26	409.1498081
275.28	409.1711673
275.3	409.1925189
275.32	409.2138654
275.34	409.2352225
275.36	409.256572
275.38	409.2779163
275.4	409.2992713
275.42	409.3206186
275.44	409.3419608
275.46	409.3633136
275.48	409.3846588
275.5	409.4060128
275.52	409.4273582
275.54	409.4486979
275.56	409.4700477
275.58	409.4913898
275.6	409.5127404
275.62	409.5340824
275.64	409.5554186
275.66	409.576765
275.68	409.5981035
275.7	409.6194506
275.72	409.6407891
275.74	409.6621356
275.76	409.6834732
275.78	409.7048187
275.8	409.726155
275.82	409.7474992
275.84	409.7688342
275.86	409.790177
275.88	409.8115106
275.9	409.832852
275.92	409.8541842
275.94	409.8755242
275.96	409.896855
275.98	409.9181936
276	409.939523
276.02	409.9608602
276.04	409.9821882
276.06	410.0035239
276.08	410.0248506
276.1	410.0461849
276.12	410.0675101
276.14	410.088843
276.16	410.1101668
276.18	410.131484
276.2	410.1527976
276.22	410.1741222
276.24	410.1954398
276.26	410.2167664
276.28	410.2380846
276.3	410.2594111
276.32	410.2807144
276.34	410.3020311
276.36	410.3233421
276.38	410.344663
276.4	410.3659761
276.42	410.3872836
276.44	410.4085878
276.46	410.4299034
276.48	410.451212
276.5	410.4725299
276.52	410.4938253
276.54	410.5151343
276.56	410.5364377
276.58	410.5577513
276.6	410.579043
276.62	410.6003486
276.64	410.6216624
276.66	410.6429678
276.68	410.664267
276.7	410.6855625
276.72	410.7068692
276.74	410.7281824
276.76	410.7494719
276.78	410.7707739
276.8	410.7920699
276.82	410.8133755
276.84	410.8346726
276.86	410.8559647
276.88	410.8772671
276.9	410.8985615
276.92	410.9198512
276.94	410.9411512
276.96	410.9624433
276.98	410.9837307
277	411.0050286
277.02	411.0263185
277.04	411.0476038
277.06	411.0688995
277.08	411.0901872
277.1	411.1114704
277.12	411.1327639
277.14	411.1540495
277.16	411.1753305
277.18	411.1966218
277.2	411.2179053
277.22	411.2391841
277.24	411.2604733
277.26	411.2817546
277.28	411.3030447
277.3	411.3243267
277.32	411.3456028
277.34	411.3668888
277.36	411.3881808
277.38	411.409449
277.4	411.4307292
277.42	411.4520169
277.44	411.4732948
277.46	411.494567
277.48	411.515835
277.5	411.5371137
277.52	411.558399
277.54	411.5796609
277.56	411.6009351
277.58	411.6222029
277.6	411.6434801
277.62	411.6647632
277.64	411.6860224
277.66	411.7072935
277.68	411.7285581
277.7	411.749832
277.72	411.7710978
277.74	411.7923719
277.76	411.8136242
277.78	411.8348893
277.8	411.8561485
277.82	411.8774175
277.84	411.8986786
277.86	411.9199482
277.88	411.9412092
277.9	411.9624782
277.92	411.9837382
277.94	412.0050061
277.96	412.026265
277.98	412.0475315
278	412.068789
278.02	412.0900543
278.04	412.1113104
278.06	412.1325742
278.08	412.1538289
278.1	412.1750913
278.12	412.1963445
278.14	412.2176055
278.16	412.2388573
278.18	412.2601169
278.2	412.2813673
278.22	412.3026254
278.24	412.3238744
278.26	412.3451311
278.28	412.3663787
278.3	412.3876339
278.32	412.40888
278.34	412.4301339
278.36	412.4513786
278.38	412.472631
278.4	412.4938742
278.42	412.5151252
278.44	412.5363671
278.46	412.5576166
278.48	412.578857
278.5	412.6001051
278.52	412.6213441
278.54	412.6425908
278.56	412.6638283
278.58	412.6850736
278.6	412.7063096
278.62	412.7275399
278.64	412.7487796
278.66	412.7700115
278.68	412.7912518
278.7	412.8124835
278.72	412.8337097
278.74	412.8549455
278.76	412.8761735
278.78	412.8974101
278.8	412.9186381
278.82	412.9398605
278.84	412.9610927
278.86	412.9823171
278.88	413.0035365
278.9	413.0247659
278.92	413.0459878
278.94	413.0672049
278.96	413.0884319
278.98	413.1096515
279	413.1308663
279.02	413.1520912
279.04	413.1733086
279.06	413.1945212
279.08	413.2157438
279.1	413.236959
279.12	413.2581694
279.14	413.2793898
279.16	413.3006028
279.18	413.321811
279.2	413.3430292
279.22	413.36424
279.24	413.385446
279.26	413.4066487
279.28	413.4278623
279.3	413.4490691
279.32	413.4702715
279.34	413.4914708
279.36	413.5126811
279.38	413.5338848
279.4	413.5550841
279.42	413.5762804
279.44	413.5974878
279.46	413.6186885
279.48	413.6398848
279.5	413.6610781
279.52	413.682295
279.54	413.7035011
279.56	413.7247
279.58	413.7458941
279.6	413.7670847
279.62	413.788286
279.64	413.8094931
279.66	413.8306914
279.68	413.8518839
279.7	413.8730722
279.72	413.8942576
279.74	413.9154664
279.76	413.9366646
279.78	413.9578555
279.8	413.9790415
279.82	414.0002365
279.84	414.0214249
279.86	414.0426086
279.88	414.063789
279.9	414.0849794
279.92	414.1061637
279.94	414.1273438
279.96	414.1485208
279.98	414.1697079
280	414.1908892
280.02	414.2120662
280.04	414.2332525
280.06	414.2544325
280.08	414.2756079
280.1	414.2967924
280.12	414.3179704
280.14	414.3391438
280.16	414.3603262
280.18	414.3815021
280.2	414.4026733
280.22	414.4238535
280.24	414.4450271
280.26	414.4661961
280.28	414.487374
280.3	414.5085455
280.32	414.5297244
280.34	414.5508961
280.36	414.5720625
280.38	414.5932374
280.4	414.6144056
280.42	414.6355812
280.44	414.6567494
280.46	414.6779244
280.48	414.6990917
280.5	414.7202656
280.52	414.7414317
280.54	414.7626043
280.56	414.7837691
280.58	414.8049403
280.6	414.8261036
280.62	414.8472734
280.64	414.8684352
280.66	414.8896035
280.68	414.9107639
280.7	414.9319307
280.72	414.9530896
280.74	414.9742549
280.76	414.9954123
280.78	415.0165761
280.8	415.037732
280.82	415.0588944
280.84	415.0800488
280.86	415.1012096
280.88	415.1223625
280.9	415.1435219
280.92	415.1646733
280.94	415.1858312
280.96	415.206993
280.98	415.2281455
281	415.2493033
281.02	415.2704524
281.04	415.2916075
281.06	415.3127663
281.08	415.3339155
281.1	415.3550698
281.12	415.3762273
281.14	415.397375
281.16	415.4185275
281.18	415.4396831
281.2	415.4608287
281.22	415.4819792
281.24	415.5031326
281.26	415.5242761
281.28	415.5454244
281.3	415.5665756
281.32	415.5877168
281.34	415.6088629
281.36	415.6300119
281.38	415.6511626
281.4	415.6723026
281.42	415.6934468
281.44	415.7145936
281.46	415.7357419
281.48	415.7568793
281.5	415.7780082
281.52	415.7991438
281.54	415.8202836
281.56	415.841426
281.58	415.8625583
281.6	415.8836951
281.62	415.9048222
281.64	415.9259552
281.66	415.9470917
281.68	415.9682304
281.7	415.9893704
281.72	416.0104868
281.74	416.0316113
281.76	416.0527409
281.78	416.0738738
281.8	416.0949961
281.82	416.1161235
281.84	416.1372542
281.86	416.1583868
281.88	416.1795079
281.9	416.2006336
281.92	416.2217621
281.94	416.2428923
281.96	416.2640108
281.98	416.2851337
282	416.3062594
282.02	416.3273742
282.04	416.3484939
282.06	416.3696167
282.08	416.3907288
282.1	416.4118459
282.12	416.4329662
282.14	416.4540759
282.16	416.4751906
282.18	416.4963085
282.2	416.5174159
282.22	416.5385283
282.24	416.5596439
282.26	416.5807489
282.28	416.601859
282.3	416.6229599
282.32	416.6440667
282.34	416.6651772
282.36	416.6862776
282.38	416.7073833
282.4	416.72848
282.42	416.7495826
282.44	416.7706769
282.46	416.7917773
282.48	416.8128695
282.5	416.833968
282.52	416.8550585
282.54	416.8761553
282.56	416.8972441
282.58	416.9183393
282.6	416.9394264
282.62	416.96052
282.64	416.9816055
282.66	417.0027085
282.68	417.0238003
282.7	417.0448961
282.72	417.0659822
282.74	417.0870736
282.76	417.1081562
282.78	417.1292557
282.8	417.1503436
282.82	417.1714352
282.84	417.192517
282.86	417.213615
282.88	417.2347008
282.9	417.25579
282.92	417.2768692
282.94	417.2979524
282.96	417.3190392
282.98	417.3401161
283	417.3612089
283.02	417.3822894
283.04	417.4033615
283.06	417.4244501
283.08	417.4455272
283.1	417.4665961
283.12	417.4876818
283.14	417.5087561
283.16	417.5298223
283.18	417.5509054
283.2	417.5719772
283.22	417.5930518
283.24	417.6141293
283.26	417.6352071
283.28	417.6562744
283.3	417.6773568
283.32	417.6984266
283.34	417.7194984
283.36	417.7405606
283.38	417.7616384
283.4	417.7827041
283.42	417.803772
283.44	417.8248306
283.46	417.8459049
283.48	417.8669672
283.5	417.8880316
283.52	417.9090869
283.54	417.9301461
283.56	417.9512088
283.58	417.9722725
283.6	417.9933367
283.62	418.0143906
283.64	418.0354476
283.66	418.056496
283.68	418.0775486
283.7	418.0986157
283.72	418.1196702
283.74	418.1407262
283.76	418.1617831
283.78	418.18283
283.8	418.2038801
283.82	418.2249322
283.84	418.245975
283.86	418.2670215
283.88	418.2880704
283.9	418.3091206
283.92	418.3301612
283.94	418.3512051
283.96	418.3722512
283.98	418.3932984
284	418.4143463
284.02	418.4353841
284.04	418.4564247
284.06	418.4774672
284.08	418.4985107
284.1	418.5195546
284.12	418.5405987
284.14	418.5616425
284.16	418.5826861
284.18	418.603729
284.2	418.6247714
284.22	418.6458131
284.24	418.6668541
284.26	418.6878943
284.28	418.7089337
284.3	418.7299723
284.32	418.75101
284.34	418.772047
284.36	418.793083
284.38	418.8141182
284.4	418.8351526
284.42	418.8561861
284.44	418.8772187
284.46	418.8982505
284.48	418.9192814
284.5	418.9403114
284.52	418.9613405
284.54	418.9823687
284.56	419.0033961
284.58	419.0244226
284.6	419.0454481
284.62	419.0664728
284.64	419.0874855
284.66	419.1085006
284.68	419.129527
284.7	419.1505515
284.72	419.1715743
284.74	419.1925956
284.76	419.2136044
284.78	419.2346251
284.8	419.2556442
284.82	419.276662
284.84	419.2976673
284.86	419.3186845
284.88	419.3397001
284.9	419.3607143
284.92	419.3817259
284.94	419.4027369
284.96	419.423747
284.98	419.4447549
285	419.4657625
285.02	419.4867694
285.04	419.5077743
285.06	419.5287789
285.08	419.5497925
285.1	419.570792
285.12	419.5918014
285.14	419.6128083
285.16	419.6338115
285.18	419.6548135
285.2	419.6758128
285.22	419.6968113
285.24	419.7178078
285.26	419.7388037
285.28	419.7597978
285.3	419.7807914
285.32	419.8017833
285.34	419.8227844
285.36	419.8437717
285.38	419.8647689
285.4	419.8857623
285.42	419.906754
285.44	419.9277429
285.46	419.9487402
285.48	419.9697232
285.5	419.9907157
285.52	420.011704
285.54	420.0326999
285.56	420.0536809
285.58	420.0746602
285.6	420.0956487
285.62	420.1166328
285.64	420.1376244
285.66	420.1586102
285.68	420.1795918
285.7	420.2005806
285.72	420.2215638
285.74	420.2425427
285.76	420.2635287
285.78	420.2845091
285.8	420.3054851
285.82	420.3264683
285.84	420.3474457
285.86	420.3684187
285.88	420.3893884
285.9	420.4103658
285.92	420.4313379
285.94	420.452306
285.96	420.4732709
285.98	420.4942333
286	420.5152039
286.02	420.5361697
286.04	420.5571317
286.06	420.5780997
286.08	420.5990631
286.1	420.6200228
286.12	420.6409794
286.14	420.6619335
286.16	420.6828944
286.18	420.7038512
286.2	420.7248046
286.22	420.7457641
286.24	420.7667191
286.26	420.7876704
286.28	420.8086274
286.3	420.8295797
286.32	420.8505368
286.34	420.8714887
286.36	420.892445
286.38	420.9133957
286.4	420.9343504
286.42	420.9552994
286.44	420.9762524
286.46	420.9971994
286.48	421.0181503
286.5	421.0390953
286.52	421.060044
286.54	421.0809953
286.56	421.1019397
286.58	421.1228872
286.6	421.1438367
286.62	421.1647789
286.64	421.1857238
286.66	421.2066606
286.68	421.227601
286.7	421.2485439
286.72	421.2694799
286.74	421.2904187
286.76	421.3113495
286.78	421.332284
286.8	421.3532209
286.82	421.3741593
286.84	421.3950887
286.86	421.4160209
286.88	421.4369549
286.9	421.4578802
286.92	421.4788084
286.94	421.4997385
286.96	421.5206599
286.98	421.5415843
287	421.5625106
287.02	421.5834281
287.04	421.6043486
287.06	421.6252693
287.08	421.6461918
287.1	421.6671055
287.12	421.6880218
287.14	421.7089383
287.16	421.7298562
287.18	421.7507652
287.2	421.7716848
287.22	421.7925944
287.24	421.8135138
287.26	421.8344228
287.28	421.8553409
287.3	421.8762483
287.32	421.8971552
287.34	421.918063
287.36	421.9389693
287.38	421.9598667
287.4	421.980774
287.42	422.001679
287.44	422.0225744
287.46	422.0434792
287.48	422.0643813
287.5	422.0852811
287.52	422.106179
287.54	422.1270767
287.56	422.1479721
287.58	422.1688654
287.6	422.1897568
287.62	422.2106466
287.64	422.2315347
287.66	422.2524213
287.68	422.2733063
287.7	422.2941898
287.72	422.3150717
287.74	422.3359521
287.76	422.356831
287.78	422.3777156
287.8	422.3985971
287.82	422.4194757
287.84	422.4403518
287.86	422.4612327
287.88	422.4821099
287.9	422.5029836
287.92	422.5238617
287.94	422.5447354
287.96	422.5656127
287.98	422.5864851
288	422.6073605
288.02	422.6282308
288.04	422.6490947
288.06	422.6699626
288.08	422.690826
288.1	422.7116925
288.12	422.732561
288.14	422.7534218
288.16	422.7742853
288.18	422.7951503
288.2	422.8160074
288.22	422.8368667
288.24	422.8577273
288.26	422.8785797
288.28	422.8994342
288.3	422.920281
288.32	422.9411302
288.34	422.961972
288.36	422.9828233
288.38	423.0036661
288.4	423.0245104
288.42	423.0453536
288.44	423.0661974
288.46	423.0870392
288.48	423.1078811
288.5	423.1287205
288.52	423.149551
288.54	423.1703892
288.56	423.1912244
288.58	423.2120568
288.6	423.2328888
288.62	423.2537175
288.64	423.2745435
288.66	423.2953668
288.68	423.3161876
288.7	423.3370144
288.72	423.3578368
288.74	423.3786553
288.76	423.3994702
288.78	423.4202881
288.8	423.4411018
288.82	423.4619115
288.84	423.4827237
288.86	423.5035314
288.88	423.5243409
288.9	423.5451454
288.92	423.5659512
288.94	423.5867577
288.96	423.6075582
288.98	423.6283591
289	423.64916
289.02	423.6699602
289.04	423.6907512
289.06	423.7115426
289.08	423.7323336
289.1	423.7531237
289.12	423.7739043
289.14	423.7946908
289.16	423.8154755
289.18	423.8362559
289.2	423.8570346
289.22	423.8778091
289.24	423.8985818
289.26	423.9193501
289.28	423.9401221
289.3	423.9608887
289.32	423.981658
289.34	424.002421
289.36	424.0231861
289.38	424.0439443
289.4	424.0646962
289.42	424.0854556
289.44	424.1062072
289.46	424.1269517
289.48	424.1476951
289.5	424.1684369
289.52	424.1891792
289.54	424.2099184
289.56	424.2306543
289.58	424.2513869
289.6	424.272116
289.62	424.2928414
289.64	424.3135629
289.66	424.3342856
289.68	424.3550033
289.7	424.375721
289.72	424.3964329
289.74	424.4171441
289.76	424.4378463
289.78	424.4585479
289.8	424.4792479
289.82	424.4999457
289.84	424.5206332
289.86	424.5413234
289.88	424.5620102
289.9	424.5826904
289.92	424.6033716
289.94	424.6240452
289.96	424.6447188
289.98	424.6653839
290	424.6860483
290.02	424.7067036
290.04	424.7273546
290.06	424.7480037
290.08	424.7686472
290.1	424.7892847
290.12	424.8099162
290.14	424.8305415
290.16	424.8511601
290.18	424.8717761
290.2	424.8923886
290.22	424.9129926
290.24	424.9335921
290.26	424.9541864
290.28	424.9747747
290.3	424.9953603
290.32	425.0159383
290.34	425.0365051
290.36	425.0570681
290.38	425.0776258
290.4	425.0981708
290.42	425.1187136
290.44	425.1392461
290.46	425.1597712
290.48	425.1802848
290.5	425.2007969
290.52	425.2212956
290.54	425.2417843
290.56	425.2622625
290.58	425.2827361
290.6	425.3031968
290.62	425.3236442
290.64	425.344081
290.66	425.3645063
290.68	425.3849193
290.7	425.405319
290.72	425.4257076
290.74	425.4460839
290.76	425.4664403
290.78	425.4867831
290.8	425.5071111
290.82	425.5274194
290.84	425.5477139
290.86	425.5679868
290.88	425.5882436
290.9	425.6084767
290.92	425.6286879
290.94	425.6488825
290.96	425.6690499
290.98	425.6891919
291	425.7093074
291.02	425.7293955
291.04	425.7494551
291.06	425.7694849
291.08	425.7894837
291.1	425.8094502
291.12	425.8293774
291.14	425.8492688
291.16	425.8691192
291.18	425.8889319
291.2	425.9086997
291.22	425.9284262
291.24	425.948104
291.26	425.9677329
291.28	425.9873106
291.3	426.006835
291.32	426.0263055
291.34	426.0457202
291.36	426.0650784
291.38	426.0843781
291.4	426.103612
291.42	426.122786
291.44	426.141898
291.46	426.160941
291.48	426.1799141
291.5	426.198823
291.52	426.2176616
291.54	426.236428
291.56	426.2551225
291.58	426.2737452
291.6	426.2922952
291.62	426.3107716
291.64	426.3291694
291.66	426.3474935
291.68	426.365739
291.7	426.3839105
291.72	426.4020031
291.74	426.4200173
291.76	426.4379528
291.78	426.4558101
291.8	426.4735888
291.82	426.4912893
291.84	426.5089071
291.86	426.5264472
291.88	426.5439058
291.9	426.5612823
291.92	426.5785782
291.94	426.5957934
291.96	426.6129291
291.98	426.6299845
292	426.6469607
292.02	426.6638537
292.04	426.6806682
292.06	426.6974002
292.08	426.7140505
292.1	426.7306199
292.12	426.7471085
292.14	426.7635175
292.16	426.7798428
292.18	426.7960854
292.2	426.8122505
292.22	426.8283341
292.24	426.8443373
292.26	426.8602608
292.28	426.8761008
292.3	426.891863
292.32	426.9075435
292.34	426.9231438
292.36	426.9386645
292.38	426.9541063
292.4	426.9694663
292.42	426.9847459
292.44	426.9999496
292.46	427.0150745
292.48	427.0301177
292.5	427.0450844
292.52	427.0599716
292.54	427.0747809
292.56	427.0895131
292.58	427.1041696
292.6	427.1187509
292.62	427.1332549
292.64	427.1476832
292.66	427.1620366
292.68	427.1763164
292.7	427.1905206
292.72	427.2046507
292.74	427.2187079
292.76	427.2326937
292.78	427.2466092
292.8	427.2604528
292.82	427.2742258
292.84	427.2879299
292.86	427.3015665
292.88	427.3151369
292.9	427.3286398
292.92	427.342077
292.94	427.355452
292.96	427.3687643
292.98	427.3820153
293	427.3952061
293.02	427.4083385
293.04	427.421414
293.06	427.434434
293.08	427.4474002
293.1	427.4603138
293.12	427.4731783
293.14	427.4859934
293.16	427.4987622
293.18	427.5114861
293.2	427.524168
293.22	427.5368096
293.24	427.5494117
293.26	427.5619773
293.28	427.5745089
293.3	427.5870076
293.32	427.5994758
293.34	427.6119147
293.36	427.6243263
293.38	427.6367128
293.4	427.649075
293.42	427.6614147
293.44	427.6737339
293.46	427.6860343
293.48	427.6983164
293.5	427.7105808
293.52	427.72283
293.54	427.7350645
293.56	427.7472847
293.58	427.759492
293.6	427.7716876
293.62	427.7838718
293.64	427.7960459
293.66	427.8082099
293.68	427.8203651
293.7	427.8325117
293.72	427.8446497
293.74	427.8567803
293.76	427.8689036
293.78	427.8810204
293.8	427.893131
293.82	427.9052354
293.84	427.9173345
293.86	427.9294276
293.88	427.9415163
293.9	427.9535999
293.92	427.9656792
293.94	427.9777536
293.96	427.9898245
293.98	428.0018913
294	428.013954
294.02	428.0260134
294.04	428.0380694
294.06	428.0501221
294.08	428.0621716
294.1	428.0742184
294.12	428.0862621
294.14	428.0983031
294.16	428.1103416
294.18	428.1223776
294.2	428.134411
294.22	428.146442
294.24	428.1584705
294.26	428.1704971
294.28	428.1825213
294.3	428.1945436
294.32	428.2065635
294.34	428.2185816
294.36	428.2305978
294.38	428.2426122
294.4	428.2546247
294.42	428.2666355
294.44	428.2786444
294.46	428.290652
294.48	428.3026578
294.5	428.3146623
294.52	428.326665
294.54	428.3386663
294.56	428.350666
294.58	428.3626643
294.6	428.3746613
294.62	428.3866567
294.64	428.3986507
294.66	428.4106434
294.68	428.4226349
294.7	428.434625
294.72	428.4466139
294.74	428.4586015
294.76	428.4705878
294.78	428.4825729
294.8	428.4945571
294.82	428.50654
294.84	428.5185216
294.86	428.5305021
294.88	428.5424815
294.9	428.5544598
294.92	428.5664372
294.94	428.5784133
294.96	428.5903882
294.98	428.6023622
295	428.6143353
295.02	428.6263072
295.04	428.6382781
295.06	428.6502479
295.08	428.6622168
295.1	428.6741847
295.12	428.6861515
295.14	428.6981174
295.16	428.7100824
295.18	428.7220464
295.2	428.7340093
295.22	428.7459713
295.24	428.7579325
295.26	428.7698927
295.28	428.781852
295.3	428.7938104
295.32	428.8057677
295.34	428.8177241
295.36	428.8296796
295.38	428.8416342
295.4	428.8535879
295.42	428.8655407
295.44	428.8774927
295.46	428.8894438
295.48	428.9013939
295.5	428.9133432
295.52	428.9252916
295.54	428.9372392
295.56	428.9491858
295.58	428.9611316
295.6	428.9730765
295.62	428.9850206
295.64	428.9969637
295.66	429.008906
295.68	429.0208474
295.7	429.032788
295.72	429.0447277
295.74	429.0566665
295.76	429.0686044
295.78	429.0805415
295.8	429.0924778
295.82	429.1044131
295.84	429.1163477
295.86	429.1282813
295.88	429.1402142
295.9	429.1521461
295.92	429.1640772
295.94	429.1760075
295.96	429.1879369
295.98	429.1998655
296	429.2117932
296.02	429.2237201
296.04	429.2356462
296.06	429.2475714
296.08	429.2594958
296.1	429.2714194
296.12	429.2833421
296.14	429.295264
296.16	429.3071851
296.18	429.3191054
296.2	429.3310248
296.22	429.3429434
296.24	429.3548612
296.26	429.3667782
296.28	429.3786944
296.3	429.3906097
296.32	429.4025243
296.34	429.414438
296.36	429.426351
296.38	429.4382631
296.4	429.4501744
296.42	429.462085
296.44	429.4739947
296.46	429.4859036
296.48	429.4978118
296.5	429.5097191
296.52	429.5216257
296.54	429.5335315
296.56	429.5454364
296.58	429.5573406
296.6	429.5692441
296.62	429.5811467
296.64	429.5930486
296.66	429.6049496
296.68	429.6168499
296.7	429.6287495
296.72	429.6406482
296.74	429.6525462
296.76	429.6644434
296.78	429.6763399
296.8	429.6882356
296.82	429.7001305
296.84	429.7120247
296.86	429.7239181
296.88	429.7358107
296.9	429.7477026
296.92	429.7595937
296.94	429.7714841
296.96	429.7833737
296.98	429.7952626
297	429.8071508
297.02	429.8190381
297.04	429.8309248
297.06	429.8428107
297.08	429.8546958
297.1	429.8665802
297.12	429.8784639
297.14	429.8903468
297.16	429.902229
297.18	429.9141104
297.2	429.9259911
297.22	429.9378711
297.24	429.9497504
297.26	429.9616289
297.28	429.9735067
297.3	429.9853837
297.32	429.9972601
297.34	430.0091357
297.36	430.0210105
297.38	430.0328847
297.4	430.0447581
297.42	430.0566308
297.44	430.0685028
297.46	430.0803741
297.48	430.0922447
297.5	430.1041145
297.52	430.1159836
297.54	430.127852
297.56	430.1397197
297.58	430.1515867
297.6	430.1634529
297.62	430.1753185
297.64	430.1871833
297.66	430.1990474
297.68	430.2109108
297.7	430.2227736
297.72	430.2346356
297.74	430.2464969
297.76	430.2583574
297.78	430.2702173
297.8	430.2820765
297.82	430.293935
297.84	430.3057928
297.86	430.3176498
297.88	430.3295062
297.9	430.3413619
297.92	430.3532168
297.94	430.3650711
297.96	430.3769247
297.98	430.3887776
298	430.4006297
298.02	430.4124812
298.04	430.424332
298.06	430.4361821
298.08	430.4480315
298.1	430.4598802
298.12	430.4717282
298.14	430.4835755
298.16	430.4954221
298.18	430.507268
298.2	430.5191133
298.22	430.5309578
298.24	430.5428017
298.26	430.5546448
298.28	430.5664873
298.3	430.5783291
298.32	430.5901702
298.34	430.6020106
298.36	430.6138503
298.38	430.6256893
298.4	430.6375277
298.42	430.6493653
298.44	430.6612023
298.46	430.6730386
298.48	430.6848742
298.5	430.6967091
298.52	430.7085433
298.54	430.7203769
298.56	430.7322097
298.58	430.7440419
298.6	430.7558734
298.62	430.7677042
298.64	430.7795343
298.66	430.7913638
298.68	430.8031925
298.7	430.8150206
298.72	430.826848
298.74	430.8386747
298.76	430.8505007
298.78	430.8623261
298.8	430.8741508
298.82	430.8859748
298.84	430.8977981
298.86	430.9096207
298.88	430.9214427
298.9	430.9332639
298.92	430.9450845
298.94	430.9569044
298.96	430.9687237
298.98	430.9805422
299	430.9923601
299.02	431.0041773
299.04	431.0159938
299.06	431.0278097
299.08	431.0396249
299.1	431.0514393
299.12	431.0632532
299.14	431.0750663
299.16	431.0868788
299.18	431.0986905
299.2	431.1105017
299.22	431.1223121
299.24	431.1341218
299.26	431.1459309
299.28	431.1577393
299.3	431.169547
299.32	431.1813541
299.34	431.1931605
299.36	431.2049662
299.38	431.2167712
299.4	431.2285756
299.42	431.2403792
299.44	431.2521822
299.46	431.2639846
299.48	431.2757862
299.5	431.2875872
299.52	431.2993875
299.54	431.3111871
299.56	431.3229861
299.58	431.3347844
299.6	431.346582
299.62	431.3583789
299.64	431.3701752
299.66	431.3819708
299.68	431.3937657
299.7	431.40556
299.72	431.4173536
299.74	431.4291465
299.76	431.4409387
299.78	431.4527302
299.8	431.4645211
299.82	431.4763113
299.84	431.4881009
299.86	431.4998898
299.88	431.511678
299.9	431.5234655
299.92	431.5352523
299.94	431.5470385
299.96	431.558824
299.98	431.5706089
300	431.582393
300.02	431.5941765
300.04	431.6059594
300.06	431.6177415
300.08	431.629523
300.1	431.6413038
300.12	431.653084
300.14	431.6648635
300.16	431.6766423
300.18	431.6884204
300.2	431.7001979
300.22	431.7119747
300.24	431.7237508
300.26	431.7355262
300.28	431.747301
300.3	431.7590751
300.32	431.7708486
300.34	431.7826214
300.36	431.7943935
300.38	431.8061649
300.4	431.8179357
300.42	431.8297058
300.44	431.8414752
300.46	431.853244
300.48	431.8650121
300.5	431.8767795
300.52	431.8885463
300.54	431.9003123
300.56	431.9120778
300.58	431.9238425
300.6	431.9356066
300.62	431.94737
300.64	431.9591328
300.66	431.9708948
300.68	431.9826563
300.7	431.994417
300.72	432.0061771
300.74	432.0179365
300.76	432.0296952
300.78	432.0414533
300.8	432.0532107
300.82	432.0649674
300.84	432.0767235
300.86	432.0884789
300.88	432.1002337
300.9	432.1119877
300.92	432.1237411
300.94	432.1354939
300.96	432.147246
300.98	432.1589974
301	432.1707481
301.02	432.1824982
301.04	432.1942476
301.06	432.2059963
301.08	432.2177444
301.1	432.2294918
301.12	432.2412385
301.14	432.2529846
301.16	432.26473
301.18	432.2764748
301.2	432.2882188
301.22	432.2999623
301.24	432.311705
301.26	432.3234471
301.28	432.3351885
301.3	432.3469293
301.32	432.3586693
301.34	432.3704088
301.36	432.3821475
301.38	432.3938856
301.4	432.405623
301.42	432.4173598
301.44	432.4290959
301.46	432.4408313
301.48	432.4525661
301.5	432.4643002
301.52	432.4760337
301.54	432.4877664
301.56	432.4994985
301.58	432.51123
301.6	432.5229608
301.62	432.5346909
301.64	432.5464204
301.66	432.5581492
301.68	432.5698773
301.7	432.5816047
301.72	432.5933316
301.74	432.6050577
301.76	432.6167832
301.78	432.628508
301.8	432.6402321
301.82	432.6519556
301.84	432.6636784
301.86	432.6754006
301.88	432.6871221
301.9	432.6988429
301.92	432.7105631
301.94	432.7222826
301.96	432.7340015
301.98	432.7457197
302	432.7574372
302.02	432.7691541
302.04	432.7808703
302.06	432.7925858
302.08	432.8043007
302.1	432.8160149
302.12	432.8277284
302.14	432.8394413
302.16	432.8511536
302.18	432.8628651
302.2	432.874576
302.22	432.8862863
302.24	432.8979959
302.26	432.9097048
302.28	432.9214131
302.3	432.9331207
302.32	432.9448276
302.34	432.9565339
302.36	432.9682395
302.38	432.9799445
302.4	432.9916488
302.42	433.0033524
302.44	433.0150554
302.46	433.0267577
302.48	433.0384593
302.5	433.0501603
302.52	433.0618607
302.54	433.0735604
302.56	433.0852594
302.58	433.0969577
302.6	433.1086554
302.62	433.1203525
302.64	433.1320488
302.66	433.1437446
302.68	433.1554396
302.7	433.167134
302.72	433.1788278
302.74	433.1905208
302.76	433.2022133
302.78	433.213905
302.8	433.2255961
302.82	433.2372866
302.84	433.2489764
302.86	433.2606655
302.88	433.272354
302.9	433.2840418
302.92	433.2957289
302.94	433.3074154
302.96	433.3191013
302.98	433.3307864
303	433.342471
303.02	433.3541548
303.04	433.365838
303.06	433.3775206
303.08	433.3892025
303.1	433.4008837
303.12	433.4125643
303.14	433.4242442
303.16	433.4359234
303.18	433.447602
303.2	433.45928
303.22	433.4709573
303.24	433.4826339
303.26	433.4943099
303.28	433.5059852
303.3	433.5176599
303.32	433.5293339
303.34	433.5410072
303.36	433.5526799
303.38	433.5643519
303.4	433.5760233
303.42	433.587694
303.44	433.5993641
303.46	433.6110335
303.48	433.6227022
303.5	433.6343703
303.52	433.6460378
303.54	433.6577046
303.56	433.6693707
303.58	433.6810362
303.6	433.692701
303.62	433.7043651
303.64	433.7160286
303.66	433.7276915
303.68	433.7393537
303.7	433.7510152
303.72	433.7626761
303.74	433.7743364
303.76	433.7859959
303.78	433.7976548
303.8	433.8093131
303.82	433.8209707
303.84	433.8326277
303.86	433.844284
303.88	433.8559396
303.9	433.8675946
303.92	433.879249
303.94	433.8909026
303.96	433.9025557
303.98	433.9142081
304	433.9258598
304.02	433.9375108
304.04	433.9491613
304.06	433.960811
304.08	433.9724601
304.1	433.9841086
304.12	433.9957564
304.14	434.0074035
304.16	434.01905
304.18	434.0306959
304.2	434.0423411
304.22	434.0539856
304.24	434.0656295
304.26	434.0772727
304.28	434.0889153
304.3	434.1005572
304.32	434.1121985
304.34	434.1238391
304.36	434.135479
304.38	434.1471184
304.4	434.158757
304.42	434.170395
304.44	434.1820324
304.46	434.1936691
304.48	434.2053051
304.5	434.2169405
304.52	434.2285753
304.54	434.2402094
304.56	434.2518428
304.58	434.2634756
304.6	434.2751078
304.62	434.2867393
304.64	434.2983701
304.66	434.3100003
304.68	434.3216298
304.7	434.3332587
304.72	434.3448869
304.74	434.3565145
304.76	434.3681415
304.78	434.3797677
304.8	434.3913934
304.82	434.4030184
304.84	434.4146427
304.86	434.4262664
304.88	434.4378894
304.9	434.4495118
304.92	434.4611335
304.94	434.4727546
304.96	434.484375
304.98	434.4959948
305	434.5076139
305.02	434.5192324
305.04	434.5308502
305.06	434.5424674
305.08	434.5540839
305.1	434.5656998
305.12	434.5773151
305.14	434.5889296
305.16	434.6005436
305.18	434.6121569
305.2	434.6237695
305.22	434.6353815
305.24	434.6469928
305.26	434.6586035
305.28	434.6702135
305.3	434.6818229
305.32	434.6934317
305.34	434.7050398
305.36	434.7166472
305.38	434.728254
305.4	434.7398602
305.42	434.7514657
305.44	434.7630705
305.46	434.7746747
305.48	434.7862783
305.5	434.7978812
305.52	434.8094835
305.54	434.8210851
305.56	434.832686
305.58	434.8442864
305.6	434.855886
305.62	434.867485
305.64	434.8790834
305.66	434.8906812
305.68	434.9022782
305.7	434.9138747
305.72	434.9254705
305.74	434.9370656
305.76	434.9486601
305.78	434.9602539
305.8	434.9718471
305.82	434.9834397
305.84	434.9950316
305.86	435.0066229
305.88	435.0182135
305.9	435.0298034
305.92	435.0413928
305.94	435.0529814
305.96	435.0645695
305.98	435.0761569
306	435.0877436
306.02	435.0993297
306.04	435.1109151
306.06	435.1224999
306.08	435.1340841
306.1	435.1456676
306.12	435.1572505
306.14	435.1688327
306.16	435.1804143
306.18	435.1919952
306.2	435.2035755
306.22	435.2151551
306.24	435.2267341
306.26	435.2383125
306.28	435.2498902
306.3	435.2614672
306.32	435.2730437
306.34	435.2846194
306.36	435.2961946
306.38	435.307769
306.4	435.3193429
306.42	435.3309161
306.44	435.3424886
306.46	435.3540605
306.48	435.3656318
306.5	435.3772024
306.52	435.3887724
306.54	435.4003417
306.56	435.4119104
306.58	435.4234785
306.6	435.4350459
306.62	435.4466126
306.64	435.4581787
306.66	435.4697442
306.68	435.481309
306.7	435.4928732
306.72	435.5044368
306.74	435.5159997
306.76	435.5275619
306.78	435.5391235
306.8	435.5506845
306.82	435.5622448
306.84	435.5738045
306.86	435.5853636
306.88	435.596922
306.9	435.6084797
306.92	435.6200368
306.94	435.6315933
306.96	435.6431491
306.98	435.6547043
307	435.6662589
307.02	435.6778128
307.04	435.6893661
307.06	435.7009187
307.08	435.7124707
307.1	435.724022
307.12	435.7355727
307.14	435.7471228
307.16	435.7586722
307.18	435.770221
307.2	435.7817691
307.22	435.7933166
307.24	435.8048635
307.26	435.8164097
307.28	435.8279552
307.3	435.8395002
307.32	435.8510445
307.34	435.8625881
307.36	435.8741311
307.38	435.8856735
307.4	435.8972152
307.42	435.9087563
307.44	435.9202968
307.46	435.9318366
307.48	435.9433757
307.5	435.9549143
307.52	435.9664522
307.54	435.9779894
307.56	435.989526
307.58	436.001062
307.6	436.0125973
307.62	436.024132
307.64	436.0356661
307.66	436.0471995
307.68	436.0587323
307.7	436.0702644
307.72	436.0817959
307.74	436.0933267
307.76	436.104857
307.78	436.1163865
307.8	436.1279155
307.82	436.1394438
307.84	436.1509715
307.86	436.1624985
307.88	436.1740249
307.9	436.1855506
307.92	436.1970757
307.94	436.2086002
307.96	436.220124
307.98	436.2316472
308	436.2431698
308.02	436.2546917
308.04	436.266213
308.06	436.2777336
308.08	436.2892536
308.1	436.300773
308.12	436.3122918
308.14	436.3238099
308.16	436.3353273
308.18	436.3468441
308.2	436.3583603
308.22	436.3698759
308.24	436.3813908
308.26	436.3929051
308.28	436.4044187
308.3	436.4159317
308.32	436.4274441
308.34	436.4389558
308.36	436.4504669
308.38	436.4619773
308.4	436.4734871
308.42	436.4849963
308.44	436.4965049
308.46	436.5080128
308.48	436.5195201
308.5	436.5310267
308.52	436.5425327
308.54	436.5540381
308.56	436.5655428
308.58	436.5770469
308.6	436.5885504
308.62	436.6000532
308.64	436.6115554
308.66	436.6230569
308.68	436.6345578
308.7	436.6460581
308.72	436.6575578
308.74	436.6690568
308.76	436.6805552
308.78	436.6920529
308.8	436.70355
308.82	436.7150465
308.84	436.7265423
308.86	436.7380375
308.88	436.7495321
308.9	436.761026
308.92	436.7725193
308.94	436.784012
308.96	436.795504
308.98	436.8069954
309	436.8184862
309.02	436.8299763
309.04	436.8414658
309.06	436.8529547
309.08	436.8644429
309.1	436.8759305
309.12	436.8874175
309.14	436.8989038
309.16	436.9103895
309.18	436.9218746
309.2	436.933359
309.22	436.9448428
309.24	436.956326
309.26	436.9678085
309.28	436.9792904
309.3	436.9907717
309.32	437.0022523
309.34	437.0137323
309.36	437.0252117
309.38	437.0366904
309.4	437.0481685
309.42	437.059646
309.44	437.0711228
309.46	437.082599
309.48	437.0940746
309.5	437.1055496
309.52	437.1170239
309.54	437.1284976
309.56	437.1399706
309.58	437.151443
309.6	437.1629148
309.62	437.174386
309.64	437.1858565
309.66	437.1973264
309.68	437.2087956
309.7	437.2202643
309.72	437.2317323
309.74	437.2431996
309.76	437.2546664
309.78	437.2661325
309.8	437.2775979
309.82	437.2890628
309.84	437.300527
309.86	437.3119906
309.88	437.3234535
309.9	437.3349158
309.92	437.3463775
309.94	437.3578386
309.96	437.369299
309.98	437.3807588
310	437.392218
310.02	437.4036765
310.04	437.4151344
310.06	437.4265917
310.08	437.4380484
310.1	437.4495044
310.12	437.4609598
310.14	437.4724145
310.16	437.4838687
310.18	437.4953222
310.2	437.506775
310.22	437.5182273
310.24	437.5296789
310.26	437.5411299
310.28	437.5525802
310.3	437.56403
310.32	437.5754791
310.34	437.5869275
310.36	437.5983754
310.38	437.6098226
310.4	437.6212692
310.42	437.6327151
310.44	437.6441604
310.46	437.6556051
310.48	437.6670492
310.5	437.6784927
310.52	437.6899355
310.54	437.7013777
310.56	437.7128192
310.58	437.7242601
310.6	437.7357005
310.62	437.7471401
310.64	437.7585792
310.66	437.7700176
310.68	437.7814554
310.7	437.7928926
310.72	437.8043291
310.74	437.815765
310.76	437.8272003
310.78	437.8386349
310.8	437.850069
310.82	437.8615024
310.84	437.8729352
310.86	437.8843673
310.88	437.8957988
310.9	437.9072297
310.92	437.91866
310.94	437.9300896
310.96	437.9415187
310.98	437.9529471
311	437.9643748
311.02	437.975802
311.04	437.9872285
311.06	437.9986544
311.08	438.0100796
311.1	438.0215043
311.12	438.0329283
311.14	438.0443516
311.16	438.0557744
311.18	438.0671965
311.2	438.078618
311.22	438.0900389
311.24	438.1014592
311.26	438.1128788
311.28	438.1242978
311.3	438.1357162
311.32	438.147134
311.34	438.1585511
311.36	438.1699676
311.38	438.1813835
311.4	438.1927987
311.42	438.2042134
311.44	438.2156274
311.46	438.2270408
311.48	438.2384535
311.5	438.2498657
311.52	438.2612772
311.54	438.2726881
311.56	438.2840983
311.58	438.295508
311.6	438.306917
311.62	438.3183254
311.64	438.3297331
311.66	438.3411403
311.68	438.3525468
311.7	438.3639527
311.72	438.375358
311.74	438.3867626
311.76	438.3981666
311.78	438.40957
311.8	438.4209728
311.82	438.432375
311.84	438.4437765
311.86	438.4551774
311.88	438.4665777
311.9	438.4779774
311.92	438.4893764
311.94	438.5007748
311.96	438.5121726
311.98	438.5235698
312	438.5349664
312.02	438.5463623
312.04	438.5577576
312.06	438.5691523
312.08	438.5805464
312.1	438.5919398
312.12	438.6033326
312.14	438.6147248
312.16	438.6261164
312.18	438.6375074
312.2	438.6488977
312.22	438.6602874
312.24	438.6716765
312.26	438.683065
312.28	438.6944528
312.3	438.70584
312.32	438.7172266
312.34	438.7286126
312.36	438.739998
312.38	438.7513827
312.4	438.7627669
312.42	438.7741504
312.44	438.7855332
312.46	438.7969155
312.48	438.8082971
312.5	438.8196782
312.52	438.8310586
312.54	438.8424383
312.56	438.8538175
312.58	438.865196
312.6	438.8765739
312.62	438.8879512
312.64	438.8993279
312.66	438.910704
312.68	438.9220794
312.7	438.9334542
312.72	438.9448284
312.74	438.956202
312.76	438.967575
312.78	438.9789473
312.8	438.990319
312.82	439.0016901
312.84	439.0130606
312.86	439.0244305
312.88	439.0357997
312.9	439.0471684
312.92	439.0585364
312.94	439.0699037
312.96	439.0812705
312.98	439.0926367
313	439.1040022
313.02	439.1153671
313.04	439.1267314
313.06	439.1380951
313.08	439.1494581
313.1	439.1608206
313.12	439.1721824
313.14	439.1835436
313.16	439.1949042
313.18	439.2062642
313.2	439.2176235
313.22	439.2289822
313.24	439.2403404
313.26	439.2516979
313.28	439.2630547
313.3	439.274411
313.32	439.2857666
313.34	439.2971217
313.36	439.3084761
313.38	439.3198299
313.4	439.331183
313.42	439.3425356
313.44	439.3538875
313.46	439.3652389
313.48	439.3765896
313.5	439.3879397
313.52	439.3992891
313.54	439.410638
313.56	439.4219863
313.58	439.4333339
313.6	439.4446809
313.62	439.4560273
313.64	439.4673731
313.66	439.4787182
313.68	439.4900628
313.7	439.5014067
313.72	439.51275
313.74	439.5240927
313.76	439.5354348
313.78	439.5467762
313.8	439.5581171
313.82	439.5694573
313.84	439.580797
313.86	439.592136
313.88	439.6034743
313.9	439.6148121
313.92	439.6261493
313.94	439.6374858
313.96	439.6488218
313.98	439.6601571
314	439.6714918
314.02	439.6828258
314.04	439.6941593
314.06	439.7054922
314.08	439.7168244
314.1	439.728156
314.12	439.7394871
314.14	439.7508174
314.16	439.7621472
314.18	439.7734764
314.2	439.784805
314.22	439.7961329
314.24	439.8074602
314.26	439.8187869
314.28	439.830113
314.3	439.8414385
314.32	439.8527634
314.34	439.8640877
314.36	439.8754113
314.38	439.8867343
314.4	439.8980567
314.42	439.9093786
314.44	439.9206997
314.46	439.9320203
314.48	439.9433403
314.5	439.9546596
314.52	439.9659784
314.54	439.9772965
314.56	439.988614
314.58	439.9999309
314.6	440.0112472
314.62	440.0225629
314.64	440.033878
314.66	440.0451924
314.68	440.0565062
314.7	440.0678195
314.72	440.0791321
314.74	440.0904441
314.76	440.1017555
314.78	440.1130663
314.8	440.1243764
314.82	440.135686
314.84	440.1469949
314.86	440.1583033
314.88	440.169611
314.9	440.1809181
314.92	440.1922246
314.94	440.2035305
314.96	440.2148357
314.98	440.2261404
315	440.2374445
315.02	440.2487479
315.04	440.2600507
315.06	440.271353
315.08	440.2826546
315.1	440.2939556
315.12	440.305256
315.14	440.3165557
315.16	440.3278549
315.18	440.3391535
315.2	440.3504514
315.22	440.3617487
315.24	440.3730455
315.26	440.3843416
315.28	440.3956371
315.3	440.406932
315.32	440.4182263
315.34	440.4295199
315.36	440.440813
315.38	440.4521055
315.4	440.4633973
315.42	440.4746885
315.44	440.4859792
315.46	440.4972692
315.48	440.5085586
315.5	440.5198474
315.52	440.5311356
315.54	440.5424232
315.56	440.5537101
315.58	440.5649965
315.6	440.5762823
315.62	440.5875674
315.64	440.5988519
315.66	440.6101359
315.68	440.6214192
315.7	440.6327019
315.72	440.643984
315.74	440.6552655
315.76	440.6665464
315.78	440.6778267
315.8	440.6891063
315.82	440.7003854
315.84	440.7116638
315.86	440.7229417
315.88	440.7342189
315.9	440.7454956
315.92	440.7567716
315.94	440.768047
315.96	440.7793218
315.98	440.790596
316	440.8018696
316.02	440.8131426
316.04	440.824415
316.06	440.8356867
316.08	440.8469579
316.1	440.8582284
316.12	440.8694984
316.14	440.8807677
316.16	440.8920365
316.18	440.9033046
316.2	440.9145721
316.22	440.925839
316.24	440.9371053
316.26	440.9483711
316.28	440.9596361
316.3	440.9709006
316.32	440.9821645
316.34	440.9934278
316.36	441.0046905
316.38	441.0159525
316.4	441.027214
316.42	441.0384748
316.44	441.0497351
316.46	441.0609947
316.48	441.0722538
316.5	441.0835122
316.52	441.09477
316.54	441.1060272
316.56	441.1172839
316.58	441.1285399
316.6	441.1397953
316.62	441.1510501
316.64	441.1623043
316.66	441.1735579
316.68	441.1848108
316.7	441.1960632
316.72	441.207315
316.74	441.2185662
316.76	441.2298167
316.78	441.2410667
316.8	441.252316
316.82	441.2635648
316.84	441.2748129
316.86	441.2860605
316.88	441.2973074
316.9	441.3085538
316.92	441.3197995
316.94	441.3310446
316.96	441.3422891
316.98	441.3535331
317	441.3647764
317.02	441.3760191
317.04	441.3872612
317.06	441.3985027
317.08	441.4097436
317.1	441.4209839
317.12	441.4322236
317.14	441.4434627
317.16	441.4547012
317.18	441.4659391
317.2	441.4771763
317.22	441.488413
317.24	441.4996491
317.26	441.5108846
317.28	441.5221194
317.3	441.5333537
317.32	441.5445874
317.34	441.5558204
317.36	441.5670529
317.38	441.5782847
317.4	441.589516
317.42	441.6007467
317.44	441.6119767
317.46	441.6232061
317.48	441.634435
317.5	441.6456632
317.52	441.6568909
317.54	441.6681179
317.56	441.6793444
317.58	441.6905702
317.6	441.7017954
317.62	441.7130201
317.64	441.7242441
317.66	441.7354675
317.68	441.7466904
317.7	441.7579126
317.72	441.7691342
317.74	441.7803553
317.76	441.7915757
317.78	441.8027955
317.8	441.8140147
317.82	441.8252334
317.84	441.8364514
317.86	441.8476688
317.88	441.8588856
317.9	441.8701018
317.92	441.8813175
317.94	441.8925325
317.96	441.9037469
317.98	441.9149607
318	441.9261739
318.02	441.9373866
318.04	441.9485986
318.06	441.95981
318.08	441.9710208
318.1	441.982231
318.12	441.9934407
318.14	442.0046497
318.16	442.0158581
318.18	442.0270659
318.2	442.0382731
318.22	442.0494798
318.24	442.0606858
318.26	442.0718912
318.28	442.083096
318.3	442.0943003
318.32	442.1055039
318.34	442.1167069
318.36	442.1279094
318.38	442.1391112
318.4	442.1503124
318.42	442.1615131
318.44	442.1727131
318.46	442.1839125
318.48	442.1951114
318.5	442.2063096
318.52	442.2175072
318.54	442.2287043
318.56	442.2399007
318.58	442.2510966
318.6	442.2622918
318.62	442.2734865
318.64	442.2846805
318.66	442.295874
318.68	442.3070669
318.7	442.3182591
318.72	442.3294508
318.74	442.3406418
318.76	442.3518323
318.78	442.3630222
318.8	442.3742115
318.82	442.3854001
318.84	442.3965882
318.86	442.4077757
318.88	442.4189626
318.9	442.4301489
318.92	442.4413346
318.94	442.4525197
318.96	442.4637041
318.98	442.4748881
319	442.4860714
319.02	442.4972541
319.04	442.5084362
319.06	442.5196177
319.08	442.5307986
319.1	442.5419789
319.12	442.5531587
319.14	442.5643378
319.16	442.5755163
319.18	442.5866943
319.2	442.5978716
319.22	442.6090484
319.24	442.6202245
319.26	442.6314001
319.28	442.642575
319.3	442.6537494
319.32	442.6649232
319.34	442.6760963
319.36	442.6872689
319.38	442.6984409
319.4	442.7096123
319.42	442.7207831
319.44	442.7319533
319.46	442.7431229
319.48	442.7542919
319.5	442.7654603
319.52	442.7766281
319.54	442.7877954
319.56	442.798962
319.58	442.810128
319.6	442.8212935
319.62	442.8324583
319.64	442.8436226
319.66	442.8547862
319.68	442.8659493
319.7	442.8771118
319.72	442.8882736
319.74	442.8994349
319.76	442.9105956
319.78	442.9217557
319.8	442.9329152
319.82	442.9440741
319.84	442.9552324
319.86	442.9663902
319.88	442.9775473
319.9	442.9887038
319.92	442.9998598
319.94	443.0110151
319.96	443.0221699
319.98	443.033324
320	443.0444776
320.02	443.0556306
320.04	443.066783
320.06	443.0779347
320.08	443.0890859
320.1	443.1002365
320.12	443.1113866
320.14	443.122536
320.16	443.1336848
320.18	443.144833
320.2	443.1559807
320.22	443.1671277
320.24	443.1782742
320.26	443.1894201
320.28	443.2005653
320.3	443.21171
320.32	443.2228541
320.34	443.2339976
320.36	443.2451405
320.38	443.2562828
320.4	443.2674246
320.42	443.2785657
320.44	443.2897062
320.46	443.3008462
320.48	443.3119855
320.5	443.3231243
320.52	443.3342625
320.54	443.3454001
320.56	443.3565371
320.58	443.3676735
320.6	443.3788093
320.62	443.3899445
320.64	443.4010791
320.66	443.4122132
320.68	443.4233466
320.7	443.4344795
320.72	443.4456117
320.74	443.4567434
320.76	443.4678745
320.78	443.479005
320.8	443.4901349
320.82	443.5012642
320.84	443.512393
320.86	443.5235211
320.88	443.5346486
320.9	443.5457756
320.92	443.556902
320.94	443.5680278
320.96	443.5791529
320.98	443.5902775
321	443.6014016
321.02	443.612525
321.04	443.6236478
321.06	443.63477
321.08	443.6458917
321.1	443.6570128
321.12	443.6681332
321.14	443.6792531
321.16	443.6903724
321.18	443.7014911
321.2	443.7126092
321.22	443.7237268
321.24	443.7348437
321.26	443.7459601
321.28	443.7570758
321.3	443.768191
321.32	443.7793056
321.34	443.7904196
321.36	443.801533
321.38	443.8126458
321.4	443.8237581
321.42	443.8348697
321.44	443.8459808
321.46	443.8570913
321.48	443.8682011
321.5	443.8793104
321.52	443.8904191
321.54	443.9015273
321.56	443.9126348
321.58	443.9237417
321.6	443.9348481
321.62	443.9459539
321.64	443.9570591
321.66	443.9681637
321.68	443.9792677
321.7	443.9903711
321.72	444.0014739
321.74	444.0125762
321.76	444.0236778
321.78	444.0347789
321.8	444.0458794
321.82	444.0569793
321.84	444.0680786
321.86	444.0791774
321.88	444.0902755
321.9	444.1013731
321.92	444.11247
321.94	444.1235664
321.96	444.1346622
321.98	444.1457574
322	444.156852
322.02	444.1679461
322.04	444.1790395
322.06	444.1901324
322.08	444.2012247
322.1	444.2123164
322.12	444.2234075
322.14	444.234498
322.16	444.245588
322.18	444.2566773
322.2	444.2677661
322.22	444.2788543
322.24	444.2899419
322.26	444.3010289
322.28	444.3121153
322.3	444.3232012
322.32	444.3342864
322.34	444.3453711
322.36	444.3564552
322.38	444.3675387
322.4	444.3786216
322.42	444.389704
322.44	444.4007857
322.46	444.4118669
322.48	444.4229475
322.5	444.4340275
322.52	444.4451069
322.54	444.4561857
322.56	444.467264
322.58	444.4783416
322.6	444.4894187
322.62	444.5004952
322.64	444.5115711
322.66	444.5226465
322.68	444.5337212
322.7	444.5447954
322.72	444.555869
322.74	444.5669419
322.76	444.5780144
322.78	444.5890862
322.8	444.6001574
322.82	444.6112281
322.84	444.6222982
322.86	444.6333677
322.88	444.6444366
322.9	444.6555049
322.92	444.6665727
322.94	444.6776398
322.96	444.6887064
322.98	444.6997724
323	444.7108378
323.02	444.7219027
323.04	444.7329669
323.06	444.7440306
323.08	444.7550937
323.1	444.7661562
323.12	444.7772181
323.14	444.7882794
323.16	444.7993402
323.18	444.8104004
323.2	444.82146
323.22	444.832519
323.24	444.8435774
323.26	444.8546353
323.28	444.8656926
323.3	444.8767492
323.32	444.8878053
323.34	444.8988609
323.36	444.9099158
323.38	444.9209702
323.4	444.932024
323.42	444.9430772
323.44	444.9541298
323.46	444.9651818
323.48	444.9762333
323.5	444.9872842
323.52	444.9983345
323.54	445.0093842
323.56	445.0204333
323.58	445.0314819
323.6	445.0425298
323.62	445.0535772
323.64	445.0646241
323.66	445.0756703
323.68	445.0867159
323.7	445.097761
323.72	445.1088055
323.74	445.1198494
323.76	445.1308928
323.78	445.1419355
323.8	445.1529777
323.82	445.1640193
323.84	445.1750603
323.86	445.1861007
323.88	445.1971406
323.9	445.2081799
323.92	445.2192186
323.94	445.2302567
323.96	445.2412942
323.98	445.2523312
324	445.2633676
324.02	445.2744034
324.04	445.2854386
324.06	445.2964732
324.08	445.3075073
324.1	445.3185408
324.12	445.3295737
324.14	445.340606
324.16	445.3516378
324.18	445.3626689
324.2	445.3736995
324.22	445.3847296
324.24	445.395759
324.26	445.4067879
324.28	445.4178161
324.3	445.4288438
324.32	445.439871
324.34	445.4508975
324.36	445.4619235
324.38	445.4729489
324.4	445.4839737
324.42	445.4949979
324.44	445.5060216
324.46	445.5170447
324.48	445.5280672
324.5	445.5390891
324.52	445.5501104
324.54	445.5611312
324.56	445.5721514
324.58	445.583171
324.6	445.5941901
324.62	445.6052085
324.64	445.6162264
324.66	445.6272437
324.68	445.6382605
324.7	445.6492766
324.72	445.6602922
324.74	445.6713072
324.76	445.6823216
324.78	445.6933355
324.8	445.7043488
324.82	445.7153615
324.84	445.7263736
324.86	445.7373851
324.88	445.7483961
324.9	445.7594065
324.92	445.7704163
324.94	445.7814256
324.96	445.7924342
324.98	445.8034423
325	445.8144498
325.02	445.8254568
325.04	445.8364631
325.06	445.8474689
325.08	445.8584741
325.1	445.8694788
325.12	445.8804828
325.14	445.8914863
325.16	445.9024892
325.18	445.9134916
325.2	445.9244933
325.22	445.9354945
325.24	445.9464951
325.26	445.9574952
325.28	445.9684946
325.3	445.9794935
325.32	445.9904918
325.34	446.0014896
325.36	446.0124868
325.38	446.0234833
325.4	446.0344794
325.42	446.0454748
325.44	446.0564697
325.46	446.067464
325.48	446.0784577
325.5	446.0894508
325.52	446.1004434
325.54	446.1114354
325.56	446.1224268
325.58	446.1334177
325.6	446.144408
325.62	446.1553977
325.64	446.1663868
325.66	446.1773754
325.68	446.1883633
325.7	446.1993507
325.72	446.2103376
325.74	446.2213238
325.76	446.2323095
325.78	446.2432947
325.8	446.2542792
325.82	446.2652632
325.84	446.2762466
325.86	446.2872294
325.88	446.2982117
325.9	446.3091933
325.92	446.3201744
325.94	446.331155
325.96	446.3421349
325.98	446.3531143
326	446.3640932
