265	1.055825
265.02	1.0557975
265.04	1.0557375
265.06	1.0556775
265.08	1.0556175
265.1	1.055555
265.12	1.055495
265.14	1.055435
265.16	1.055375
265.18	1.0553125
265.2	1.0552525
265.22	1.0551925
265.24	1.05513
265.26	1.05507
265.28	1.05501
265.3	1.05495
265.32	1.05489
265.34	1.0548275
265.36	1.0547675
265.38	1.0547075
265.4	1.0546425
265.42	1.0545825
265.44	1.054525
265.46	1.0544625
265.48	1.0544
265.5	1.05434
265.52	1.0542775
265.54	1.0542175
265.56	1.0541575
265.58	1.054095
265.6	1.054035
265.62	1.0539725
265.64	1.0539125
265.66	1.0538525
265.68	1.0537875
265.7	1.0537225
265.72	1.05366
265.74	1.0535975
265.76	1.053535
265.78	1.053475
265.8	1.053415
265.82	1.0533525
265.84	1.05329
265.86	1.05323
265.88	1.0531675
265.9	1.053105
265.92	1.053045
265.94	1.0529825
265.96	1.05292
265.98	1.05286
266	1.0528
266.02	1.052695
266.04	1.0525925
266.06	1.0525325
266.08	1.0524675
266.1	1.0524075
266.12	1.0523475
266.14	1.0522825
266.16	1.05222
266.18	1.0521575
266.2	1.052095
266.22	1.052035
266.24	1.0519725
266.26	1.05191
266.28	1.0518475
266.3	1.051785
266.32	1.051725
266.34	1.0512725
266.36	1.0508175
266.38	1.050755
266.4	1.0506925
266.42	1.0506275
266.44	1.0505625
266.46	1.0505
266.48	1.0504375
266.5	1.0503725
266.52	1.05031
266.54	1.050245
266.56	1.05018
266.58	1.0501175
266.6	1.050055
266.62	1.0499925
266.64	1.049925
266.66	1.0498625
266.68	1.0498
266.7	1.0497325
266.72	1.04967
266.74	1.0496075
266.76	1.0495425
266.78	1.0494775
266.8	1.0494125
266.82	1.04935
266.84	1.0492875
266.86	1.04922
266.88	1.049155
266.9	1.049095
266.92	1.04903
266.94	1.0489625
266.96	1.0489
266.98	1.048835
267	1.04877
267.02	1.0487075
267.04	1.0486425
267.06	1.0485775
267.08	1.0485125
267.1	1.0484475
267.12	1.0483825
267.14	1.0483175
267.16	1.048255
267.18	1.04819
267.2	1.0481225
267.22	1.04806
267.24	1.047995
267.26	1.04793
267.28	1.047865
267.3	1.0478
267.32	1.047735
267.34	1.04767
267.36	1.047605
267.38	1.04754
267.4	1.0474775
267.42	1.04741
267.44	1.047345
267.46	1.0472825
267.48	1.047215
267.5	1.0471475
267.52	1.047085
267.54	1.04702
267.56	1.0469525
267.58	1.0468875
267.6	1.046825
267.62	1.0467575
267.64	1.04669
267.66	1.0466275
267.68	1.046565
267.7	1.046505
267.72	1.04644
267.74	1.0463725
267.76	1.046305
267.78	1.04624
267.8	1.0461775
267.82	1.04611
267.84	1.0460425
267.86	1.0459775
267.88	1.0459125
267.9	1.0458475
267.92	1.04578
267.94	1.0457125
267.96	1.0456475
267.98	1.0455825
268	1.0455575
268.02	1.0455325
268.04	1.0454675
268.06	1.0454
268.08	1.0453325
268.1	1.0452675
268.12	1.0452025
268.14	1.045135
268.16	1.04507
268.18	1.045005
268.2	1.044935
268.22	1.04487
268.24	1.044805
268.26	1.0447375
268.28	1.0446725
268.3	1.044605
268.32	1.0449275
268.34	1.0452525
268.36	1.0451875
268.38	1.0451225
268.4	1.0450575
268.42	1.04499
268.44	1.044925
268.46	1.04486
268.48	1.0447925
268.5	1.0447275
268.52	1.0446625
268.54	1.0445975
268.56	1.0445325
268.58	1.0444675
268.6	1.0444
268.62	1.04433
268.64	1.04426
268.66	1.0441925
268.68	1.04413
268.7	1.044065
268.72	1.043995
268.74	1.04393
268.76	1.043865
268.78	1.0437975
268.8	1.0437325
268.82	1.043665
268.84	1.0436
268.86	1.043535
268.88	1.0434675
268.9	1.0434
268.92	1.0433325
268.94	1.0432675
268.96	1.0431625
268.98	1.0430575
269	1.04299
269.02	1.04292
269.04	1.042855
269.06	1.04279
269.08	1.04272
269.1	1.042655
269.12	1.0425875
269.14	1.04252
269.16	1.042455
269.18	1.042385
269.2	1.0423175
269.22	1.0422525
269.24	1.042185
269.26	1.0421175
269.28	1.0420525
269.3	1.0416
269.32	1.0411475
269.34	1.04108
269.36	1.0410125
269.38	1.040945
269.4	1.040875
269.42	1.040805
269.44	1.040735
269.46	1.0406675
269.48	1.0406
269.5	1.04053
269.52	1.0404625
269.54	1.0403925
269.56	1.0403225
269.58	1.040255
269.6	1.040185
269.62	1.0401175
269.64	1.0400475
269.66	1.0399775
269.68	1.03991
269.7	1.03984
269.72	1.03977
269.74	1.0397
269.76	1.03963
269.78	1.0395625
269.8	1.0394925
269.82	1.0394225
269.84	1.039355
269.86	1.039285
269.88	1.0392125
269.9	1.0391425
269.92	1.039075
269.94	1.039005
269.96	1.038935
269.98	1.038865
270	1.038795
270.02	1.038725
270.04	1.038655
270.06	1.038585
270.08	1.038515
270.1	1.038445
270.12	1.038375
270.14	1.038305
270.16	1.038235
270.18	1.0381625
270.2	1.0380925
270.22	1.038025
270.24	1.0379525
270.26	1.0378825
270.28	1.0378125
270.3	1.03774
270.32	1.03767
270.34	1.0376
270.36	1.03753
270.38	1.03746
270.4	1.03739
270.42	1.0373175
270.44	1.037245
270.46	1.037175
270.48	1.037105
270.5	1.0370325
270.52	1.0369625
270.54	1.0368925
270.56	1.03682
270.58	1.0367475
270.6	1.03668
270.62	1.036615
270.64	1.0365425
270.66	1.0364725
270.68	1.0364025
270.7	1.0363275
270.72	1.036255
270.74	1.036185
270.76	1.036115
270.78	1.0360425
270.8	1.03597
270.82	1.0358975
270.84	1.0358275
270.86	1.035755
270.88	1.0356825
270.9	1.0356125
270.92	1.0355375
270.94	1.035505
270.96	1.035475
270.98	1.0354025
271	1.03533
271.02	1.03526
271.04	1.0351875
271.06	1.0351125
271.08	1.0350425
271.1	1.03497
271.12	1.0348925
271.14	1.03482
271.16	1.0347475
271.18	1.0346725
271.2	1.0346
271.22	1.0345275
271.24	1.034455
271.26	1.0343825
271.28	1.0346925
271.3	1.035005
271.32	1.034935
271.34	1.0348625
271.36	1.0347875
271.38	1.0347175
271.4	1.0346475
271.42	1.0345725
271.44	1.0345025
271.46	1.0344325
271.48	1.03432
271.5	1.0342075
271.52	1.034135
271.54	1.034065
271.56	1.0339925
271.58	1.0339175
271.6	1.033845
271.62	1.033775
271.64	1.0337025
271.66	1.0336275
271.68	1.033555
271.7	1.033485
271.72	1.03341
271.74	1.0333375
271.76	1.033265
271.78	1.03319
271.8	1.03312
271.82	1.033045
271.84	1.032595
271.86	1.0321475
271.88	1.032075
271.9	1.032
271.92	1.0319225
271.94	1.03185
271.96	1.031775
271.98	1.0317
272	1.031625
272.02	1.03155
272.04	1.031475
272.06	1.0314
272.08	1.0313275
272.1	1.0312525
272.12	1.031175
272.14	1.0311
272.16	1.031025
272.18	1.03095
272.2	1.030875
272.22	1.0308
272.24	1.030725
272.26	1.0306475
272.28	1.030575
272.3	1.0305
272.32	1.0304225
272.34	1.030345
272.36	1.03027
272.38	1.030195
272.4	1.03012
272.42	1.030045
272.44	1.0299675
272.46	1.02989
272.48	1.029815
272.5	1.02974
272.52	1.0296625
272.54	1.0295875
272.56	1.02951
272.58	1.029435
272.6	1.02936
272.62	1.02928
272.64	1.029205
272.66	1.02913
272.68	1.02905
272.7	1.028975
272.72	1.0289
272.74	1.02882
272.76	1.028745
272.78	1.02867
272.8	1.02859
272.82	1.0285125
272.84	1.0284375
272.86	1.02836
272.88	1.0282825
272.9	1.0282075
272.92	1.02813
272.94	1.02805
272.96	1.0279725
272.98	1.027895
273	1.0278175
273.02	1.02774
273.04	1.0276625
273.06	1.027585
273.08	1.0275075
273.1	1.0274325
273.12	1.0273575
273.14	1.0272825
273.16	1.0272025
273.18	1.0271225
273.2	1.0270475
273.22	1.02697
273.24	1.02689
273.26	1.0268125
273.28	1.0267325
273.3	1.02665
273.32	1.02657
273.34	1.02649
273.36	1.0264125
273.38	1.0263325
273.4	1.0262525
273.42	1.026175
273.44	1.0260975
273.46	1.0260575
273.48	1.026015
273.5	1.0259375
273.52	1.02586
273.54	1.0257775
273.56	1.0257
273.58	1.0256225
273.6	1.02554
273.62	1.0254625
273.64	1.025385
273.66	1.025305
273.68	1.025185
273.7	1.0250675
273.72	1.02499
273.74	1.02491
273.76	1.02483
273.78	1.02475
273.8	1.0246675
273.82	1.024965
273.84	1.0252625
273.86	1.02518
273.88	1.0251025
273.9	1.025025
273.92	1.0249425
273.94	1.0248625
273.96	1.0247875
273.98	1.0247075
274	1.024625
274.02	1.024545
274.04	1.0244675
274.06	1.02402
274.08	1.02357
274.1	1.02349
274.12	1.0234075
274.14	1.0233275
274.16	1.0232475
274.18	1.023165
274.2	1.0230825
274.22	1.023
274.24	1.02292
274.26	1.02284
274.28	1.0227575
274.3	1.022675
274.32	1.0225925
274.34	1.02251
274.36	1.02243
274.38	1.0223475
274.4	1.022265
274.42	1.0221825
274.44	1.0221
274.46	1.0220175
274.48	1.021935
274.5	1.0218525
274.52	1.02177
274.54	1.02169
274.56	1.0216075
274.58	1.0215225
274.6	1.0214375
274.62	1.0213575
274.64	1.021275
274.66	1.02119
274.68	1.0211075
274.7	1.021025
274.72	1.0209425
274.74	1.0208575
274.76	1.0207725
274.78	1.02069
274.8	1.0206075
274.82	1.020525
274.84	1.02044
274.86	1.020355
274.88	1.0202725
274.9	1.0201875
274.92	1.020105
274.94	1.02002
274.96	1.019935
274.98	1.0198525
275	1.0197675
275.02	1.019685
275.04	1.0196
275.06	1.0195125
275.08	1.01943
275.1	1.019345
275.12	1.01926
275.14	1.0191775
275.16	1.01909
275.18	1.019005
275.2	1.01892
275.22	1.0188325
275.24	1.018745
275.26	1.0186575
275.28	1.018575
275.3	1.0184925
275.32	1.0184075
275.34	1.0183225
275.36	1.0182375
275.38	1.0181525
275.4	1.0180675
275.42	1.01798
275.44	1.0178925
275.46	1.0178075
275.48	1.0177225
275.5	1.017635
275.52	1.01755
275.54	1.0174625
275.56	1.017375
275.58	1.01729
275.6	1.0172025
275.62	1.01708
275.64	1.016955
275.66	1.016905
275.68	1.0168575
275.7	1.01677
275.72	1.0166825
275.74	1.0165975
275.76	1.01651
275.78	1.01642
275.8	1.0163325
275.82	1.016245
275.84	1.0161575
275.86	1.0160725
275.88	1.0159825
275.9	1.015895
275.92	1.0158075
275.94	1.0157175
275.96	1.01563
275.98	1.0155425
276	1.015455
276.02	1.015005
276.04	1.014925
276.06	1.015205
276.08	1.015115
276.1	1.015025
276.12	1.0149375
276.14	1.0148475
276.16	1.0147575
276.18	1.01467
276.2	1.0145825
276.22	1.0144925
276.24	1.0144025
276.26	1.0143125
276.28	1.0142225
276.3	1.014135
276.32	1.014045
276.34	1.013955
276.36	1.013865
276.38	1.013775
276.4	1.0136825
276.42	1.0135925
276.44	1.013505
276.46	1.013415
276.48	1.013325
276.5	1.0132325
276.52	1.0131425
276.54	1.0130525
276.56	1.01296
276.58	1.01287
276.6	1.0127775
276.62	1.0126875
276.64	1.0125975
276.66	1.012505
276.68	1.012415
276.7	1.0123225
276.72	1.01223
276.74	1.01214
276.76	1.01205
276.78	1.0119575
276.8	1.011865
276.82	1.0117725
276.84	1.01168
276.86	1.01159
276.88	1.0114975
276.9	1.011405
276.92	1.0113125
276.94	1.011215
276.96	1.01112
276.98	1.0110275
277	1.010935
277.02	1.0108425
277.04	1.0107475
277.06	1.010655
277.08	1.0105625
277.1	1.01047
277.12	1.0103775
277.14	1.0102825
277.16	1.0101875
277.18	1.010095
277.2	1.010005
277.22	1.009915
277.24	1.0098225
277.26	1.0097275
277.28	1.0096325
277.3	1.0095375
277.32	1.009445
277.34	1.00935
277.36	1.0092175
277.38	1.00909
277.4	1.008995
277.42	1.0088975
277.44	1.0088025
277.46	1.0087075
277.48	1.0086125
277.5	1.0085175
277.52	1.0084225
277.54	1.0083275
277.56	1.00823
277.58	1.0081325
277.6	1.008075
277.62	1.0080175
277.64	1.00792
277.66	1.007825
277.68	1.00773
277.7	1.0076325
277.72	1.007535
277.74	1.0074375
277.76	1.0073425
277.78	1.006895
277.8	1.006445
277.82	1.006345
277.84	1.0062475
277.86	1.00615
277.88	1.00605
277.9	1.0059525
277.92	1.005855
277.94	1.005755
277.96	1.005655
277.98	1.0055575
278	1.00582
278.02	1.00608
278.04	1.0059825
278.06	1.005885
278.08	1.005785
278.1	1.005685
278.12	1.0055875
278.14	1.00549
278.16	1.0053925
278.18	1.005295
278.2	1.0051925
278.22	1.0050925
278.24	1.0049975
278.26	1.0048975
278.28	1.0047975
278.3	1.0046975
278.32	1.0045975
278.34	1.0045
278.36	1.0044
278.38	1.0042975
278.4	1.0041975
278.42	1.0041
278.44	1.004
278.46	1.003895
278.48	1.00379
278.5	1.00369
278.52	1.00359
278.54	1.00349
278.56	1.00339
278.58	1.00329
278.6	1.0031875
278.62	1.003085
278.64	1.002985
278.66	1.0028825
278.68	1.00278
278.7	1.00268
278.72	1.0025775
278.74	1.002475
278.76	1.002375
278.78	1.0022725
278.8	1.0021675
278.82	1.0020675
278.84	1.001965
278.86	1.00186
278.88	1.00176
278.9	1.0016225
278.92	1.001485
278.94	1.001385
278.96	1.001285
278.98	1.00118
279	1.001075
279.02	1.0009725
279.04	1.00087
279.06	1.000765
279.08	1.00066
279.1	1.000555
279.12	1.00045
279.14	1.0003475
279.16	1.0002425
279.18	1.0001375
279.2	1.0000325
279.22	0.9999275
279.24	0.9998225
279.26	0.9997175
279.28	0.9996125
279.3	0.9995075
279.32	0.9994025
279.34	0.9993325
279.36	0.998915
279.38	0.998465
279.4	0.99836
279.42	0.99825
279.44	0.9981425
279.46	0.9980375
279.48	0.99793
279.5	0.99782
279.52	0.9977125
279.54	0.997605
279.56	0.9974975
279.58	0.99739
279.6	0.99728
279.62	0.9971725
279.64	0.997065
279.66	0.996955
279.68	0.996845
279.7	0.996735
279.72	0.9966275
279.74	0.99652
279.76	0.9967625
279.78	0.997005
279.8	0.9968975
279.82	0.9967875
279.84	0.9966775
279.86	0.9965675
279.88	0.996455
279.9	0.9963475
279.92	0.9962375
279.94	0.9961275
279.96	0.9960175
279.98	0.9959075
280	0.9958
280.02	0.99569
280.04	0.99558
280.06	0.9954675
280.08	0.9953575
280.1	0.99525
280.12	0.9951375
280.14	0.995025
280.16	0.9949175
280.18	0.994805
280.2	0.9946925
280.22	0.9945825
280.24	0.9944725
280.26	0.99436
280.28	0.9942475
280.3	0.9941375
280.32	0.99399
280.34	0.9938425
280.36	0.99373
280.38	0.99362
280.4	0.993505
280.42	0.9933925
280.44	0.993285
280.46	0.9931725
280.48	0.99306
280.5	0.9929475
280.52	0.9928325
280.54	0.99272
280.56	0.992605
280.58	0.99249
280.6	0.9923775
280.62	0.9922625
280.64	0.99215
280.66	0.992035
280.68	0.9919175
280.7	0.9918025
280.72	0.99169
280.74	0.991575
280.76	0.9914575
280.78	0.9913425
280.8	0.99089
280.82	0.9904375
280.84	0.99032
280.86	0.9902025
280.88	0.99012
280.9	0.9900375
280.92	0.9899225
280.94	0.989805
280.96	0.989685
280.98	0.9895675
281	0.98945
281.02	0.98933
281.04	0.9892125
281.06	0.989095
281.08	0.988975
281.1	0.9888575
281.12	0.9887375
281.14	0.988615
281.16	0.9884925
281.18	0.9883725
281.2	0.988255
281.22	0.988135
281.24	0.988015
281.26	0.9878925
281.28	0.9877725
281.3	0.987655
281.32	0.9875325
281.34	0.9877575
281.36	0.9879825
281.38	0.98786
281.4	0.9877425
281.42	0.9876225
281.44	0.9875
281.46	0.9873825
281.48	0.9872625
281.5	0.98714
281.52	0.9870175
281.54	0.9868975
281.56	0.9867775
281.58	0.986655
281.6	0.9865325
281.62	0.9863775
281.64	0.986225
281.66	0.9861025
281.68	0.9859775
281.7	0.985855
281.72	0.985735
281.74	0.9856125
281.76	0.9854875
281.78	0.9853625
281.8	0.98524
281.82	0.9851175
281.84	0.984995
281.86	0.984875
281.88	0.9847525
281.9	0.9846275
281.92	0.9845025
281.94	0.9843775
281.96	0.9842525
281.98	0.98413
282	0.984005
282.02	0.9838775
282.04	0.9837525
282.06	0.9836275
282.08	0.9835025
282.1	0.983375
282.12	0.98292
282.14	0.982465
282.16	0.9823375
282.18	0.98221
282.2	0.9820825
282.22	0.981955
282.24	0.981825
282.26	0.9816975
282.28	0.9815675
282.3	0.98147
282.32	0.9813725
282.34	0.9812425
282.36	0.981115
282.38	0.980985
282.4	0.9808575
282.42	0.9807275
282.44	0.980595
282.46	0.980465
282.48	0.980335
282.5	0.980205
282.52	0.980075
282.54	0.979945
282.56	0.979815
282.58	0.9796825
282.6	0.97955
282.62	0.97942
282.64	0.9792875
282.66	0.979155
282.68	0.979025
282.7	0.9788925
282.72	0.97876
282.74	0.9786275
282.76	0.978495
282.78	0.9787
282.8	0.9789025
282.82	0.9787375
282.84	0.978575
282.86	0.9784425
282.88	0.9783075
282.9	0.9781725
282.92	0.97804
282.94	0.9779075
282.96	0.977775
282.98	0.97764
283	0.977505
283.02	0.9773725
283.04	0.9772375
283.06	0.9771025
283.08	0.9769675
283.1	0.9768325
283.12	0.9767025
283.14	0.97657
283.16	0.9764325
283.18	0.9762975
283.2	0.9761625
283.22	0.9760275
283.24	0.97589
283.26	0.9757525
283.28	0.975615
283.3	0.97548
283.32	0.9753425
283.34	0.9748825
283.36	0.9744275
283.38	0.9742875
283.4	0.974145
283.42	0.9740025
283.44	0.9738625
283.46	0.9737225
283.48	0.9735825
283.5	0.973445
283.52	0.9733025
283.54	0.9731625
283.56	0.9730225
283.58	0.97288
283.6	0.972775
283.62	0.9726675
283.64	0.9725225
283.66	0.9723825
283.68	0.9722425
283.7	0.9721
283.72	0.9719575
283.74	0.971815
283.76	0.9716725
283.78	0.97153
283.8	0.9713875
283.82	0.971245
283.84	0.9711025
283.86	0.9709575
283.88	0.970815
283.9	0.97067
283.92	0.970525
283.94	0.97035
283.96	0.970175
283.98	0.97003
284	0.9698825
284.02	0.9697375
284.04	0.9695925
284.06	0.9694475
284.08	0.9693025
284.1	0.9694825
284.12	0.969665
284.14	0.9695225
284.16	0.969375
284.18	0.9692275
284.2	0.9690825
284.22	0.9689375
284.24	0.9687925
284.26	0.968645
284.28	0.9684975
284.3	0.968355
284.32	0.96821
284.34	0.96806
284.36	0.9679125
284.38	0.967765
284.4	0.967615
284.42	0.967465
284.44	0.9673125
284.46	0.9671625
284.48	0.9667025
284.5	0.96624
284.52	0.9660875
284.54	0.9659375
284.56	0.9657875
284.58	0.965635
284.6	0.9654825
284.62	0.96533
284.64	0.96518
284.66	0.9650275
284.68	0.9648725
284.7	0.96472
284.72	0.9645675
284.74	0.964415
284.76	0.9642625
284.78	0.9641075
284.8	0.963985
284.82	0.963865
284.84	0.96371
284.86	0.963555
284.88	0.9634
284.9	0.963245
284.92	0.9630925
284.94	0.9629375
284.96	0.96278
284.98	0.9625925
285	0.9624075
285.02	0.96225
285.04	0.9620925
285.06	0.9619375
285.08	0.96178
285.1	0.9616225
285.12	0.961465
285.14	0.961305
285.16	0.9611475
285.18	0.96099
285.2	0.9608325
285.22	0.9606725
285.24	0.9605125
285.26	0.960355
285.28	0.960195
285.3	0.9600325
285.32	0.960195
285.34	0.9603575
285.36	0.960195
285.38	0.9600375
285.4	0.9598775
285.42	0.959715
285.44	0.959555
285.46	0.959395
285.48	0.959235
285.5	0.959075
285.52	0.9589125
285.54	0.95875
285.56	0.958285
285.58	0.957815
285.6	0.95765
285.62	0.95749
285.64	0.957325
285.66	0.95716
285.68	0.956995
285.7	0.95683
285.72	0.9566675
285.74	0.9565
285.76	0.9563325
285.78	0.95617
285.8	0.9560025
285.82	0.955835
285.84	0.95567
285.86	0.9555025
285.88	0.9553375
285.9	0.95517
285.92	0.9550325
285.94	0.9548975
285.96	0.95473
285.98	0.95453
286	0.9543325
286.02	0.954165
286.04	0.953995
286.06	0.953825
286.08	0.953655
286.1	0.953485
286.12	0.9533175
286.14	0.9531475
286.16	0.9529725
286.18	0.9528025
286.2	0.9526325
286.22	0.95246
286.24	0.95229
286.26	0.9521175
286.28	0.951945
286.3	0.95177
286.32	0.9515925
286.34	0.95142
286.36	0.9512475
286.38	0.9510725
286.4	0.9509025
286.42	0.9507325
286.44	0.950555
286.46	0.9506925
286.48	0.950835
286.5	0.95066
286.52	0.9504825
286.54	0.95031
286.56	0.950135
286.58	0.94966
286.6	0.9491875
286.62	0.9490125
286.64	0.948835
286.66	0.948655
286.68	0.9484775
286.7	0.9483
286.72	0.9481225
286.74	0.947945
286.76	0.947765
286.78	0.947585
286.8	0.9474075
286.82	0.9472275
286.84	0.9470475
286.86	0.9468675
286.88	0.9466875
286.9	0.9465075
286.92	0.946295
286.94	0.946085
286.96	0.945935
286.98	0.9457825
287	0.9456
287.02	0.9454175
287.04	0.945235
287.06	0.9450525
287.08	0.94487
287.1	0.944685
287.12	0.9445
287.14	0.9443175
287.16	0.94413
287.18	0.9439425
287.2	0.9437575
287.22	0.94357
287.24	0.943385
287.26	0.9432
287.28	0.9430125
287.3	0.9428275
287.32	0.94264
287.34	0.94245
287.36	0.9422675
287.38	0.9420825
287.4	0.9418925
287.42	0.9417075
287.44	0.94152
287.46	0.9413275
287.48	0.9411375
287.5	0.94095
287.52	0.94076
287.54	0.940585
287.56	0.94041
287.58	0.94022
287.6	0.94003
287.62	0.9398375
287.64	0.939645
287.66	0.939455
287.68	0.9392625
287.7	0.93907
287.72	0.9388775
287.74	0.9386825
287.76	0.93849
287.78	0.9382975
287.8	0.9381025
287.82	0.93788
287.84	0.9376575
287.86	0.9374625
287.88	0.9372675
287.9	0.93707
287.92	0.936875
287.94	0.93668
287.96	0.93651
287.98	0.936345
288	0.936145
288.02	0.9359425
288.04	0.9357475
288.06	0.9355475
288.08	0.93535
288.1	0.9351525
288.12	0.93495
288.14	0.9347525
288.16	0.9345525
288.18	0.9343525
288.2	0.9341525
288.22	0.93395
288.24	0.93375
288.26	0.93355
288.28	0.93335
288.3	0.93315
288.32	0.93295
288.34	0.9327475
288.36	0.9325425
288.38	0.93234
288.4	0.9321375
288.42	0.9319325
288.44	0.93173
288.46	0.931525
288.48	0.9310375
288.5	0.9305525
288.52	0.930345
288.54	0.9301375
288.56	0.9302275
288.58	0.9303175
288.6	0.9301125
288.62	0.929905
288.64	0.9296975
288.66	0.92949
288.68	0.929255
288.7	0.92902
288.72	0.92881
288.74	0.9286
288.76	0.92839
288.78	0.9281825
288.8	0.92797
288.82	0.927755
288.84	0.927545
288.86	0.927335
288.88	0.9271225
288.9	0.9269375
288.92	0.926755
288.94	0.9265425
288.96	0.92633
288.98	0.9261175
289	0.925905
289.02	0.92569
289.04	0.925475
289.06	0.9252625
289.08	0.9250475
289.1	0.9248325
289.12	0.924615
289.14	0.9244025
289.16	0.92419
289.18	0.9239725
289.2	0.9237575
289.22	0.92354
289.24	0.9233225
289.26	0.923105
289.28	0.9228875
289.3	0.92267
289.32	0.92245
289.34	0.92223
289.36	0.92201
289.38	0.9215175
289.4	0.9210225
289.42	0.9208
289.44	0.92058
289.46	0.9203575
289.48	0.920135
289.5	0.9199125
289.52	0.9199525
289.54	0.9199925
289.56	0.9197675
289.58	0.91957
289.6	0.9193425
289.62	0.91909
289.64	0.91887
289.66	0.918645
289.68	0.9184175
289.7	0.9181925
289.72	0.917965
289.74	0.91774
289.76	0.9175125
289.78	0.917285
289.8	0.9170875
289.82	0.9168875
289.84	0.91666
289.86	0.91643
289.88	0.9162
289.9	0.9159725
289.92	0.915745
289.94	0.915515
289.96	0.915285
289.98	0.9150575
290	0.91483
290.02	0.9145975
290.04	0.914365
290.06	0.914135
290.08	0.9139025
290.1	0.91367
290.12	0.9134375
290.14	0.913205
290.16	0.9129725
290.18	0.9127375
290.2	0.9125025
290.22	0.9122675
290.24	0.9120325
290.26	0.9117975
290.28	0.9112975
290.3	0.9107925
290.32	0.910555
290.34	0.9105575
290.36	0.9102925
290.38	0.90979
290.4	0.90955
290.42	0.9093325
290.44	0.90909
290.46	0.9091075
290.48	0.90915
290.5	0.90891
290.52	0.90867
290.54	0.90843
290.56	0.9081875
290.58	0.907945
290.6	0.907705
290.62	0.907465
290.64	0.90722
290.66	0.9070025
290.68	0.90679
290.7	0.9065475
290.72	0.9063025
290.74	0.9060575
290.76	0.9058125
290.78	0.90557
290.8	0.9053275
290.82	0.9050825
290.84	0.904835
290.86	0.90459
290.88	0.904345
290.9	0.9040975
290.92	0.90385
290.94	0.9036025
290.96	0.903355
290.98	0.903105
291	0.902855
291.02	0.9026075
291.04	0.9023575
291.06	0.9021075
291.08	0.9018575
291.1	0.901605
291.12	0.901355
291.14	0.9011025
291.16	0.9005925
291.18	0.9000775
291.2	0.8998225
291.22	0.89957
291.24	0.8992875
291.26	0.89901
291.28	0.898755
291.3	0.8984975
291.32	0.8982425
291.34	0.8979875
291.36	0.898005
291.38	0.89802
291.4	0.8977625
291.42	0.8975075
291.44	0.8972525
291.46	0.896995
291.48	0.896735
291.5	0.8965025
291.52	0.89627
291.54	0.89601
291.56	0.8957275
291.58	0.8954725
291.6	0.8952375
291.62	0.894975
291.64	0.894715
291.66	0.894455
291.68	0.894195
291.7	0.8939325
291.72	0.8936675
291.74	0.893405
291.76	0.893145
291.78	0.89288
291.8	0.892615
291.82	0.8923525
291.84	0.8920875
291.86	0.89182
291.88	0.891555
291.9	0.89129
291.92	0.891025
291.94	0.890755
291.96	0.890485
291.98	0.8902175
292	0.88995
292.02	0.8896825
292.04	0.8891625
292.06	0.8886425
292.08	0.8885975
292.1	0.8885525
292.12	0.8880325
292.14	0.8875125
292.16	0.88724
292.18	0.88697
292.2	0.8866975
292.22	0.8864225
292.24	0.88615
292.26	0.8861425
292.28	0.886135
292.3	0.885865
292.32	0.88535
292.34	0.8851
292.36	0.8850925
292.38	0.8848175
292.4	0.88452
292.42	0.884245
292.44	0.883995
292.46	0.88372
292.48	0.8834425
292.5	0.883165
292.52	0.8828875
292.54	0.88261
292.56	0.8823325
292.58	0.882055
292.6	0.881775
292.62	0.881495
292.64	0.881215
292.66	0.880935
292.68	0.8806525
292.7	0.8803725
292.72	0.88009
292.74	0.879805
292.76	0.879525
292.78	0.8792425
292.8	0.8789575
292.82	0.878675
292.84	0.8783925
292.86	0.8781075
292.88	0.8778225
292.9	0.877515
292.92	0.877205
292.94	0.8769175
292.96	0.8766325
292.98	0.876345
293	0.8760575
293.02	0.87553
293.04	0.8750025
293.06	0.874715
293.08	0.874425
293.1	0.874135
293.12	0.873845
293.14	0.873815
293.16	0.8737875
293.18	0.8735
293.2	0.87321
293.22	0.8729425
293.24	0.872675
293.26	0.8723875
293.28	0.872095
293.3	0.8718025
293.32	0.87151
293.34	0.8712175
293.36	0.870925
293.38	0.87063
293.4	0.87034
293.42	0.870045
293.44	0.8697475
293.46	0.869455
293.48	0.86916
293.5	0.8688625
293.52	0.868565
293.54	0.8682675
293.56	0.86797
293.58	0.8676725
293.6	0.867375
293.62	0.8670775
293.64	0.86678
293.66	0.86648
293.68	0.8661825
293.7	0.8658825
293.72	0.8655825
293.74	0.865285
293.76	0.86496
293.78	0.8646325
293.8	0.8643325
293.82	0.8640325
293.84	0.86373
293.86	0.8634275
293.88	0.863125
293.9	0.8628225
293.92	0.86252
293.94	0.8619875
293.96	0.8614525
293.98	0.8611475
294	0.8608425
294.02	0.860785
294.04	0.86073
294.06	0.8602025
294.08	0.85967
294.1	0.8596125
294.12	0.859555
294.14	0.85925
294.16	0.8589425
294.18	0.8586325
294.2	0.8583275
294.22	0.85802
294.24	0.85771
294.26	0.8574025
294.28	0.8570925
294.3	0.8567825
294.32	0.8564725
294.34	0.8561625
294.36	0.85585
294.38	0.855535
294.4	0.855225
294.42	0.854915
294.44	0.8546025
294.46	0.85429
294.48	0.8539775
294.5	0.853665
294.52	0.8533525
294.54	0.8530375
294.56	0.8527225
294.58	0.85241
294.6	0.852095
294.62	0.85178
294.64	0.851465
294.66	0.85115
294.68	0.8508125
294.7	0.8504725
294.72	0.8501575
294.74	0.8498425
294.76	0.849525
294.78	0.8492075
294.8	0.84889
294.82	0.8485725
294.84	0.8482525
294.86	0.8479325
294.88	0.84764
294.9	0.847345
294.92	0.8470275
294.94	0.846485
294.96	0.84594
294.98	0.8456175
295	0.8455375
295.02	0.84546
295.04	0.8451375
295.06	0.844815
295.08	0.844495
295.1	0.8441725
295.12	0.84385
295.14	0.8435275
295.16	0.8432025
295.18	0.84288
295.2	0.8425575
295.22	0.8422325
295.24	0.8419075
295.26	0.8415825
295.28	0.8412575
295.3	0.84093
295.32	0.8406025
295.34	0.8402775
295.36	0.8399525
295.38	0.839625
295.4	0.8393
295.42	0.8389725
295.44	0.8386425
295.46	0.8383175
295.48	0.83799
295.5	0.8376625
295.52	0.8373375
295.54	0.83701
295.56	0.83668
295.58	0.83635
295.6	0.8360225
295.62	0.8356925
295.64	0.8353625
295.66	0.8350325
295.68	0.8347
295.7	0.8343475
295.72	0.833995
295.74	0.8336875
295.76	0.8333775
295.78	0.8330475
295.8	0.8327175
295.82	0.8323825
295.84	0.83205
295.86	0.8317175
295.88	0.831385
295.9	0.83105
295.92	0.8309475
295.94	0.83085
295.96	0.830515
295.98	0.83018
296	0.8298475
296.02	0.8295125
296.04	0.828965
296.06	0.8284175
296.08	0.8280825
296.1	0.8277475
296.12	0.8274125
296.14	0.827075
296.16	0.8267375
296.18	0.8264025
296.2	0.826065
296.22	0.8257275
296.24	0.8253925
296.26	0.8250525
296.28	0.824715
296.3	0.8243775
296.32	0.82404
296.34	0.8237025
296.36	0.8233625
296.38	0.823025
296.4	0.822685
296.42	0.822345
296.44	0.822005
296.46	0.821665
296.48	0.8213275
296.5	0.8209875
296.52	0.820645
296.54	0.820305
296.56	0.819965
296.58	0.8196225
296.6	0.8192825
296.62	0.8189425
296.64	0.8185975
296.66	0.81828
296.68	0.8179625
296.7	0.81762
296.72	0.8172775
296.74	0.816935
296.76	0.816595
296.78	0.81625
296.8	0.8159075
296.82	0.815565
296.84	0.81522
296.86	0.8148775
296.88	0.8145325
296.9	0.81419
296.92	0.8140475
296.94	0.813905
296.96	0.81356
296.98	0.813215
297	0.8128725
297.02	0.8125275
297.04	0.8121825
297.06	0.8118375
297.08	0.8114925
297.1	0.8111475
297.12	0.8108025
297.14	0.8104575
297.16	0.81011
297.18	0.8097625
297.2	0.8094175
297.22	0.8090725
297.24	0.808725
297.26	0.8083825
297.28	0.8080375
297.3	0.80769
297.32	0.8073425
297.34	0.806995
297.36	0.80665
297.38	0.8061025
297.4	0.805555
297.42	0.8052075
297.44	0.80486
297.46	0.80451
297.48	0.8041625
297.5	0.8038175
297.52	0.8034675
297.54	0.8031175
297.56	0.80277
297.58	0.8024225
297.6	0.802075
297.62	0.801725
297.64	0.801375
297.66	0.801025
297.68	0.8007
297.7	0.8003725
297.72	0.8000225
297.74	0.7996725
297.76	0.7993225
297.78	0.7989725
297.8	0.79862
297.82	0.7982725
297.84	0.7979225
297.86	0.7975725
297.88	0.7972225
297.9	0.7968725
297.92	0.7965225
297.94	0.79617
297.96	0.7958225
297.98	0.7954725
298	0.79512
298.02	0.7949825
298.04	0.794845
298.06	0.794495
298.08	0.7941425
298.1	0.7937925
298.12	0.7934425
298.14	0.79309
298.16	0.7927425
298.18	0.7923925
298.2	0.7920375
298.22	0.7916875
298.24	0.7913375
298.26	0.790985
298.28	0.790635
298.3	0.790285
298.32	0.789935
298.34	0.7895875
298.36	0.789235
298.38	0.7888825
298.4	0.7885325
298.42	0.78818
298.44	0.78783
298.46	0.78748
298.48	0.7871275
298.5	0.786775
298.52	0.786425
298.54	0.7860725
298.56	0.7857225
298.58	0.78537
298.6	0.7850175
298.62	0.7846675
298.64	0.7842975
298.66	0.783925
298.68	0.7835725
298.7	0.7832225
298.72	0.78287
298.74	0.78252
298.76	0.78217
298.78	0.7818175
298.8	0.781465
298.82	0.7811125
298.84	0.7807625
298.86	0.7804125
298.88	0.7800575
298.9	0.7797275
298.92	0.7794
298.94	0.7790475
298.96	0.7786975
298.98	0.7783475
299	0.7779925
299.02	0.7776425
299.04	0.7772925
299.06	0.77694
299.08	0.77659
299.1	0.77624
299.12	0.7758875
299.14	0.7755375
299.16	0.7751875
299.18	0.774835
299.2	0.774485
299.22	0.7741325
299.24	0.7737825
299.26	0.773435
299.28	0.7730825
299.3	0.7727325
299.32	0.7723825
299.34	0.77203
299.36	0.77188
299.38	0.77173
299.4	0.77138
299.42	0.77103
299.44	0.77068
299.46	0.77033
299.48	0.76998
299.5	0.7696325
299.52	0.7692825
299.54	0.76893
299.56	0.7685825
299.58	0.768055
299.6	0.767525
299.62	0.7671775
299.64	0.76683
299.66	0.76648
299.68	0.76613
299.7	0.7657825
299.72	0.7654375
299.74	0.76509
299.76	0.7647425
299.78	0.764395
299.8	0.764045
299.82	0.7636975
299.84	0.76335
299.86	0.7630025
299.88	0.7626575
299.9	0.76231
299.92	0.76196
299.94	0.761615
299.96	0.76127
299.98	0.76092
300	0.7605725
300.02	0.7602275
300.04	0.7598825
300.06	0.759535
300.08	0.75919
300.1	0.758845
300.12	0.7584975
300.14	0.7581525
300.16	0.7578075
300.18	0.7574625
300.2	0.757115
300.22	0.75677
300.24	0.7564275
300.26	0.7560825
300.28	0.7557375
300.3	0.755395
300.32	0.75505
300.34	0.754705
300.36	0.7543625
300.38	0.75402
300.4	0.753675
300.42	0.75333
300.44	0.75299
300.46	0.7526475
300.48	0.7523025
300.5	0.75196
300.52	0.75162
300.54	0.7512775
300.56	0.750935
300.58	0.7505925
300.6	0.7502525
300.62	0.74993
300.64	0.7496075
300.66	0.7492675
300.68	0.7489275
300.7	0.7485875
300.72	0.748245
300.74	0.7479075
300.76	0.7475675
300.78	0.747225
300.8	0.7468875
300.82	0.74655
300.84	0.74621
300.86	0.74587
300.88	0.7455325
300.9	0.745195
300.92	0.744855
300.94	0.7445175
300.96	0.7441825
300.98	0.743845
301	0.743505
301.02	0.74317
301.04	0.742835
301.06	0.742495
301.08	0.74216
301.1	0.741825
301.12	0.74149
301.14	0.741155
301.16	0.7408175
301.18	0.740485
301.2	0.74015
301.22	0.739815
301.24	0.7394825
301.26	0.7391475
301.28	0.7388125
301.3	0.73848
301.32	0.7381475
301.34	0.737815
301.36	0.7374825
301.38	0.73715
301.4	0.73682
301.42	0.7364875
301.44	0.736155
301.46	0.7358225
301.48	0.7354925
301.5	0.735165
301.52	0.7348325
301.54	0.7345
301.56	0.7343525
301.58	0.7342025
301.6	0.7338725
301.62	0.7335425
301.64	0.7332125
301.66	0.732885
301.68	0.7325575
301.7	0.73223
301.72	0.7319025
301.74	0.731575
301.76	0.7312475
301.78	0.7309225
301.8	0.730595
301.82	0.7302675
301.84	0.7299425
301.86	0.7296175
301.88	0.7292925
301.9	0.7289675
301.92	0.7286425
301.94	0.7283175
301.96	0.727995
301.98	0.7276725
302	0.7273475
302.02	0.727025
302.04	0.7267025
302.06	0.72638
302.08	0.7260575
302.1	0.725735
302.12	0.725415
302.14	0.725095
302.16	0.7247725
302.18	0.7244525
302.2	0.7241325
302.22	0.7238125
302.24	0.723495
302.26	0.723175
302.28	0.722855
302.3	0.7225375
302.32	0.72222
302.34	0.7219025
302.36	0.721585
302.38	0.7212675
302.4	0.7209525
302.42	0.720635
302.44	0.7204725
302.46	0.7203125
302.48	0.7199975
302.5	0.7196825
302.52	0.7193675
302.54	0.7190525
302.56	0.7187375
302.58	0.7184225
302.6	0.71811
302.62	0.7177975
302.64	0.717485
302.66	0.7171725
302.68	0.71686
302.7	0.7165475
302.72	0.7161
302.74	0.7156525
302.76	0.7153425
302.78	0.715185
302.8	0.715025
302.82	0.7147175
302.84	0.71441
302.86	0.7141
302.88	0.71379
302.9	0.7134825
302.92	0.713175
302.94	0.7128675
302.96	0.71256
302.98	0.712255
303	0.71195
303.02	0.711645
303.04	0.71134
303.06	0.711035
303.08	0.71073
303.1	0.710425
303.12	0.7101225
303.14	0.7098175
303.16	0.709515
303.18	0.7092125
303.2	0.70891
303.22	0.7086075
303.24	0.708305
303.26	0.708005
303.28	0.707705
303.3	0.707405
303.32	0.707105
303.34	0.706805
303.36	0.706505
303.38	0.706205
303.4	0.7059075
303.42	0.70561
303.44	0.7053125
303.46	0.705015
303.48	0.7047175
303.5	0.7044225
303.52	0.7041275
303.54	0.70383
303.56	0.703535
303.58	0.70324
303.6	0.702945
303.62	0.7026525
303.64	0.7023575
303.66	0.702065
303.68	0.7017725
303.7	0.70148
303.72	0.70119
303.74	0.7008975
303.76	0.700605
303.78	0.700315
303.8	0.700025
303.82	0.699735
303.84	0.699445
303.86	0.699155
303.88	0.6988675
303.9	0.69858
303.92	0.6982925
303.94	0.698005
303.96	0.6977175
303.98	0.69743
304	0.6971425
304.02	0.69686
304.04	0.696575
304.06	0.6962875
304.08	0.696005
304.1	0.69572
304.12	0.695435
304.14	0.695155
304.16	0.6948725
304.18	0.6945875
304.2	0.6943075
304.22	0.694025
304.24	0.6937425
304.26	0.693465
304.28	0.693185
304.3	0.6929025
304.32	0.6926225
304.34	0.6923475
304.36	0.6920675
304.38	0.6917875
304.4	0.6915125
304.42	0.69108
304.44	0.6906475
304.46	0.6903725
304.48	0.6900975
304.5	0.6898225
304.52	0.6895475
304.54	0.6892725
304.56	0.689
304.58	0.6887275
304.6	0.688455
304.62	0.6881825
304.64	0.68791
304.66	0.6876375
304.68	0.6873675
304.7	0.6872475
304.72	0.6871125
304.74	0.68683
304.76	0.68641
304.78	0.68599
304.8	0.68572
304.82	0.6854525
304.84	0.6851975
304.86	0.6849425
304.88	0.6846775
304.9	0.6844125
304.92	0.684145
304.94	0.68388
304.96	0.683615
304.98	0.6833475
305	0.6830825
305.02	0.6828175
305.04	0.682555
305.06	0.68243
305.08	0.6823
305.1	0.6820375
305.12	0.6817775
305.14	0.681515
305.16	0.6812525
305.18	0.6809925
305.2	0.6807325
305.22	0.6804725
305.24	0.680215
305.26	0.679955
305.28	0.679695
305.3	0.6794375
305.32	0.67918
305.34	0.6789225
305.36	0.678665
305.38	0.67841
305.4	0.678155
305.42	0.6778975
305.44	0.677645
305.46	0.67739
305.48	0.677135
305.5	0.6768825
305.52	0.6766275
305.54	0.676375
305.56	0.6761225
305.58	0.67587
305.6	0.67562
305.62	0.67537
305.64	0.67512
305.66	0.6748675
305.68	0.6746175
305.7	0.67437
305.72	0.67412
305.74	0.6738725
305.76	0.673625
305.78	0.6733775
305.8	0.67313
305.82	0.6728825
305.84	0.6726375
305.86	0.6723925
305.88	0.6721475
305.9	0.6719
305.92	0.671655
305.94	0.671415
305.96	0.67117
305.98	0.6709275
306	0.6706875
306.02	0.670445
306.04	0.6702025
306.06	0.66996
306.08	0.66972
306.1	0.66948
306.12	0.66924
306.14	0.669
306.16	0.6687625
306.18	0.6685225
306.2	0.668285
306.22	0.6680475
306.24	0.6678075
306.26	0.667585
306.28	0.66736
306.3	0.667125
306.32	0.66689
306.34	0.6666525
306.36	0.6664175
306.38	0.666185
306.4	0.6659525
306.42	0.6657175
306.44	0.6654825
306.46	0.66525
306.48	0.6650175
306.5	0.6647875
306.52	0.6645575
306.54	0.6643225
306.56	0.6640925
306.58	0.6638625
306.6	0.6636325
306.62	0.663405
306.64	0.6633
306.66	0.663195
306.68	0.662955
306.7	0.662725
306.72	0.66251
306.74	0.6622825
306.76	0.662055
306.78	0.66183
306.8	0.6616025
306.82	0.661365
306.84	0.6611275
306.86	0.6609025
306.88	0.6606775
306.9	0.6604525
306.92	0.66023
306.94	0.66001
306.96	0.6597875
306.98	0.6595625
307	0.6593425
307.02	0.6591225
307.04	0.658765
307.06	0.65841
307.08	0.65819
307.1	0.6579725
307.12	0.6577525
307.14	0.657535
307.16	0.6573225
307.18	0.6571025
307.2	0.656885
307.22	0.65667
307.24	0.6564525
307.26	0.65624
307.28	0.656025
307.3	0.6558075
307.32	0.6555925
307.34	0.65538
307.36	0.6551675
307.38	0.6549525
307.4	0.65474
307.42	0.65453
307.44	0.6543175
307.46	0.654105
307.48	0.653895
307.5	0.6536825
307.52	0.6534725
307.54	0.6532775
307.56	0.65308
307.58	0.65287
307.6	0.65266
307.62	0.6524525
307.64	0.652245
307.66	0.652035
307.68	0.65183
307.7	0.651625
307.72	0.6514175
307.74	0.6512125
307.76	0.651005
307.78	0.6508
307.8	0.6505975
307.82	0.6503925
307.84	0.65019
307.86	0.6499875
307.88	0.6497825
307.9	0.64958
307.92	0.6493775
307.94	0.649175
307.96	0.648975
307.98	0.6487725
308	0.64857
308.02	0.6484875
308.04	0.648405
308.06	0.648205
308.08	0.648005
308.1	0.647805
308.12	0.6476075
308.14	0.64741
308.16	0.64721
308.18	0.6470125
308.2	0.6468175
308.22	0.64662
308.24	0.64641
308.26	0.6462025
308.28	0.64601
308.3	0.645815
308.32	0.64562
308.34	0.645425
308.36	0.64523
308.38	0.64504
308.4	0.644845
308.42	0.6446525
308.44	0.6444625
308.46	0.6442675
308.48	0.644075
308.5	0.643885
308.52	0.643695
308.54	0.643505
308.56	0.643315
308.58	0.643125
308.6	0.642935
308.62	0.6426225
308.64	0.64231
308.66	0.6421225
308.68	0.641935
308.7	0.6417475
308.72	0.6415625
308.74	0.6413875
308.76	0.64121
308.78	0.641025
308.8	0.6408425
308.82	0.6406575
308.84	0.6404725
308.86	0.64029
308.88	0.6401075
308.9	0.6399225
308.92	0.6397375
308.94	0.6395575
308.96	0.6393775
308.98	0.6391925
309	0.63901
309.02	0.6388325
309.04	0.6386525
309.06	0.63847
309.08	0.63829
309.1	0.63811
309.12	0.6379325
309.14	0.6377525
309.16	0.6375725
309.18	0.637395
309.2	0.6372175
309.22	0.63704
309.24	0.6368625
309.26	0.636685
309.28	0.63651
309.3	0.636335
309.32	0.6362675
309.34	0.6362025
309.36	0.63603
309.38	0.635855
309.4	0.6356775
309.42	0.635505
309.44	0.6353325
309.46	0.6351575
309.48	0.634985
309.5	0.6348125
309.52	0.6346275
309.54	0.634445
309.56	0.6342725
309.58	0.6341
309.6	0.63393
309.62	0.63376
309.64	0.6335875
309.66	0.6334175
309.68	0.63325
309.7	0.63308
309.72	0.6329125
309.74	0.632745
309.76	0.632575
309.78	0.632405
309.8	0.6322375
309.82	0.6320725
309.84	0.6319075
309.86	0.63174
309.88	0.6315725
309.9	0.6314075
309.92	0.6312525
309.94	0.6310975
309.96	0.6309325
309.98	0.6307675
310	0.6304875
310.02	0.6302075
310.04	0.630045
310.06	0.6298825
310.08	0.62972
310.1	0.6295575
310.12	0.6293975
310.14	0.629235
310.16	0.6290725
310.18	0.628915
310.2	0.6287525
310.22	0.6285925
310.24	0.6284325
310.26	0.62827
310.28	0.6281125
310.3	0.627955
310.32	0.627795
310.34	0.6276375
310.36	0.62748
310.38	0.62732
310.4	0.627165
310.42	0.62701
310.44	0.6268525
310.46	0.626695
310.48	0.62654
310.5	0.6263875
310.52	0.6262325
310.54	0.626075
310.56	0.62592
310.58	0.62587
310.6	0.6258175
310.62	0.625665
310.64	0.6255125
310.66	0.6253575
310.68	0.6252025
310.7	0.62505
310.72	0.6248875
310.74	0.624725
310.76	0.6245725
310.78	0.62442
310.8	0.62427
310.82	0.6241175
310.84	0.6239675
310.86	0.6238175
310.88	0.623665
310.9	0.6235175
310.92	0.62337
310.94	0.62322
310.96	0.62307
310.98	0.62292
311	0.6227725
311.02	0.622625
311.04	0.6224775
311.06	0.6223325
311.08	0.622185
311.1	0.622045
311.12	0.62191
311.14	0.621765
311.16	0.6216175
311.18	0.6214725
311.2	0.62133
311.22	0.621185
311.24	0.6210375
311.26	0.6208925
311.28	0.6207475
311.3	0.6204975
311.32	0.620245
311.34	0.6200975
311.36	0.619955
311.38	0.619815
311.4	0.6196725
311.42	0.61953
311.44	0.61939
311.46	0.6192475
311.48	0.6191075
311.5	0.6189675
311.52	0.6188275
311.54	0.6186875
311.56	0.6185475
311.58	0.61841
311.6	0.61827
311.62	0.6181325
311.64	0.617995
311.66	0.617855
311.68	0.617715
311.7	0.61758
311.72	0.6174425
311.74	0.617305
311.76	0.61717
311.78	0.61703
311.8	0.616895
311.82	0.61676
311.84	0.6166225
311.86	0.616585
311.88	0.616545
311.9	0.6164
311.92	0.616255
311.94	0.6161175
311.96	0.615985
311.98	0.61585
312	0.615715
312.02	0.615585
312.04	0.61545
312.06	0.615315
312.08	0.6151825
312.1	0.61505
312.12	0.61492
312.14	0.6147875
312.16	0.6146525
312.18	0.6145225
312.2	0.6143925
312.22	0.61426
312.24	0.6141275
312.26	0.6139975
312.28	0.61387
312.3	0.6137475
312.32	0.6136275
312.34	0.6135
312.36	0.6133675
312.38	0.6132375
312.4	0.6131125
312.42	0.6129825
312.44	0.61285
312.46	0.6127225
312.48	0.6125975
312.5	0.61247
312.52	0.61234
312.54	0.6122125
312.56	0.611985
312.58	0.611755
312.6	0.6116275
312.62	0.6115025
312.64	0.6113775
312.66	0.611255
312.68	0.61113
312.7	0.6110025
312.72	0.61088
312.74	0.6107575
312.76	0.6106325
312.78	0.61051
312.8	0.610385
312.82	0.6102625
312.84	0.61014
312.86	0.610015
312.88	0.609895
312.9	0.6097725
312.92	0.60965
312.94	0.6095275
312.96	0.6094075
312.98	0.609285
313	0.6091625
313.02	0.609045
313.04	0.6089225
313.06	0.6088025
313.08	0.6086725
313.1	0.6085425
313.12	0.608425
313.14	0.608395
313.16	0.608365
313.18	0.6082475
313.2	0.60813
313.22	0.60801
313.24	0.6078925
313.26	0.6077725
313.28	0.6076525
313.3	0.6075375
313.32	0.60742
313.34	0.6073025
313.36	0.607185
313.38	0.6070675
313.4	0.60695
313.42	0.6068325
313.44	0.6067175
313.46	0.6066025
313.48	0.606485
313.5	0.60637
313.52	0.606265
313.54	0.6061575
313.56	0.60604
313.58	0.605925
313.6	0.6058125
313.62	0.605695
313.64	0.60558
313.66	0.60547
313.68	0.605355
313.7	0.60524
313.72	0.6051275
313.74	0.605015
313.76	0.6049025
313.78	0.6047875
313.8	0.604675
313.82	0.604565
313.84	0.604355
313.86	0.6041475
313.88	0.6040375
313.9	0.603925
313.92	0.603815
313.94	0.603705
313.96	0.603595
313.98	0.603485
314	0.6033725
314.02	0.6032625
314.04	0.603155
314.06	0.603045
314.08	0.6029375
314.1	0.6028275
314.12	0.6027175
314.14	0.60261
314.16	0.6025025
314.18	0.602395
314.2	0.602285
314.22	0.6021775
314.24	0.60207
314.26	0.6019625
314.28	0.6018475
314.3	0.60173
314.32	0.6016225
314.34	0.6015175
314.36	0.60141
314.38	0.601305
314.4	0.6012
314.42	0.6010925
314.44	0.6009875
314.46	0.6009675
314.48	0.60095
314.5	0.600845
314.52	0.6007375
314.54	0.600635
314.56	0.60053
314.58	0.600425
314.6	0.6003225
314.62	0.600215
314.64	0.6001125
314.66	0.60001
314.68	0.5999025
314.7	0.5998
314.72	0.5996975
314.74	0.599595
314.76	0.5994925
314.78	0.5993875
314.8	0.599295
314.82	0.5992025
314.84	0.5990975
314.86	0.598995
314.88	0.598895
314.9	0.598795
314.92	0.5986925
314.94	0.5985925
314.96	0.59849
314.98	0.5983875
315	0.59829
315.02	0.59819
315.04	0.5980875
315.06	0.5979875
315.08	0.5978875
315.1	0.5977875
315.12	0.5975975
315.14	0.5974075
315.16	0.59731
315.18	0.59721
315.2	0.5971125
315.22	0.597015
315.24	0.596915
315.26	0.5968175
315.28	0.59672
315.3	0.5966225
315.32	0.596525
315.34	0.5964275
315.36	0.59633
315.38	0.5962325
315.4	0.5961375
315.42	0.5960425
315.44	0.595945
315.46	0.5958475
315.48	0.5957525
315.5	0.5956475
315.52	0.59554
315.54	0.595445
315.56	0.5953525
315.58	0.5952575
315.6	0.59516
315.62	0.595065
315.64	0.5949725
315.66	0.5948775
315.68	0.5947825
315.7	0.59469
315.72	0.594595
315.74	0.5945
315.76	0.5944075
315.78	0.594315
315.8	0.5942225
315.82	0.5941275
315.84	0.594115
315.86	0.5941025
315.88	0.59401
315.9	0.5939175
315.92	0.593825
315.94	0.5937325
315.96	0.5936375
315.98	0.593545
316	0.593455
316.02	0.593365
316.04	0.5932725
316.06	0.5931775
316.08	0.5930875
316.1	0.5929975
316.12	0.592905
316.14	0.5928225
316.16	0.5927425
316.18	0.59265
316.2	0.5925575
316.22	0.59247
316.24	0.59238
316.26	0.5922875
316.28	0.5921975
316.3	0.59211
316.32	0.59202
316.34	0.59193
316.36	0.59184
316.38	0.59175
316.4	0.59166
316.42	0.5915725
316.44	0.5914
316.46	0.591225
316.48	0.5911375
316.5	0.59105
316.52	0.59096
316.54	0.5908725
316.56	0.5907875
316.58	0.5907
316.6	0.59061
316.62	0.5905225
316.64	0.5904375
316.66	0.5903525
316.68	0.590265
316.7	0.5901775
316.72	0.59009
316.74	0.590005
316.76	0.58992
316.78	0.589825
316.8	0.58973
316.82	0.589645
316.84	0.58956
316.86	0.5894725
316.88	0.5893875
316.9	0.589305
316.92	0.58922
316.94	0.589135
316.96	0.58905
316.98	0.588965
317	0.5888825
317.02	0.5887975
317.04	0.5887125
317.06	0.5886275
317.08	0.588545
317.1	0.5884625
317.12	0.5883775
317.14	0.5882925
317.16	0.58821
317.18	0.5881275
317.2	0.5880425
317.22	0.5879625
317.24	0.58788
317.26	0.587795
317.28	0.587715
317.3	0.5877075
317.32	0.5877025
317.34	0.5876225
317.36	0.5875375
317.38	0.587455
317.4	0.587375
317.42	0.5872925
317.44	0.58721
317.46	0.58713
317.48	0.58705
317.5	0.5869675
317.52	0.586885
317.54	0.586805
317.56	0.58673
317.58	0.5866575
317.6	0.58658
317.62	0.5864975
317.64	0.586415
317.66	0.5863375
317.68	0.5862575
317.7	0.586175
317.72	0.5860975
317.74	0.5860175
317.76	0.5859375
317.78	0.5858575
317.8	0.5857775
317.82	0.5856175
317.84	0.5854575
317.86	0.58538
317.88	0.5853025
317.9	0.5852225
317.92	0.5851425
317.94	0.5850675
317.96	0.58499
317.98	0.58491
318	0.58483
318.02	0.584755
318.04	0.5846775
318.06	0.5845975
318.08	0.5845225
318.1	0.584445
318.12	0.58436
318.14	0.584275
318.16	0.5841975
318.18	0.5841225
318.2	0.584045
318.22	0.5839675
318.24	0.58389
318.26	0.583815
318.28	0.58374
318.3	0.5836625
318.32	0.5835875
318.34	0.5835125
318.36	0.583435
318.38	0.58336
318.4	0.583285
318.42	0.5832075
318.44	0.5831325
318.46	0.5830575
318.48	0.5829825
318.5	0.5829075
318.52	0.5828325
318.54	0.5827575
318.56	0.582685
318.58	0.58261
318.6	0.582535
318.62	0.58246
318.64	0.582385
318.66	0.582315
318.68	0.58224
318.7	0.582165
318.72	0.5820925
318.74	0.5820175
318.76	0.5819425
318.78	0.58187
318.8	0.5818
318.82	0.5817975
318.84	0.581795
318.86	0.581725
318.88	0.58165
318.9	0.5815775
318.92	0.581505
318.94	0.58143
318.96	0.58136
318.98	0.5812875
319	0.581215
319.02	0.5811425
319.04	0.5810675
319.06	0.5809975
319.08	0.580935
319.1	0.5808675
319.12	0.580795
319.14	0.580725
319.16	0.5806525
319.18	0.5805825
319.2	0.58051
319.22	0.5804375
319.24	0.5803675
319.26	0.5802975
319.28	0.58015
319.3	0.58
319.32	0.5799325
319.34	0.5798625
319.36	0.57979
319.38	0.57972
319.4	0.5796525
319.42	0.5795825
319.44	0.57951
319.46	0.57944
319.48	0.5793725
319.5	0.5793025
319.52	0.5792325
319.54	0.579155
319.56	0.5790775
319.58	0.57901
319.6	0.57894
319.62	0.57887
319.64	0.5788025
319.66	0.578735
319.68	0.578665
319.7	0.578595
319.72	0.5785275
319.74	0.57846
319.76	0.5783925
319.78	0.5783225
319.8	0.5782525
319.82	0.578185
319.84	0.5781175
319.86	0.57805
319.88	0.5779825
319.9	0.577915
319.92	0.577845
319.94	0.57778
319.96	0.5777125
319.98	0.5776425
320	0.5775775
320.02	0.5775125
320.04	0.577445
320.06	0.577375
320.08	0.5773075
320.1	0.5772425
320.12	0.5771775
320.14	0.57711
320.16	0.5770425
320.18	0.5769775
320.2	0.5769125
320.22	0.576845
320.24	0.5767775
320.26	0.5767125
320.28	0.5766475
320.3	0.57658
320.32	0.576515
320.34	0.57645
320.36	0.5763825
320.38	0.57632
320.4	0.576255
320.42	0.5761875
320.44	0.5761225
320.46	0.5760575
320.48	0.57606
320.5	0.5760625
320.52	0.5759975
320.54	0.5759325
320.56	0.57587
320.58	0.575805
320.6	0.5757375
320.62	0.5756725
320.64	0.57561
320.66	0.575545
320.68	0.5754875
320.7	0.57543
320.72	0.575365
320.74	0.5753025
320.76	0.5752375
320.78	0.5751725
320.8	0.5750375
320.82	0.5749
320.84	0.574835
320.86	0.574775
320.88	0.5747125
320.9	0.5746475
320.92	0.574585
320.94	0.5745225
320.96	0.57446
320.98	0.5743975
321	0.5743325
321.02	0.57427
321.04	0.5742075
321.06	0.5741375
321.08	0.57407
321.1	0.5740075
321.12	0.5739425
321.14	0.57388
321.16	0.57382
321.18	0.5737575
321.2	0.573695
321.22	0.5736325
321.24	0.57357
321.26	0.57351
321.28	0.5734475
321.3	0.573385
321.32	0.5733225
321.34	0.5732625
321.36	0.5732025
321.38	0.5731375
321.4	0.5730775
321.42	0.5730175
321.44	0.572955
321.46	0.572895
321.48	0.5728325
321.5	0.5727725
321.52	0.5727125
321.54	0.57265
321.56	0.57259
321.58	0.57253
321.6	0.57247
321.62	0.57241
321.64	0.57235
321.66	0.57229
321.68	0.5722275
321.7	0.5721675
321.72	0.57211
321.74	0.5720475
321.76	0.5719875
321.78	0.57193
321.8	0.57187
321.82	0.57181
321.84	0.57175
321.86	0.57169
321.88	0.57163
321.9	0.57157
321.92	0.5715125
321.94	0.571455
321.96	0.5713925
321.98	0.5713325
322	0.5712775
322.02	0.5712175
322.04	0.5711575
322.06	0.5711
322.08	0.57104
322.1	0.57098
322.12	0.5709225
322.14	0.570865
322.16	0.5708075
322.18	0.5707475
322.2	0.57069
322.22	0.5706325
322.24	0.570635
322.26	0.5706425
322.28	0.570585
322.3	0.570525
322.32	0.5704675
322.34	0.57041
322.36	0.5703525
322.38	0.570295
322.4	0.570235
322.42	0.5701775
322.44	0.5701275
322.46	0.5700075
322.48	0.5698825
322.5	0.569825
322.52	0.5697675
322.54	0.56971
322.56	0.5696525
322.58	0.5695975
322.6	0.56954
322.62	0.5694825
322.64	0.5694275
322.66	0.569365
322.68	0.5693
322.7	0.5692425
322.72	0.5691875
322.74	0.56913
322.76	0.5690725
322.78	0.5690175
322.8	0.5689625
322.82	0.568905
322.84	0.5688475
322.86	0.5687925
322.88	0.568735
322.9	0.56868
322.92	0.568625
322.94	0.5685675
322.96	0.56851
322.98	0.568455
323	0.5684025
323.02	0.568345
323.04	0.5682875
323.06	0.568235
323.08	0.56818
323.1	0.5681225
323.12	0.5680675
323.14	0.5680125
323.16	0.5679575
323.18	0.5679025
323.2	0.5678475
323.22	0.5677925
323.24	0.5677375
323.26	0.5676825
323.28	0.5676275
323.3	0.5675725
323.32	0.56752
323.34	0.567465
323.36	0.5674075
323.38	0.567355
323.4	0.5673025
323.42	0.567245
323.44	0.56719
323.46	0.5671375
323.48	0.567085
323.5	0.56703
323.52	0.566975
323.54	0.5669225
323.56	0.5668675
323.58	0.5668125
323.6	0.56676
323.62	0.566705
323.64	0.5666525
323.66	0.5666
323.68	0.5665425
323.7	0.56649
323.72	0.56644
323.74	0.566385
323.76	0.56633
323.78	0.5662775
323.8	0.566225
323.82	0.5661725
323.84	0.5661175
323.86	0.566065
323.88	0.5660125
323.9	0.5659575
323.92	0.565905
323.94	0.565855
323.96	0.5658025
323.98	0.5657475
324	0.565695
324.02	0.5656425
324.04	0.5655875
324.06	0.5655375
324.08	0.565485
324.1	0.5654325
324.12	0.56538
324.14	0.5653275
324.16	0.565335
324.18	0.5653425
324.2	0.56529
324.22	0.5651725
324.24	0.5650575
324.26	0.565005
324.28	0.564955
324.3	0.5649025
324.32	0.5647975
324.34	0.5647525
324.36	0.56476
324.38	0.5647075
324.4	0.564655
324.42	0.5645975
324.44	0.56454
324.46	0.5644875
324.48	0.56443
324.5	0.5643825
324.52	0.5643375
324.54	0.5642825
324.56	0.5642325
324.58	0.5641825
324.6	0.56413
324.62	0.5640775
324.64	0.5640275
324.66	0.5639775
324.68	0.563925
324.7	0.563875
324.72	0.563825
324.74	0.5637725
324.76	0.5637225
324.78	0.5636725
324.8	0.5636225
324.82	0.5635725
324.84	0.56352
324.86	0.56347
324.88	0.56342
324.9	0.56337
324.92	0.56332
324.94	0.5632675
324.96	0.5632175
324.98	0.56317
325	0.56312
325.02	0.5630675
325.04	0.5630175
325.06	0.56297
325.08	0.56292
325.1	0.56287
325.12	0.56282
325.14	0.56277
325.16	0.56272
325.18	0.56267
325.2	0.56262
325.22	0.56257
325.24	0.5625225
325.26	0.5624725
325.28	0.5624225
325.3	0.562375
325.32	0.562325
325.34	0.562275
325.36	0.562225
325.38	0.562175
325.4	0.5621275
325.42	0.56208
325.44	0.56203
325.46	0.56198
325.48	0.56193
325.5	0.5618825
325.52	0.561835
325.54	0.561785
325.56	0.561735
325.58	0.5616875
325.6	0.56164
325.62	0.56159
325.64	0.5615425
325.66	0.561495
325.68	0.561445
325.7	0.561395
325.72	0.5613475
325.74	0.5613
325.76	0.5612525
325.78	0.5612025
325.8	0.561155
325.82	0.5611075
325.84	0.5610575
325.86	0.56101
325.88	0.5609625
325.9	0.560915
325.92	0.5608675
325.94	0.56082
325.96	0.56077
325.98	0.5607225
326	0.5607