$ 0 0.000005 0.23988752939670982  5e-11
! 2 25 25 3 3 298 298 0 0 298 298 0.005 true 
520 48 466 80 466 0 0 0.00004 Polyimide_film true -1 -1 -1 0 0.000 0 0 5 7 0 24 5 
520 80 466 128 466 0 1 0.00006 PET_film true -1 -1 -1 0.000 0.005 0 0 5 8 0 23 5 
520 464 466 528 466 0 2 0.00008 Polymer true -1 -1 -1 0.005 0.005 0 0 5 10 1 19 5 
520 128 466 464 466 0 3 0.00042 Air true 1.2 1006 0.036 0.005 0.005 0 0 5 0 0 0 5 
520 528 466 608 466 0 4 0.0001 PET_film true -1 -1 -1 0.005 0.005 0 0 10 8 0 23 10 
520 672 466 1008 466 0 5 0.00042 Air true 1.2 1006 0.036 0.005 0.005 0 0 5 0 2 0 5 
520 608 466 672 466 0 6 0.00008 Polymer true -1 -1 -1 0.005 0.005 0 0 5 10 1 19 5 
520 1008 466 1056 466 0 7 0.00006 PET_film true -1 -1 -1 0.005 0.000 0 0 3 8 0 23 3 
520 1056 466 1088 466 0 8 0.00004 Polyimide_film true -1 -1 -1 0.000 0 0 0 5 7 0 24 5 
@ 8 0 ELECTRIC_FIELD_CHANGE 0 2 2 6 2 1 1 1 HEAT_TRANSFER 0.45 0 2 MECHANIC_DISPLACEMENT 0 4 2 3 5 6 4 3 2 6 5 3 TIME_PASS 0.05 0 4 ELECTRIC_FIELD_CHANGE 0 2 2 6 2 1 1 5 HEAT_TRANSFER 0.45 0 6 MECHANIC_DISPLACEMENT 0 4 2 3 5 6 4 2 3 5 6 7 TIME_PASS 0.05 0 