$ 1 5.0E-6 10 50 5.0
! 10000 10000 0 3 293 290 0 0 290 293 0.005
520 0 192 192 192 0 0 0.0002 Heat#source false 6 10 0 6
520 192 192 304 192 0 1 0.0001 Switch#1 false 6 7 0 6
520 304 192 592 192 0 2 0.0003 MCM false 9 0 1 9
520 592 192 704 192 0 3 0.0001 Switch#2 false 6 7 0 6
520 704 192 896 192 0 4 0.0002 Heat#sink false 6 4 0 6


520 192 304 512 304 0 0 0.0002 Component true -1 -1 -1 3 2 1 3
520 512 304 912 304 0 1 0.00025 Component true -1 -1 -1 3 2 1 3
520 912 304 1392 304 0 2 0.0003 Component true -1 -1 -1 3 2 1 3
520 1392 304 1792 304 0 3 0.00025 Component true -1 -1 -1 3 2 1 3
520 1792 304 2112 304 0 4 0.0002 Component true -1 -1 -1 3 2 1 3