$ 1 5.0E-6 10 50 5.0
520 320 384 400 384 0 0 0.0005 Heat#source false 5 2 0 5
520 400 384 416 384 0 1 0.00005 Kapton false 3 9 0 3
520 416 384 448 384 0 2 0.0002 TSC#1 false 5 7 0 5
520 448 384 464 384 0 3 0.0001 air1 false 3 0 0 3
520 464 384 480 384 0 4 0.00005 Kapton false 3 9 0 3
520 480 384 528 384 0 5 0.00025 MCM false 3 8 0 3
520 528 384 544 384 0 6 0.00005 Kapton false 3 9 0 3
520 544 384 560 384 0 7 0.0001 air2 false 3 0 0 3
520 560 384 592 384 0 8 0.0002 TSC#2 false 5 7 0 5
520 592 384 608 384 0 9 0.00005 Kapton false 3 9 0 3
520 608 384 688 384 0 10 0.0005 Heat#sink false 5 2 0 5