150.05	246.07
150.1	246.25
150.15	246.44
150.2	246.63
150.25	246.81
150.3	247
150.35	247.19
150.4	247.37
150.45	247.56
150.5	247.75
150.55	247.93
150.6	248.12
150.65	248.31
150.7	248.49
150.75	248.68
150.8	248.87
150.85	249.05
150.9	249.24
150.95	249.43
151	249.61
151.05	249.8
151.1	249.99
151.15	250.18
151.2	250.36
151.25	250.55
151.3	250.74
151.35	250.92
151.4	251.11
151.45	251.3
151.5	251.48
151.55	251.67
151.6	251.86
151.65	252.04
151.7	252.23
151.75	252.42
151.8	252.6
151.85	252.79
151.9	252.98
151.95	253.16
152	253.35
152.05	253.54
152.1	253.72
152.15	253.91
152.2	254.1
152.25	254.28
152.3	254.47
152.35	254.66
152.4	254.84
152.45	255.03
152.5	255.22
152.55	255.4
152.6	255.59
152.65	255.78
152.7	255.96
152.75	256.15
152.8	256.34
152.85	256.52
152.9	256.71
152.95	256.9
153	257.08
153.05	257.27
153.1	257.46
153.15	257.64
153.2	257.83
153.25	258.02
153.3	258.2
153.35	258.39
153.4	258.58
153.45	258.77
153.5	258.95
153.55	259.14
153.6	259.33
153.65	259.51
153.7	259.7
153.75	259.89
153.8	260.07
153.85	260.26
153.9	260.45
153.95	260.63
154	260.82
154.05	261.01
154.1	261.19
154.15	261.38
154.2	261.57
154.25	261.75
154.3	261.94
154.35	262.13
154.4	262.31
154.45	262.5
154.5	262.69
154.55	262.87
154.6	263.06
154.65	263.25
154.7	263.43
154.75	263.62
154.8	263.81
154.85	264
154.9	264.18
154.95	264.37
155	264.56
155.05	264.74
155.1	264.93
155.15	265.12
155.2	265.3
155.25	265.49
155.3	265.68
155.35	265.86
155.4	266.05
155.45	266.24
155.5	266.42
155.55	266.61
155.6	266.8
155.65	266.98
155.7	267.17
155.75	267.36
155.8	267.54
155.85	267.73
155.9	267.92
155.95	268.11
156	268.29
156.05	268.48
156.1	268.67
156.15	268.85
156.2	269.04
156.25	269.23
156.3	269.41
156.35	269.6
156.4	269.79
156.45	269.97
156.5	270.16
156.55	270.35
156.6	270.53
156.65	270.72
156.7	270.91
156.75	271.09
156.8	271.28
156.85	271.47
156.9	271.65
156.95	271.84
157	272.03
157.05	272.22
157.1	272.4
157.15	272.59
157.2	272.78
157.25	272.96
157.3	273.15
157.35	273.34
157.4	273.52
157.45	273.71
157.5	273.9
157.55	274.08
157.6	274.27
157.65	274.46
157.7	274.64
157.75	274.83
157.8	275.02
157.85	275.21
157.9	275.39
157.95	275.58
158	275.77
158.05	275.95
158.1	276.14
158.15	276.33
158.2	276.51
158.25	276.7
158.3	276.89
158.35	277.07
158.4	277.26
158.45	277.45
158.5	277.63
158.55	277.82
158.6	278.01
158.65	278.2
158.7	278.38
158.75	278.57
158.8	278.76
158.85	278.94
158.9	279.13
158.95	279.32
159	279.5
159.05	279.69
159.1	279.88
159.15	280.06
159.2	280.25
159.25	280.44
159.3	280.63
159.35	280.81
159.4	281
159.45	281.19
159.5	281.37
159.55	281.56
159.6	281.75
159.65	281.93
159.7	282.12
159.75	282.31
159.8	282.49
159.85	282.68
159.9	282.87
159.95	283.05
160	283.24
160.05	283.43
160.1	283.62
160.15	283.8
160.2	283.99
160.25	284.18
160.3	284.36
160.35	284.55
160.4	284.74
160.45	284.92
160.5	285.11
160.55	285.3
160.6	285.48
160.65	285.67
160.7	285.86
160.75	286.05
160.8	286.23
160.85	286.42
160.9	286.61
160.95	286.79
161	286.98
161.05	287.17
161.1	287.35
161.15	287.54
161.2	287.73
161.25	287.92
161.3	288.1
161.35	288.29
161.4	288.48
161.45	288.66
161.5	288.85
161.55	289.04
161.6	289.22
161.65	289.41
161.7	289.6
161.75	289.78
161.8	289.97
161.85	290.16
161.9	290.35
161.95	290.53
162	290.72
162.05	290.91
162.1	291.09
162.15	291.28
162.2	291.47
162.25	291.65
162.3	291.84
162.35	292.03
162.4	292.22
162.45	292.4
162.5	292.59
162.55	292.78
162.6	292.96
162.65	293.15
162.7	293.34
162.75	293.52
162.8	293.71
162.85	293.9
162.9	294.08
162.95	294.27
163	294.46
163.05	294.65
163.1	294.83
163.15	295.02
163.2	295.21
163.25	295.39
163.3	295.58
163.35	295.77
163.4	295.95
163.45	296.14
163.5	296.33
163.55	296.52
163.6	296.7
163.65	296.89
163.7	297.08
163.75	297.26
163.8	297.45
163.85	297.64
163.9	297.82
163.95	298.01
164	298.2
164.05	298.39
164.1	298.57
164.15	298.76
164.2	298.95
164.25	299.13
164.3	299.32
164.35	299.51
164.4	299.69
164.45	299.88
164.5	300.07
164.55	300.26
164.6	300.44
164.65	300.63
164.7	300.82
164.75	301
164.8	301.19
164.85	301.38
164.9	301.56
164.95	301.75
165	301.94
165.05	302.13
165.1	302.31
165.15	302.5
165.2	302.69
165.25	302.87
165.3	303.06
165.35	303.25
165.4	303.43
165.45	303.62
165.5	303.81
165.55	304
165.6	304.18
165.65	304.37
165.7	304.56
165.75	304.74
165.8	304.93
165.85	305.12
165.9	305.31
165.95	305.49
166	305.68
166.05	305.87
166.1	306.05
166.15	306.24
166.2	306.43
166.25	306.61
166.3	306.8
166.35	306.99
166.4	307.18
166.45	307.36
166.5	307.55
166.55	307.74
166.6	307.92
166.65	308.11
166.7	308.3
166.75	308.48
166.8	308.67
166.85	308.86
166.9	309.05
166.95	309.23
167	309.42
167.05	309.61
167.1	309.79
167.15	309.98
167.2	310.17
167.25	310.36
167.3	310.54
167.35	310.73
167.4	310.92
167.45	311.1
167.5	311.29
167.55	311.48
167.6	311.66
167.65	311.85
167.7	312.04
167.75	312.23
167.8	312.41
167.85	312.6
167.9	312.79
167.95	312.97
168	313.16
168.05	313.35
168.1	313.54
168.15	313.72
168.2	313.91
168.25	314.1
168.3	314.28
168.35	314.47
168.4	314.66
168.45	314.84
168.5	315.03
168.55	315.22
168.6	315.41
168.65	315.59
168.7	315.78
168.75	315.97
168.8	316.15
168.85	316.34
168.9	316.53
168.95	316.72
169	316.9
169.05	317.09
169.1	317.28
169.15	317.46
169.2	317.65
169.25	317.84
169.3	318.03
169.35	318.21
169.4	318.4
169.45	318.59
169.5	318.77
169.55	318.96
169.6	319.15
169.65	319.34
169.7	319.52
169.75	319.71
169.8	319.9
169.85	320.08
169.9	320.27
169.95	320.46
170	320.64
170.05	320.83
170.1	321.02
170.15	321.21
170.2	321.39
170.25	321.58
170.3	321.77
170.35	321.95
170.4	322.14
170.45	322.33
170.5	322.52
170.55	322.7
170.6	322.89
170.65	323.08
170.7	323.26
170.75	323.45
170.8	323.64
170.85	323.83
170.9	324.01
170.95	324.2
171	324.39
171.05	324.57
171.1	324.76
171.15	324.95
171.2	325.14
171.25	325.32
171.3	325.51
171.35	325.7
171.4	325.88
171.45	326.07
171.5	326.26
171.55	326.45
171.6	326.63
171.65	326.82
171.7	327.01
171.75	327.19
171.8	327.38
171.85	327.57
171.9	327.76
171.95	327.94
172	328.13
172.05	328.32
172.1	328.5
172.15	328.69
172.2	328.88
172.25	329.07
172.3	329.25
172.35	329.44
172.4	329.63
172.45	329.81
172.5	330
172.55	330.19
172.6	330.38
172.65	330.56
172.7	330.75
172.75	330.94
172.8	331.12
172.85	331.31
172.9	331.5
172.95	331.69
173	331.87
173.05	332.06
173.1	332.25
173.15	332.43
173.2	332.62
173.25	332.81
173.3	333
173.35	333.18
173.4	333.37
173.45	333.56
173.5	333.74
173.55	333.93
173.6	334.12
173.65	334.31
173.7	334.49
173.75	334.68
173.8	334.87
173.85	335.05
173.9	335.24
173.95	335.43
174	335.62
174.05	335.8
174.1	335.99
174.15	336.18
174.2	336.36
174.25	336.55
174.3	336.74
174.35	336.93
174.4	337.11
174.45	337.3
174.5	337.49
174.55	337.67
174.6	337.86
174.65	338.05
174.7	338.24
174.75	338.42
174.8	338.61
174.85	338.8
174.9	338.98
174.95	339.17
175	339.36
175.05	339.55
175.1	339.73
175.15	339.92
175.2	340.11
175.25	340.3
175.3	340.48
175.35	340.67
175.4	340.86
175.45	341.04
175.5	341.23
175.55	341.42
175.6	341.61
175.65	341.79
175.7	341.98
175.75	342.17
175.8	342.35
175.85	342.54
175.9	342.73
175.95	342.92
176	343.1
176.05	343.29
176.1	343.48
176.15	343.66
176.2	343.85
176.25	344.04
176.3	344.23
176.35	344.41
176.4	344.6
176.45	344.79
176.5	344.97
176.55	345.16
176.6	345.35
176.65	345.54
176.7	345.72
176.75	345.91
176.8	346.1
176.85	346.29
176.9	346.47
176.95	346.66
177	346.85
177.05	347.03
177.1	347.22
177.15	347.41
177.2	347.6
177.25	347.78
177.3	347.97
177.35	348.16
177.4	348.34
177.45	348.53
177.5	348.72
177.55	348.91
177.6	349.09
177.65	349.28
177.7	349.47
177.75	349.66
177.8	349.84
177.85	350.03
177.9	350.22
177.95	350.4
178	350.59
178.05	350.78
178.1	350.97
178.15	351.15
178.2	351.34
178.25	351.53
178.3	351.71
178.35	351.9
178.4	352.09
178.45	352.28
178.5	352.46
178.55	352.65
178.6	352.84
178.65	353.03
178.7	353.21
178.75	353.4
178.8	353.59
178.85	353.77
178.9	353.96
178.95	354.15
179	354.34
179.05	354.52
179.1	354.71
179.15	354.9
179.2	355.08
179.25	355.27
179.3	355.46
179.35	355.65
179.4	355.83
179.45	356.02
179.5	356.21
179.55	356.4
179.6	356.58
179.65	356.77
179.7	356.96
179.75	357.14
179.8	357.33
179.85	357.52
179.9	357.71
179.95	357.89
180	358.08
180.05	358.27
180.1	358.46
180.15	358.64
180.2	358.83
180.25	359.02
180.3	359.2
180.35	359.39
180.4	359.58
180.45	359.77
180.5	359.95
180.55	360.14
180.6	360.33
180.65	360.52
180.7	360.7
180.75	360.89
180.8	361.08
180.85	361.26
180.9	361.45
180.95	361.64
181	361.83
181.05	362.01
181.1	362.2
181.15	362.39
181.2	362.58
181.25	362.76
181.3	362.95
181.35	363.14
181.4	363.32
181.45	363.51
181.5	363.7
181.55	363.89
181.6	364.07
181.65	364.26
181.7	364.45
181.75	364.64
181.8	364.82
181.85	365.01
181.9	365.2
181.95	365.38
182	365.57
182.05	365.76
182.1	365.95
182.15	366.13
182.2	366.32
182.25	366.51
182.3	366.7
182.35	366.88
182.4	367.07
182.45	367.26
182.5	367.44
182.55	367.63
182.6	367.82
182.65	368.01
182.7	368.19
182.75	368.38
182.8	368.57
182.85	368.76
182.9	368.94
182.95	369.13
183	369.32
183.05	369.5
183.1	369.69
183.15	369.88
183.2	370.07
183.25	370.25
183.3	370.44
183.35	370.63
183.4	370.82
183.45	371
183.5	371.19
183.55	371.38
183.6	371.56
183.65	371.75
183.7	371.94
183.75	372.13
183.8	372.31
183.85	372.5
183.9	372.69
183.95	372.88
184	373.06
184.05	373.25
184.1	373.44
184.15	373.63
184.2	373.81
184.25	374
184.3	374.19
184.35	374.37
184.4	374.56
184.45	374.75
184.5	374.94
184.55	375.12
184.6	375.31
184.65	375.5
184.7	375.69
184.75	375.87
184.8	376.06
184.85	376.25
184.9	376.43
184.95	376.62
185	376.81
185.05	377
185.1	377.18
185.15	377.37
185.2	377.56
185.25	377.75
185.3	377.93
185.35	378.12
185.4	378.31
185.45	378.5
185.5	378.68
185.55	378.87
185.6	379.06
185.65	379.24
185.7	379.43
185.75	379.62
185.8	379.81
185.85	379.99
185.9	380.18
185.95	380.37
186	380.56
186.05	380.74
186.1	380.93
186.15	381.12
186.2	381.3
186.25	381.49
186.3	381.68
186.35	381.87
186.4	382.05
186.45	382.24
186.5	382.43
186.55	382.62
186.6	382.8
186.65	382.99
186.7	383.18
186.75	383.37
186.8	383.55
186.85	383.74
186.9	383.93
186.95	384.11
187	384.3
187.05	384.49
187.1	384.68
187.15	384.86
187.2	385.05
187.25	385.24
187.3	385.43
187.35	385.61
187.4	385.8
187.45	385.99
187.5	386.18
187.55	386.36
187.6	386.55
187.65	386.74
187.7	386.93
187.75	387.11
187.8	387.3
187.85	387.49
187.9	387.67
187.95	387.86
188	388.05
188.05	388.24
188.1	388.42
188.15	388.61
188.2	388.8
188.25	388.99
188.3	389.17
188.35	389.36
188.4	389.55
188.45	389.74
188.5	389.92
188.55	390.11
188.6	390.3
188.65	390.48
188.7	390.67
188.75	390.86
188.8	391.05
188.85	391.23
188.9	391.42
188.95	391.61
189	391.8
189.05	391.98
189.1	392.17
189.15	392.36
189.2	392.55
189.25	392.73
189.3	392.92
189.35	393.11
189.4	393.3
189.45	393.48
189.5	393.67
189.55	393.86
189.6	394.04
189.65	394.23
189.7	394.42
189.75	394.61
189.8	394.79
189.85	394.98
189.9	395.17
189.95	395.36
190	395.54
190.05	395.73
190.1	395.92
190.15	396.11
190.2	396.29
190.25	396.48
190.3	396.67
190.35	396.86
190.4	397.04
190.45	397.23
190.5	397.42
190.55	397.6
190.6	397.79
190.65	397.98
190.7	398.17
190.75	398.35
190.8	398.54
190.85	398.73
190.9	398.92
190.95	399.1
191	399.29
191.05	399.48
191.1	399.67
191.15	399.85
191.2	400.04
191.25	400.23
191.3	400.42
191.35	400.6
191.4	400.79
191.45	400.98
191.5	401.16
191.55	401.35
191.6	401.54
191.65	401.73
191.7	401.91
191.75	402.1
191.8	402.29
191.85	402.48
191.9	402.66
191.95	402.85
192	403.04
192.05	403.23
192.1	403.41
192.15	403.6
192.2	403.79
192.25	403.98
192.3	404.16
192.35	404.35
192.4	404.54
192.45	404.73
192.5	404.91
192.55	405.1
192.6	405.29
192.65	405.47
192.7	405.66
192.75	405.85
192.8	406.04
192.85	406.22
192.9	406.41
192.95	406.6
193	406.79
193.05	406.97
193.1	407.16
193.15	407.35
193.2	407.54
193.25	407.72
193.3	407.91
193.35	408.1
193.4	408.29
193.45	408.47
193.5	408.66
193.55	408.85
193.6	409.04
193.65	409.22
193.7	409.41
193.75	409.6
193.8	409.79
193.85	409.97
193.9	410.16
193.95	410.35
194	410.53
194.05	410.72
194.1	410.91
194.15	411.1
194.2	411.28
194.25	411.47
194.3	411.66
194.35	411.85
194.4	412.03
194.45	412.22
194.5	412.41
194.55	412.6
194.6	412.78
194.65	412.97
194.7	413.16
194.75	413.35
194.8	413.53
194.85	413.72
194.9	413.91
194.95	414.1
195	414.28
195.05	414.47
195.1	414.66
195.15	414.85
195.2	415.03
195.25	415.22
195.3	415.41
195.35	415.6
195.4	415.78
195.45	415.97
195.5	416.16
195.55	416.34
195.6	416.53
195.65	416.72
195.7	416.91
195.75	417.09
195.8	417.28
195.85	417.47
195.9	417.66
195.95	417.84
196	418.03
196.05	418.22
196.1	418.41
196.15	418.59
196.2	418.78
196.25	418.97
196.3	419.16
196.35	419.34
196.4	419.53
196.45	419.72
196.5	419.91
196.55	420.09
196.6	420.28
196.65	420.47
196.7	420.66
196.75	420.84
196.8	421.03
196.85	421.22
196.9	421.41
196.95	421.59
197	421.78
197.05	421.97
197.1	422.16
197.15	422.34
197.2	422.53
197.25	422.72
197.3	422.9
197.35	423.09
197.4	423.28
197.45	423.47
197.5	423.65
197.55	423.84
197.6	424.03
197.65	424.22
197.7	424.4
197.75	424.59
197.8	424.78
197.85	424.97
197.9	425.15
197.95	425.34
198	425.53
198.05	425.72
198.1	425.9
198.15	426.09
198.2	426.28
198.25	426.47
198.3	426.65
198.35	426.84
198.4	427.03
198.45	427.22
198.5	427.4
198.55	427.59
198.6	427.78
198.65	427.97
198.7	428.15
198.75	428.34
198.8	428.53
198.85	428.72
198.9	428.9
198.95	429.09
199	429.28
199.05	429.47
199.1	429.65
199.15	429.84
199.2	430.03
199.25	430.22
199.3	430.4
199.35	430.59
199.4	430.78
199.45	430.97
199.5	431.15
199.55	431.34
199.6	431.53
199.65	431.72
199.7	431.9
199.75	432.09
199.8	432.28
199.85	432.47
199.9	432.65
199.95	432.84
200	433.03
200.05	433.21
200.1	433.4
200.15	433.59
200.2	433.78
200.25	433.96
200.3	434.15
200.35	434.34
200.4	434.53
200.45	434.71
200.5	434.9
200.55	435.09
200.6	435.28
200.65	435.46
200.7	435.65
200.75	435.84
200.8	436.03
200.85	436.21
200.9	436.4
200.95	436.59
201	436.78
201.05	436.96
201.1	437.15
201.15	437.34
201.2	437.53
201.25	437.71
201.3	437.9
201.35	438.09
201.4	438.28
201.45	438.46
201.5	438.65
201.55	438.84
201.6	439.03
201.65	439.21
201.7	439.4
201.75	439.59
201.8	439.78
201.85	439.96
201.9	440.15
201.95	440.34
202	440.53
202.05	440.71
202.1	440.9
202.15	441.09
202.2	441.28
202.25	441.46
202.3	441.65
202.35	441.84
202.4	442.03
202.45	442.21
202.5	442.4
202.55	442.59
202.6	442.78
202.65	442.96
202.7	443.15
202.75	443.34
202.8	443.53
202.85	443.71
202.9	443.9
202.95	444.09
203	444.28
203.05	444.46
203.1	444.65
203.15	444.84
203.2	445.03
203.25	445.21
203.3	445.4
203.35	445.59
203.4	445.78
203.45	445.96
203.5	446.15
203.55	446.34
203.6	446.53
203.65	446.71
203.7	446.9
203.75	447.09
203.8	447.28
203.85	447.46
203.9	447.65
203.95	447.84
204	448.03
204.05	448.21
204.1	448.4
204.15	448.59
204.2	448.78
204.25	448.96
204.3	449.15
204.35	449.34
204.4	449.53
204.45	449.71
204.5	449.9
204.55	450.09
204.6	450.28
204.65	450.46
204.7	450.65
204.75	450.84
204.8	451.03
204.85	451.21
204.9	451.4
204.95	451.59
205	451.78
205.05	451.96
205.1	452.15
205.15	452.34
205.2	452.53
205.25	452.71
205.3	452.9
205.35	453.09
205.4	453.28
205.45	453.46
205.5	453.65
205.55	453.84
205.6	454.03
205.65	454.21
205.7	454.4
205.75	454.59
205.8	454.78
205.85	454.96
205.9	455.15
205.95	455.34
206	455.53
206.05	455.71
206.1	455.9
206.15	456.09
206.2	456.28
206.25	456.46
206.3	456.65
206.35	456.84
206.4	457.03
206.45	457.21
206.5	457.4
206.55	457.59
206.6	457.78
206.65	457.96
206.7	458.15
206.75	458.34
206.8	458.53
206.85	458.71
206.9	458.9
206.95	459.09
207	459.28
207.05	459.46
207.1	459.65
207.15	459.84
207.2	460.03
207.25	460.21
207.3	460.4
207.35	460.59
207.4	460.78
207.45	460.96
207.5	461.15
207.55	461.34
207.6	461.53
207.65	461.71
207.7	461.9
207.75	462.09
207.8	462.28
207.85	462.46
207.9	462.65
207.95	462.84
208	463.03
208.05	463.21
208.1	463.4
208.15	463.59
208.2	463.78
208.25	463.96
208.3	464.15
208.35	464.34
208.4	464.53
208.45	464.72
208.5	464.9
208.55	465.09
208.6	465.28
208.65	465.47
208.7	465.65
208.75	465.84
208.8	466.03
208.85	466.22
208.9	466.4
208.95	466.59
209	466.78
209.05	466.97
209.1	467.15
209.15	467.34
209.2	467.53
209.25	467.72
209.3	467.9
209.35	468.09
209.4	468.28
209.45	468.47
209.5	468.65
209.55	468.84
209.6	469.03
209.65	469.22
209.7	469.4
209.75	469.59
209.8	469.78
209.85	469.97
209.9	470.15
209.95	470.34
210	470.53
210.05	470.72
210.1	470.9
210.15	471.09
210.2	471.28
210.25	471.47
210.3	471.65
210.35	471.84
210.4	472.03
210.45	472.22
210.5	472.4
210.55	472.59
210.6	472.78
210.65	472.97
210.7	473.15
210.75	473.34
210.8	473.53
210.85	473.72
210.9	473.9
210.95	474.09
211	474.28
211.05	474.47
211.1	474.65
211.15	474.84
211.2	475.03
211.25	475.22
211.3	475.41
211.35	475.59
211.4	475.78
211.45	475.97
211.5	476.16
211.55	476.34
211.6	476.53
211.65	476.72
211.7	476.91
211.75	477.09
211.8	477.28
211.85	477.47
211.9	477.66
211.95	477.84
212	478.03
212.05	478.22
212.1	478.41
212.15	478.59
212.2	478.78
212.25	478.97
212.3	479.16
212.35	479.34
212.4	479.53
212.45	479.72
212.5	479.91
212.55	480.09
212.6	480.28
212.65	480.47
212.7	480.66
212.75	480.84
212.8	481.03
212.85	481.24
212.9	481.45
212.95	481.66
213	481.88
213.05	482.09
213.1	482.3
213.15	482.51
213.2	482.73
213.25	482.94
213.3	483.15
213.35	483.37
213.4	483.58
213.45	483.8
213.5	484.01
213.55	484.22
213.6	484.44
213.65	484.65
213.7	484.86
213.75	485.08
213.8	485.29
213.85	485.51
213.9	485.72
213.95	485.94
214	486.15
214.05	486.37
214.1	486.58
214.15	486.79
214.2	487.01
214.25	487.22
214.3	487.44
214.35	487.65
214.4	487.87
214.45	488.08
214.5	488.3
214.55	488.52
214.6	488.73
214.65	488.95
214.7	489.16
214.75	489.38
214.8	489.59
214.85	489.81
214.9	490.03
214.95	490.24
215	490.46
215.05	490.68
215.1	490.89
215.15	491.11
215.2	491.33
215.25	491.54
215.3	491.76
215.35	491.98
215.4	492.19
215.45	492.41
215.5	492.63
215.55	492.85
215.6	493.06
215.65	493.28
215.7	493.5
215.75	493.72
215.8	493.93
215.85	494.15
215.9	494.37
215.95	494.59
216	494.81
216.05	495.03
216.1	495.24
216.15	495.46
216.2	495.68
216.25	495.9
216.3	496.12
216.35	496.34
216.4	496.56
216.45	496.78
216.5	497
216.55	497.22
216.6	497.44
216.65	497.66
216.7	497.88
216.75	498.1
216.8	498.32
216.85	498.54
216.9	498.76
216.95	498.98
217	499.2
217.05	499.42
217.1	499.64
217.15	499.86
217.2	500.08
217.25	500.31
217.3	500.53
217.35	500.75
217.4	500.97
217.45	501.19
217.5	501.41
217.55	501.64
217.6	501.86
217.65	502.08
217.7	502.3
217.75	502.53
217.8	502.75
217.85	502.97
217.9	503.2
217.95	503.42
218	503.64
218.05	503.87
218.1	504.09
218.15	504.32
218.2	504.54
218.25	504.76
218.3	504.99
218.35	505.21
218.4	505.44
218.45	505.66
218.5	505.89
218.55	506.11
218.6	506.34
218.65	506.56
218.7	506.79
218.75	507.01
218.8	507.24
218.85	507.47
218.9	507.69
218.95	507.92
219	508.15
219.05	508.37
219.1	508.6
219.15	508.83
219.2	509.05
219.25	509.28
219.3	509.51
219.35	509.74
219.4	509.97
219.45	510.19
219.5	510.42
219.55	510.65
219.6	510.88
219.65	511.11
219.7	511.34
219.75	511.57
219.8	511.8
219.85	512.03
219.9	512.26
219.95	512.49
220	512.72
220.05	512.95
220.1	513.18
220.15	513.41
220.2	513.64
220.25	513.87
220.3	514.1
220.35	514.33
220.4	514.56
220.45	514.8
220.5	515.03
220.55	515.26
220.6	515.49
220.65	515.73
220.7	515.96
220.75	516.19
220.8	516.42
220.85	516.66
220.9	516.89
220.95	517.13
221	517.36
221.05	517.59
221.1	517.83
221.15	518.06
221.2	518.3
221.25	518.53
221.3	518.77
221.35	519
221.4	519.24
221.45	519.48
221.5	519.71
221.55	519.95
221.6	520.19
221.65	520.42
221.7	520.66
221.75	520.9
221.8	521.13
221.85	521.37
221.9	521.61
221.95	521.85
222	522.09
222.05	522.33
222.1	522.56
222.15	522.8
222.2	523.04
222.25	523.28
222.3	523.52
222.35	523.76
222.4	524
222.45	524.24
222.5	524.48
222.55	524.73
222.6	524.97
222.65	525.21
222.7	525.45
222.75	525.69
222.8	525.94
222.85	526.18
222.9	526.42
222.95	526.66
223	526.91
223.05	527.15
223.1	527.39
223.15	527.64
223.2	527.88
223.25	528.13
223.3	528.37
223.35	528.62
223.4	528.86
223.45	529.11
223.5	529.36
223.55	529.6
223.6	529.85
223.65	530.09
223.7	530.34
223.75	530.59
223.8	530.84
223.85	531.08
223.9	531.33
223.95	531.58
224	531.83
224.05	532.08
224.1	532.33
224.15	532.58
224.2	532.83
224.25	533.08
224.3	533.33
224.35	533.58
224.4	533.83
224.45	534.08
224.5	534.33
224.55	534.59
224.6	534.84
224.65	535.09
224.7	535.34
224.75	535.6
224.8	535.85
224.85	536.1
224.9	536.36
224.95	536.61
225	536.87
225.05	537.12
225.1	537.38
225.15	537.63
225.2	537.89
225.25	538.15
225.3	538.4
225.35	538.66
225.4	538.92
225.45	539.17
225.5	539.43
225.55	539.69
225.6	539.95
225.65	540.21
225.7	540.47
225.75	540.73
225.8	540.99
225.85	541.25
225.9	541.51
225.95	541.77
226	542.03
226.05	542.29
226.1	542.55
226.15	542.81
226.2	543.08
226.25	543.34
226.3	543.6
226.35	543.87
226.4	544.13
226.45	544.39
226.5	544.66
226.55	544.92
226.6	545.19
226.65	545.46
226.7	545.72
226.75	545.99
226.8	546.26
226.85	546.52
226.9	546.79
226.95	547.06
227	547.33
227.05	547.6
227.1	547.86
227.15	548.13
227.2	548.4
227.25	548.67
227.3	548.94
227.35	549.22
227.4	549.49
227.45	549.76
227.5	550.03
227.55	550.3
227.6	550.58
227.65	550.85
227.7	551.12
227.75	551.4
227.8	551.67
227.85	551.95
227.9	552.22
227.95	552.5
228	552.77
228.05	553.05
228.1	553.33
228.15	553.6
228.2	553.88
228.25	554.16
228.3	554.44
228.35	554.72
228.4	555
228.45	555.28
228.5	555.56
228.55	555.84
228.6	556.12
228.65	556.4
228.7	556.68
228.75	556.96
228.8	557.25
228.85	557.53
228.9	557.81
228.95	558.1
229	558.38
229.05	558.67
229.1	558.95
229.15	559.24
229.2	559.52
229.25	559.81
229.3	560.1
229.35	560.38
229.4	560.67
229.45	560.96
229.5	561.25
229.55	561.54
229.6	561.83
229.65	562.12
229.7	562.41
229.75	562.7
229.8	562.99
229.85	563.29
229.9	563.58
229.95	563.87
230	564.16
230.05	564.46
230.1	564.75
230.15	565.05
230.2	565.34
230.25	565.64
230.3	565.94
230.35	566.23
230.4	566.53
230.45	566.83
230.5	567.13
230.55	567.42
230.6	567.72
230.65	568.02
230.7	568.32
230.75	568.62
230.8	568.93
230.85	569.23
230.9	569.53
230.95	569.83
231	570.14
231.05	570.44
231.1	570.74
231.15	571.05
231.2	571.35
231.25	571.66
231.3	571.97
231.35	572.27
231.4	572.58
231.45	572.89
231.5	573.2
231.55	573.51
231.6	573.82
231.65	574.13
231.7	574.44
231.75	574.75
231.8	575.06
231.85	575.37
231.9	575.69
231.95	576
232	576.31
232.05	576.63
232.1	576.94
232.15	577.26
232.2	577.57
232.25	577.89
232.3	578.21
232.35	578.53
232.4	578.84
232.45	579.16
232.5	579.48
232.55	579.8
232.6	580.12
232.65	580.44
232.7	580.77
232.75	581.09
232.8	581.41
232.85	581.73
232.9	582.06
232.95	582.38
233	582.71
233.05	583.03
233.1	583.36
233.15	583.69
233.2	584.01
233.25	584.34
233.3	584.67
233.35	585
233.4	585.33
233.45	585.66
233.5	585.99
233.55	586.32
233.6	586.66
233.65	586.99
233.7	587.32
233.75	587.65
233.8	587.99
233.85	588.32
233.9	588.65
233.95	588.98
234	589.31
234.05	589.65
234.1	589.98
234.15	590.31
234.2	590.64
234.25	590.98
234.3	591.31
234.35	591.64
234.4	591.97
234.45	592.3
234.5	592.64
234.55	592.97
234.6	593.3
234.65	593.63
234.7	593.97
234.75	594.3
234.8	594.63
234.85	594.73
234.9	594.76
234.95	594.77
235	594.82
235.05	594.85
235.1	594.88
235.15	594.89
235.2	594.93
235.25	594.99
235.3	595.02
235.35	595.02
235.4	595.04
235.45	595.05
235.5	595.09
235.55	595.09
235.6	595.15
235.65	595.16
235.7	595.23
235.75	595.28
235.8	595.33
235.85	595.34
235.9	595.38
235.95	595.4
236	595.43
236.05	595.44
236.1	595.48
236.15	595.52
236.2	595.55
236.25	595.57
236.3	595.62
236.35	595.67
236.4	595.72
236.45	595.75
236.5	595.84
236.55	595.92
236.6	595.95
236.65	596.07
236.7	596.15
236.75	596.18
236.8	596.25
236.85	596.34
236.9	596.37
236.95	596.42
237	596.54
237.05	596.64
237.1	596.65
237.15	596.67
237.2	596.72
237.25	596.79
237.3	596.85
237.35	596.91
237.4	597.04
237.45	597.08
237.5	597.2
237.55	597.21
237.6	597.37
237.65	597.4
237.7	597.43
237.75	597.58
237.8	597.63
237.85	597.69
237.9	597.8
237.95	597.92
238	597.94
238.05	597.99
238.1	598.1
238.15	598.21
238.2	598.22
238.25	598.29
238.3	598.39
238.35	598.56
238.4	598.52
238.45	598.6
238.5	598.73
238.55	598.8
238.6	598.8
238.65	598.92
238.7	599.06
238.75	599.15
238.8	599.25
238.85	599.39
238.9	599.38
238.95	599.47
239	599.59
239.05	599.77
239.1	599.73
239.15	599.82
239.2	599.94
239.25	600.05
239.3	600.16
239.35	600.22
239.4	600.27
239.45	600.52
239.5	600.57
239.55	600.58
239.6	600.77
239.65	600.83
239.7	600.91
239.75	601.07
239.8	601.12
239.85	601.25
239.9	601.4
239.95	601.62
240	601.54
240.05	601.69
240.1	601.86
240.15	602.02
240.2	602.08
240.25	602.16
240.3	602.22
240.35	602.59
240.4	602.55
240.45	602.7
240.5	602.82
240.55	602.98
240.6	602.99
240.65	603.13
240.7	603.28
240.75	603.45
240.8	603.61
240.85	603.78
240.9	603.93
240.95	603.95
241	603.97
241.05	604.32
241.1	604.17
241.15	604.48
241.2	604.75
241.25	604.72
241.3	604.87
241.35	605.04
241.4	605.15
241.45	605.21
241.5	605.43
241.55	605.6
241.6	605.58
241.65	605.74
241.7	605.88
241.75	606.25
241.8	606.13
241.85	606.28
241.9	606.4
241.95	606.66
242	606.79
242.05	607.01
242.1	607.18
242.15	607.25
242.2	607.41
242.25	607.69
242.3	607.94
242.35	607.95
242.4	607.88
242.45	608.19
242.5	608.41
242.55	608.55
242.6	608.56
242.65	608.84
242.7	608.87
242.75	609
242.8	609.08
242.85	609.41
242.9	609.54
242.95	609.55
243	609.55
243.05	609.93
243.1	609.88
243.15	610.15
243.2	610.29
243.25	610.21
243.3	610.54
243.35	610.7
243.4	610.79
243.45	610.85
243.5	611.16
243.55	611.36
243.6	611.25
243.65	611.38
243.7	611.46
243.75	612.06
243.8	611.91
243.85	612.15
243.9	612.32
243.95	612.76
244	612.23
244.05	612.79
244.1	613.16
244.15	613.1
244.2	613.09
244.25	613.39
244.3	613.57
244.35	613.95
244.4	613.83
244.45	613.84
244.5	614.12
244.55	614.41
244.6	614.6
244.65	615.09
244.7	614.8
244.75	614.97
244.8	615.04
244.85	615.76
244.9	615.35
244.95	615.75
245	615.96
245.05	616.41
245.1	616.19
245.15	616.4
245.2	616.51
245.25	617.26
245.3	616.77
245.35	617.34
245.4	617.67
245.45	617.78
245.5	618.26
245.55	618.51
245.6	618.52
245.65	619.07
245.7	619.36
245.75	619.83
245.8	619.78
245.85	620.23
245.9	620.43
245.95	620.83
246	620.51
246.05	621.26
246.1	621.71
246.15	621.89
246.2	622
246.25	622.04
246.3	622.07
246.35	622.98
246.4	622.76
246.45	622.78
246.5	623.3
246.55	624.06
246.6	624.59
246.65	624.22
246.7	624.33
246.75	624.84
246.8	625.11
246.85	625.36
246.9	625.49
246.95	625.98
247	626.23
247.05	626.43
247.1	626.2
247.15	627.02
247.2	627.51
247.25	627.71
247.3	627.42
247.35	628.05
247.4	628.37
247.45	628.81
247.5	628.82
247.55	629.68
247.6	629.22
247.65	629.88
247.7	630.18
247.75	630.27
247.8	630.78
247.85	630.87
247.9	630.92
247.95	631.87
248	631.56
248.05	632.21
248.1	632.55
248.15	632.57
248.2	632.88
248.25	633.23
248.3	633.41
248.35	634.16
248.4	633.79
248.45	633.81
248.5	634.63
248.55	634.95
248.6	635.09
248.65	635.59
248.7	635.86
248.75	636.9
248.8	637.33
248.85	636.82
248.9	637.61
248.95	637.82
249	637.91
249.05	638.49
249.1	638.49
249.15	639.37
249.2	639.73
249.25	639.39
249.3	639.82
249.35	640.73
249.4	641.2
249.45	641.17
249.5	641.2
249.55	642.01
249.6	641.27
249.65	642.69
249.7	643.32
249.75	642.52
249.8	643.51
249.85	643.94
249.9	644.07
249.95	644.18
250	644.27
250.05	645.26
250.1	645.56
250.15	646.25
250.2	645.5
250.25	647.02
250.3	647.53
250.35	647.21
250.4	648.31
250.45	648.55
250.5	648.45
250.55	648.68
250.6	648.73
250.65	650.45
250.7	649.73
250.75	651.31
250.8	651.66
250.85	652.33
250.9	651.43
250.95	652.99
251	653.23
251.05	654.25
251.1	653.89
251.15	655.33
251.2	655.52
251.25	656.82
251.3	656.89
251.35	658.37
251.4	658.47
251.45	658.54
251.5	658.57
251.55	660.05
251.6	659.41
251.65	661
251.7	661.15
251.75	661.65
251.8	662.22
251.85	663.76
251.9	663.83
251.95	665.81
252	665.7
252.05	667.13
252.1	667.2
252.15	668.22
252.2	670.4
252.25	671.91
252.3	671.94
252.35	672.54
252.4	675.7
252.45	675.74
252.5	675.38
252.55	679.82
252.6	679.89
252.65	679.94
252.7	679.83
252.75	683.02
252.8	683.07
252.85	685.25
252.9	684.92
252.95	690.47
253	690.52
253.05	691.34
253.1	691.16
253.15	695.37
253.2	695.42
253.25	696.39
253.3	698.77
253.35	698.82
253.4	700.86
253.45	704.07
253.5	704.12
253.55	708.58
253.6	709.82
253.65	714.43
253.7	714.49
253.75	713.48
253.8	716.13
253.85	720.12
253.9	720.18
253.95	722.84
254	723.76
254.05	730.65
254.1	730.71
254.15	732.98
254.2	734.01
254.25	739.19
254.3	739.26
254.35	740.23
254.4	746.87
254.45	746.95
254.5	749.33
254.55	754.13
254.6	754.2
254.65	761.04
254.7	759.88
254.75	767.45
254.8	767.57
254.85	771.01
254.9	771.95
254.95	780.93
255	781.18
255.05	782.22
255.1	788.55
255.15	797.03
255.2	798.17
255.25	801.3
255.3	805.12
255.35	807.72
255.4	813.02
255.45	821.73
255.5	825.35
255.55	830.11
255.6	828.79
255.65	845.42
255.7	847.24
255.75	848.42
255.8	855.45
255.85	870.66
255.9	874.66
255.95	875.68
256	883.41
256.05	895.22
256.1	910.32
256.15	910.47
256.2	916.9
256.25	931.89
256.3	932.05
256.35	943.38
256.4	969.66
256.45	969.84
256.5	973.45
256.55	994.49
256.6	1014.13
256.65	1016.43
256.7	1024.1
256.75	1051.52
256.8	1077.79
256.85	1085.47
256.9	1089.48
256.95	1124.26
257	1151.98
257.05	1178.67
257.1	1178.95
257.15	1225.22
257.2	1252.26
257.25	1311.05
257.3	1311.4
257.35	1373.92
257.4	1452.08
257.45	1452.5
257.5	1531.41
257.55	1614.02
257.6	1754.86
257.65	1876.13
257.7	1919.01
257.75	2034.51
257.8	2211.99
257.85	2364.22
257.9	2502.22
257.95	2690.08
258	2738.11
258.05	2813.92
258.1	2842.24
258.15	2910.75
258.2	2972.88
258.25	3033.76
258.3	3057.61
258.35	2988.68
258.4	3063.17
258.45	3075.64
258.5	3053.77
258.55	3043.96
258.6	3040.78
258.65	3059.1
258.7	3032.76
258.75	3028.83
258.8	3000.95
258.85	2978.14
258.9	2877.72
258.95	2895.06
259	2797.36
259.05	2787.93
259.1	2747.48
259.15	2748.52
259.2	2614.79
259.25	2612.59
259.3	2589.16
259.35	2518.03
259.4	2416.98
259.45	2353.78
259.5	2354.62
259.55	2302.14
259.6	2169.63
259.65	2170.38
259.7	2109.51
259.75	2039.2
259.8	2022.87
259.85	1914.49
259.9	1861.08
259.95	1814.96
260	1744.84
260.05	1635.38
260.1	1592.52
260.15	1530.59
260.2	1418.34
260.25	1407.98
260.3	1319.87
260.35	1320.2
260.4	1230.4
260.45	1181.24
260.5	1181.51
260.55	1121.15
260.6	1063.42
260.65	1063.63
260.7	1024.56
260.75	987.82
260.8	987.99
260.85	946.7
260.9	918.87
260.95	919.01
261	894.48
261.05	862.33
261.1	862.44
261.15	844.12
261.2	821.54
261.25	821.62
261.3	798.94
261.35	799.01
261.4	780.15
261.45	767.45
261.5	751.1
261.55	751.15
261.6	740.38
261.65	730.91
261.7	729.05
261.75	721.62
261.8	711.8
261.85	706.01
261.9	706.04
261.95	699.36
262	690.42
262.05	685.24
262.1	685.27
262.15	681.69
262.2	677.69
262.25	677.71
262.3	672.7
262.35	670.54
262.4	669.37
262.45	667.27
262.5	664.91
262.55	663.9
262.6	662.7
262.65	659.51
262.7	656.71
262.75	656.38
262.8	655.75
262.85	654.79
262.9	653.33
262.95	653.23
263	652.88
263.05	650.98
263.1	650.03
263.15	649.99
263.2	649.61
263.25	648.7
263.3	648.64
263.35	647.98
263.4	647.52
263.45	647.52
263.5	647.3
263.55	647.09
263.6	646.39
263.65	646.4
263.7	646.46
263.75	646.22
263.8	645.84
263.85	645.84
263.9	645.76
263.95	645.12
264	644.85
264.05	644.86
264.1	644.56
264.15	644.32
264.2	643.96
264.25	643.96
264.3	643.66
264.35	643.66
264.4	643.42
264.45	643.27
264.5	642.93
264.55	642.93
264.6	642.86
264.65	642.63
264.7	642.42
264.75	642.42
264.8	642.34
264.85	642.17
264.9	642.01
264.95	642.01
265	641.94
265.05	641.7
265.1	641.53
265.15	641.53
265.2	641.39
265.25	641.19
265.3	641.19
265.35	641.08
265.4	640.87
265.45	640.87
265.5	640.85
265.55	640.61
265.6	640.43
265.65	640.43
265.7	640.34
265.75	640.2
265.8	640.03
265.85	640.04
265.9	639.92
265.95	639.78
266	639.59
266.05	639.59
266.1	639.53
266.15	639.45
266.2	639.29
266.25	639.29
266.3	639.14
266.35	639.15
266.4	639.11
266.45	639.09
266.5	639
266.55	639
266.6	638.99
266.65	638.86
266.7	638.78
266.75	638.78
266.8	638.75
266.85	638.67
266.9	638.56
266.95	638.56
267	638.5
267.05	638.47
267.1	638.39
267.15	638.39
267.2	638.36
267.25	638.31
267.3	638.31
267.35	638.23
267.4	638.11
267.45	638.11
267.5	638.06
267.55	638
267.6	637.93
267.65	637.93
267.7	637.89
267.75	637.86
267.8	637.83
267.85	637.83
267.9	637.81
267.95	637.78
268	637.75
268.05	637.75
268.1	637.72
268.15	637.69
268.2	637.69
268.25	637.64
268.3	637.6
268.35	637.75
268.4	637.86
268.45	638.01
268.5	638.17
268.55	638.32
268.6	638.47
268.65	638.62
268.7	638.77
268.75	638.92
268.8	639.06
268.85	639.21
268.9	639.36
268.95	639.51
269	639.66
269.05	639.81
269.1	639.96
269.15	640.11
269.2	640.26
269.25	640.4
269.3	640.55
269.35	640.7
269.4	640.85
269.45	641
269.5	641.15
269.55	641.3
269.6	641.45
269.65	641.6
269.7	641.74
269.75	641.89
269.8	642.04
269.85	642.19
269.9	642.34
269.95	642.49
270	642.64
270.05	642.79
270.1	642.94
270.15	643.09
270.2	643.23
270.25	643.38
270.3	643.53
270.35	643.68
270.4	643.83
270.45	643.98
270.5	644.13
270.55	644.28
270.6	644.43
270.65	644.57
270.7	644.72
270.75	644.87
270.8	645.02
270.85	645.17
270.9	645.32
270.95	645.47
271	645.62
271.05	645.77
271.1	645.91
271.15	646.06
271.2	646.21
271.25	646.36
271.3	646.51
271.35	646.66
271.4	646.81
271.45	646.96
271.5	647.11
271.55	647.25
271.6	647.4
271.65	647.55
271.7	647.7
271.75	647.85
271.8	648
271.85	648.15
271.9	648.3
271.95	648.45
272	648.6
272.05	648.74
272.1	648.89
272.15	649.04
272.2	649.19
272.25	649.34
272.3	649.49
272.35	649.64
272.4	649.79
272.45	649.94
272.5	650.08
272.55	650.23
272.6	650.38
272.65	650.53
272.7	650.68
272.75	650.83
272.8	650.98
272.85	651.13
272.9	651.28
272.95	651.42
273	651.57
273.05	651.72
273.1	651.87
273.15	652.02
273.2	652.17
273.25	652.32
273.3	652.47
273.35	652.62
273.4	652.76
273.45	652.91
273.5	653.06
273.55	653.21
273.6	653.36
273.65	653.51
273.7	653.66
273.75	653.81
273.8	653.96
273.85	654.11
273.9	654.25
273.95	654.4
274	654.55
274.05	654.7
274.1	654.85
274.15	655
274.2	655.15
274.25	655.3
274.3	655.45
274.35	655.59
274.4	655.74
274.45	655.89
274.5	656.04
274.55	656.19
274.6	656.34
274.65	656.49
274.7	656.64
274.75	656.79
274.8	656.93
274.85	657.08
274.9	657.23
274.95	657.38
275	657.53
275.05	657.68
275.1	657.83
275.15	657.98
275.2	658.13
275.25	658.27
275.3	658.42
275.35	658.57
275.4	658.72
275.45	658.87
275.5	659.02
275.55	659.17
275.6	659.32
275.65	659.47
275.7	659.62
275.75	659.76
275.8	659.91
275.85	660.06
275.9	660.21
275.95	660.36
276	660.51
276.05	660.66
276.1	660.81
276.15	660.96
276.2	661.1
276.25	661.25
276.3	661.4
276.35	661.55
276.4	661.7
276.45	661.85
276.5	662
276.55	662.15
276.6	662.3
276.65	662.44
276.7	662.59
276.75	662.74
276.8	662.89
276.85	663.04
276.9	663.19
276.95	663.34
277	663.49
277.05	663.64
277.1	663.79
277.15	663.93
277.2	664.08
277.25	664.23
277.3	664.38
277.35	664.53
277.4	664.68
277.45	664.83
277.5	664.98
277.55	665.13
277.6	665.27
277.65	665.42
277.7	665.57
277.75	665.72
277.8	665.87
277.85	666.02
277.9	666.17
277.95	666.32
278	666.47
278.05	666.61
278.1	666.76
278.15	666.91
278.2	667.06
278.25	667.21
278.3	667.36
278.35	667.51
278.4	667.66
278.45	667.81
278.5	667.96
278.55	668.1
278.6	668.25
278.65	668.4
278.7	668.55
278.75	668.7
278.8	668.85
278.85	669
278.9	669.15
278.95	669.3
279	669.44
279.05	669.59
279.1	669.74
279.15	669.89
279.2	670.04
279.25	670.19
279.3	670.34
279.35	670.49
279.4	670.64
279.45	670.78
279.5	670.93
279.55	671.08
279.6	671.23
279.65	671.38
279.7	671.53
279.75	671.68
279.8	671.83
279.85	671.98
279.9	672.12
279.95	672.27
280	672.42
280.05	672.57
280.1	672.72
280.15	672.87
280.2	673.02
280.25	673.17
280.3	673.32
280.35	673.47
280.4	673.61
280.45	673.76
280.5	673.91
280.55	674.06
280.6	674.21
280.65	674.36
280.7	674.51
280.75	674.66
280.8	674.81
280.85	674.95
280.9	675.1
280.95	675.25
281	675.4
281.05	675.55
281.1	675.7
281.15	675.85
281.2	676
281.25	676.15
281.3	676.29
281.35	676.44
281.4	676.59
281.45	676.74
281.5	676.89
281.55	677.04
281.6	677.19
281.65	677.34
281.7	677.49
281.75	677.64
281.8	677.78
281.85	677.93
281.9	678.08
281.95	678.23
282	678.38
282.05	678.53
282.1	678.68
282.15	678.83
282.2	678.98
282.25	679.12
282.3	679.27
282.35	679.42
282.4	679.57
282.45	679.72
282.5	679.87
282.55	680.02
282.6	680.17
282.65	680.32
282.7	680.47
282.75	680.61
282.8	680.76
282.85	680.91
282.9	681.06
282.95	681.21
283	681.36
283.05	681.51
283.1	681.66
283.15	681.81
283.2	681.95
283.25	682.1
283.3	682.25
283.35	682.4
283.4	682.55
283.45	682.7
283.5	682.85
283.55	683
283.6	683.15
283.65	683.29
283.7	683.44
283.75	683.59
283.8	683.74
283.85	683.89
283.9	684.04
283.95	684.19
284	684.34
284.05	684.49
284.1	684.64
284.15	684.78
284.2	684.93
284.25	685.08
284.3	685.23
284.35	685.38
284.4	685.53
284.45	685.68
284.5	685.83
284.55	685.98
284.6	686.12
284.65	686.27
284.7	686.42
284.75	686.57
284.8	686.72
284.85	686.87
284.9	687.02
284.95	687.17
285	687.32
285.05	687.46
285.1	687.61
285.15	687.76
285.2	687.91
285.25	688.06
285.3	688.21
285.35	688.36
285.4	688.51
285.45	688.66
285.5	688.81
285.55	688.95
285.6	689.1
285.65	689.25
285.7	689.4
285.75	689.55
285.8	689.7
285.85	689.85
285.9	690
285.95	690.15
286	690.29
286.05	690.44
286.1	690.59
286.15	690.74
286.2	690.89
286.25	691.04
286.3	691.19
286.35	691.34
286.4	691.49
286.45	691.64
286.5	691.78
286.55	691.93
286.6	692.08
286.65	692.23
286.7	692.38
286.75	692.53
286.8	692.68
286.85	692.83
286.9	692.98
286.95	693.12
287	693.27
287.05	693.42
287.1	693.57
287.15	693.72
287.2	693.87
287.25	694.02
287.3	694.17
287.35	694.32
287.4	694.46
287.45	694.61
287.5	694.76
287.55	694.91
287.6	695.06
287.65	695.21
287.7	695.36
287.75	695.51
287.8	695.66
287.85	695.81
287.9	695.95
287.95	696.1
288	696.25
288.05	696.4
288.1	696.55
288.15	696.7
288.2	696.85
288.25	697
288.3	697.15
288.35	697.29
288.4	697.44
288.45	697.59
288.5	697.74
288.55	697.89
288.6	698.04
288.65	698.19
288.7	698.34
288.75	698.49
288.8	698.64
288.85	698.78
288.9	698.93
288.95	699.08
289	699.23
289.05	699.38
289.1	699.53
289.15	699.68
289.2	699.83
289.25	699.98
289.3	700.12
289.35	700.27
289.4	700.42
289.45	700.57
289.5	700.72
289.55	700.87
289.6	701.02
289.65	701.17
289.7	701.32
289.75	701.46
289.8	701.61
289.85	701.76
289.9	701.91
289.95	702.06
290	702.21
290.05	702.36
290.1	702.51
290.15	702.66
290.2	702.81
290.25	702.95
290.3	703.1
290.35	703.25
290.4	703.4
290.45	703.55
290.5	703.7
290.55	703.85
290.6	704
290.65	704.15
290.7	704.29
290.75	704.44
290.8	704.59
290.85	704.74
290.9	704.89
290.95	705.04
291	705.19
291.05	705.34
291.1	705.49
291.15	705.64
291.2	705.78
291.25	705.93
291.3	706.08
291.35	706.23
291.4	706.38
291.45	706.53
291.5	706.68
291.55	706.83
291.6	706.98
291.65	707.12
291.7	707.27
291.75	707.42
291.8	707.57
291.85	707.72
291.9	707.87
291.95	708.02
292	708.17
292.05	708.32
292.1	708.47
292.15	708.61
292.2	708.76
292.25	708.91
292.3	709.06
292.35	709.21
292.4	709.36
292.45	709.51
292.5	709.66
292.55	709.81
292.6	709.95
292.65	710.1
292.7	710.25
292.75	710.4
292.8	710.55
292.85	710.7
292.9	710.85
292.95	711
293	711.15
293.05	711.29
293.1	711.44
293.15	711.59
293.2	711.74
293.25	711.89
293.3	712.04
293.35	712.19
293.4	712.34
293.45	712.49
293.5	712.64
293.55	712.78
293.6	712.93
293.65	713.08
293.7	713.23
293.75	713.38
293.8	713.53
293.85	713.68
293.9	713.83
293.95	713.98
294	714.12
294.05	714.27
294.1	714.42
294.15	714.57
294.2	714.72
294.25	714.87
294.3	715.02
294.35	715.17
294.4	715.32
294.45	715.47
294.5	715.61
294.55	715.76
294.6	715.91
294.65	716.06
294.7	716.21
294.75	716.36
294.8	716.51
294.85	716.66
294.9	716.81
294.95	716.95
295	717.1
295.05	717.25
295.1	717.4
295.15	717.55
295.2	717.7
295.25	717.85
295.3	718
295.35	718.15
295.4	718.3
295.45	718.44
295.5	718.59
295.55	718.74
295.6	718.89
295.65	719.04
295.7	719.19
295.75	719.34
295.8	719.49
295.85	719.64
295.9	719.78
295.95	719.93
296	720.08
296.05	720.23
296.1	720.38
296.15	720.53
296.2	720.68
296.25	720.83
296.3	720.98
296.35	721.13
296.4	721.27
296.45	721.42
296.5	721.57
296.55	721.72
296.6	721.87
296.65	722.02
296.7	722.17
296.75	722.32
296.8	722.47
296.85	722.61
296.9	722.76
296.95	722.91
297	723.06
297.05	723.21
297.1	723.36
297.15	723.51
297.2	723.66
297.25	723.81
297.3	723.96
297.35	724.1
297.4	724.25
297.45	724.4
297.5	724.55
297.55	724.7
297.6	724.85
297.65	725
297.7	725.15
297.75	725.3
297.8	725.44
297.85	725.59
297.9	725.74
297.95	725.89
298	726.04
298.05	726.19
298.1	726.34
298.15	726.49
298.2	726.64
298.25	726.79
298.3	726.93
298.35	727.08
298.4	727.23
298.45	727.38
298.5	727.53
298.55	727.68
298.6	727.83
298.65	727.98
298.7	728.13
298.75	728.27
298.8	728.42
298.85	728.57
298.9	728.72
298.95	728.87
299	729.02
299.05	729.17
299.1	729.32
299.15	729.47
299.2	729.62
299.25	729.76
299.3	729.91
299.35	730.06
299.4	730.21
299.45	730.36
299.5	730.51
299.55	730.66
299.6	730.81
299.65	730.96
299.7	731.1
299.75	731.25
299.8	731.4
299.85	731.55
299.9	731.7
299.95	731.85
300	732
300.05	732.15
300.1	732.3
300.15	732.45
300.2	732.59
300.25	732.74
300.3	732.89
300.35	733.04
300.4	733.19
300.45	733.34
300.5	733.49
300.55	733.64
300.6	733.79
300.65	733.93
300.7	734.08
300.75	734.23
300.8	734.38
300.85	734.53
300.9	734.68
300.95	734.83
301	734.98
301.05	735.13
301.1	735.28
301.15	735.42
301.2	735.57
301.25	735.72
301.3	735.87
301.35	736.02
301.4	736.17
301.45	736.32
301.5	736.47
301.55	736.62
301.6	736.76
301.65	736.91
301.7	737.06
301.75	737.21
301.8	737.36
301.85	737.51
301.9	737.66
301.95	737.81
302	737.96
302.05	738.11
302.1	738.25
302.15	738.4
302.2	738.55
302.25	738.7
302.3	738.85
302.35	739
302.4	739.15
302.45	739.3
302.5	739.45
302.55	739.59
302.6	739.74
302.65	739.89
302.7	740.04
302.75	740.19
302.8	740.34
302.85	740.49
302.9	740.64
302.95	740.79
303	740.94
303.05	741.08
303.1	741.23
303.15	741.38
303.2	741.53
303.25	741.68
303.3	741.83
303.35	741.98
303.4	742.13
303.45	742.28
303.5	742.42
303.55	742.57
303.6	742.72
303.65	742.87
303.7	743.02
303.75	743.17
303.8	743.32
303.85	743.47
303.9	743.62
303.95	743.77
304	743.91
304.05	744.06
304.1	744.21
304.15	744.36
304.2	744.51
304.25	744.66
304.3	744.81
304.35	744.96
304.4	745.11
304.45	745.25
304.5	745.4
304.55	745.55
304.6	745.7
304.65	745.85
304.7	746
304.75	746.15
304.8	746.3
304.85	746.45
304.9	746.6
304.95	746.74
305	746.89
305.05	747.04
305.1	747.19
305.15	747.34
305.2	747.49
305.25	747.64
305.3	747.79
305.35	747.94
305.4	748.08
305.45	748.23
305.5	748.38
305.55	748.53
305.6	748.68
305.65	748.83
305.7	748.98
305.75	749.13
305.8	749.28
305.85	749.43
305.9	749.57
305.95	749.72
306	749.87
306.05	750.02
306.1	750.17
306.15	750.32
306.2	750.47
306.25	750.62
306.3	750.77
306.35	750.91
306.4	751.06
306.45	751.21
306.5	751.36
306.55	751.51
306.6	751.66
306.65	751.81
306.7	751.96
306.75	752.11
306.8	752.26
306.85	752.4
306.9	752.55
306.95	752.7
307	752.85
307.05	753
307.1	753.15
307.15	753.3
307.2	753.45
307.25	753.6
307.3	753.75
307.35	753.89
307.4	754.04
307.45	754.19
307.5	754.34
307.55	754.49
307.6	754.64
307.65	754.79
307.7	754.94
307.75	755.09
307.8	755.23
307.85	755.38
307.9	755.53
307.95	755.68
308	755.83
308.05	755.98
308.1	756.13
308.15	756.28
308.2	756.43
308.25	756.58
308.3	756.72
308.35	756.87
308.4	757.02
308.45	757.17
308.5	757.32
308.55	757.47
308.6	757.62
308.65	757.77
308.7	757.92
308.75	758.06
308.8	758.21
308.85	758.36
308.9	758.51
308.95	758.66
309	758.81
309.05	758.96
309.1	759.11
309.15	759.26
309.2	759.41
309.25	759.55
309.3	759.7
309.35	759.85
309.4	760
309.45	760.15
309.5	760.3
309.55	760.45
309.6	760.6
309.65	760.75
309.7	760.89
309.75	761.04
309.8	761.19
309.85	761.34
309.9	761.49
309.95	761.64
310	761.79
310.05	761.94
310.1	762.09
310.15	762.24
310.2	762.38
310.25	762.53
310.3	762.68
310.35	762.83
310.4	762.98
310.45	763.13
310.5	763.28
310.55	763.43
310.6	763.58
310.65	763.73
310.7	763.87
310.75	764.02
310.8	764.17
310.85	764.32
310.9	764.47
310.95	764.62
311	764.77
311.05	764.92
311.1	765.07
311.15	765.21
311.2	765.36
311.25	765.51
311.3	765.66
311.35	765.81
311.4	765.96
311.45	766.11
311.5	766.26
311.55	766.41
311.6	766.56
311.65	766.7
311.7	766.85
311.75	767
311.8	767.15
311.85	767.3
311.9	767.45
311.95	767.6
312	767.75
312.05	767.9
312.1	768.04
312.15	768.19
312.2	768.34
312.25	768.49
312.3	768.64
312.35	768.79
312.4	768.94
312.45	769.09
312.5	769.24
312.55	769.39
312.6	769.53
312.65	769.68
312.7	769.83
312.75	769.98
312.8	770.13
312.85	770.28
312.9	770.43
312.95	770.58
313	770.73
313.05	770.88
313.1	771.02
313.15	771.17
313.2	771.32
313.25	771.47
313.3	771.62
313.35	771.77
313.4	771.92
313.45	772.07
313.5	772.22
313.55	772.36
313.6	772.51
313.65	772.66
313.7	772.81
313.75	772.96
313.8	773.11
313.85	773.26
313.9	773.41
313.95	773.56
314	773.71
314.05	773.85
314.1	774
314.15	774.15
314.2	774.3
314.25	774.45
314.3	774.6
314.35	774.75
314.4	774.9
314.45	775.05
314.5	775.19
314.55	775.34
314.6	775.49
314.65	775.64
314.7	775.79
314.75	775.94
314.8	776.09
314.85	776.24
314.9	776.39
314.95	776.54
315	776.68
315.05	776.83
315.1	776.98
315.15	777.13
315.2	777.28
315.25	777.43
315.3	777.58
315.35	777.73
315.4	777.88
315.45	778.03
315.5	778.17
315.55	778.32
315.6	778.47
315.65	778.62
315.7	778.77
315.75	778.92
315.8	779.07
315.85	779.22
315.9	779.37
315.95	779.51
316	779.66
316.05	779.81
316.1	779.96
316.15	780.11
316.2	780.26
316.25	780.41
316.3	780.56
316.35	780.71
316.4	780.86
316.45	781
316.5	781.15
316.55	781.3
316.6	781.45
316.65	781.6
316.7	781.75
316.75	781.9
316.8	782.05
316.85	782.2
316.9	782.34
316.95	782.49
317	782.64
317.05	782.79
317.1	782.94
317.15	783.09
317.2	783.24
317.25	783.39
317.3	783.54
317.35	783.69
317.4	783.83
317.45	783.98
317.5	784.13
317.55	784.28
317.6	784.43
317.65	784.58
317.7	784.73
317.75	784.88
317.8	785.03
317.85	785.18
317.9	785.32
317.95	785.47
318	785.62
318.05	785.77
318.1	785.92
318.15	786.07
318.2	786.22
318.25	786.37
318.3	786.52
318.35	786.66
318.4	786.81
318.45	786.96
318.5	787.11
318.55	787.26
318.6	787.41
318.65	787.56
318.7	787.71
318.75	787.86
318.8	788.01
318.85	788.15
318.9	788.3
318.95	788.45
319	788.6
319.05	788.75
319.1	788.9
319.15	789.05
319.2	789.2
319.25	789.35
319.3	789.5
319.35	789.64
319.4	789.79
319.45	789.94
319.5	790.09
319.55	790.24
319.6	790.39
319.65	790.54
319.7	790.69
319.75	790.84
319.8	790.98
319.85	791.13
319.9	791.28
319.95	791.43
320	791.58
320.05	791.73
320.1	791.88
320.15	792.03
320.2	792.18
320.25	792.33
320.3	792.47
320.35	792.62
320.4	792.77
320.45	792.92
320.5	793.07
320.55	793.22
320.6	793.37
320.65	793.52
320.7	793.67
320.75	793.82
320.8	793.96
320.85	794.11
320.9	794.26
320.95	794.41
321	794.56
321.05	794.71
321.1	794.86
321.15	795.01
321.2	795.16
321.25	795.3
321.3	795.45
321.35	795.6
321.4	795.75
321.45	795.9
321.5	796.05
321.55	796.2
321.6	796.35
321.65	796.5
321.7	796.65
321.75	796.79
321.8	796.94
321.85	797.09
321.9	797.24
321.95	797.39
322	797.54
322.05	797.69
322.1	797.84
322.15	797.99
322.2	798.14
322.25	798.28
322.3	798.43
322.35	798.58
322.4	798.73
322.45	798.88
322.5	799.03
322.55	799.18
322.6	799.33
322.65	799.48
322.7	799.62
322.75	799.77
322.8	799.92
322.85	800.07
322.9	800.22
322.95	800.37
323	800.52
323.05	800.67
323.1	800.82
323.15	800.97
323.2	801.11
323.25	801.26
323.3	801.41
323.35	801.56
323.4	801.71
323.45	801.86
323.5	802.01
323.55	802.16
323.6	802.31
323.65	802.46
323.7	802.6
323.75	802.75
323.8	802.9
323.85	803.05
323.9	803.2
323.95	803.35
324	803.5
324.05	803.65
324.1	803.8
324.15	803.94
324.2	804.09
324.25	804.24
324.3	804.39
324.35	804.54
324.4	804.69
324.45	804.84
324.5	804.99
324.55	805.14
324.6	805.29
324.65	805.43
324.7	805.58
324.75	805.73
324.8	805.88
324.85	806.03
324.9	806.18
324.95	806.33
325	806.48
325.05	806.63
325.1	806.78
325.15	806.92
325.2	807.07
325.25	807.22
325.3	807.37
325.35	807.52
325.4	807.67
325.45	807.82
325.5	807.97
325.55	808.12
325.6	808.26
325.65	808.41
325.7	808.56
325.75	808.71
325.8	808.86
325.85	809.01
325.9	809.16
325.95	809.31
326	809.46
326.05	809.61
326.1	809.75
326.15	809.9
326.2	810.05
326.25	810.2
326.3	810.35
326.35	810.5
326.4	810.65
326.45	810.8
326.5	810.95
326.55	811.1
326.6	811.24
326.65	811.39
326.7	811.54
326.75	811.69
326.8	811.84
326.85	811.99
326.9	812.14
326.95	812.29
327	812.44
327.05	812.58
327.1	812.73
327.15	812.88
327.2	813.03
327.25	813.18
327.3	813.33
327.35	813.48
327.4	813.63
327.45	813.78
327.5	813.93
327.55	814.07
327.6	814.22
327.65	814.37
327.7	814.52
327.75	814.67
327.8	814.82
327.85	814.97
327.9	815.12
327.95	815.27
328	815.42
328.05	815.56
328.1	815.71
328.15	815.86
328.2	816.01
328.25	816.16
328.3	816.31
328.35	816.46
328.4	816.61
328.45	816.76
328.5	816.9
328.55	817.05
328.6	817.2
328.65	817.35
328.7	817.5
328.75	817.65
328.8	817.8
328.85	817.95
328.9	818.1
328.95	818.25
329	818.39
329.05	818.54
329.1	818.69
329.15	818.84
329.2	818.99
329.25	819.14
329.3	819.29
329.35	819.44
329.4	819.59
329.45	819.74
329.5	819.88
329.55	820.03
329.6	820.18
329.65	820.33
329.7	820.48
329.75	820.63
329.8	820.78
329.85	820.93
329.9	821.08
329.95	821.22
330	821.37
330.05	821.52
330.1	821.67
330.15	821.82
330.2	821.97
330.25	822.12
330.3	822.27
330.35	822.42
330.4	822.57
330.45	822.71
330.5	822.86
330.55	823.01
330.6	823.16
330.65	823.31
330.7	823.46
330.75	823.61
330.8	823.76
330.85	823.91
330.9	824.06
330.95	824.2
331	824.35
331.05	824.5
331.1	824.65
331.15	824.8
331.2	824.95
331.25	825.1
331.3	825.25
331.35	825.4
331.4	825.55
331.45	825.69
331.5	825.84
331.55	825.99
331.6	826.14
331.65	826.29
331.7	826.44
331.75	826.59
331.8	826.74
331.85	826.89
331.9	827.03
331.95	827.18
332	827.33
332.05	827.48
332.1	827.63
332.15	827.78
332.2	827.93
332.25	828.08
332.3	828.23
332.35	828.38
332.4	828.52
332.45	828.67
332.5	828.82
332.55	828.97
332.6	829.12
332.65	829.27
332.7	829.42
332.75	829.57
332.8	829.72
332.85	829.87
332.9	830.01
332.95	830.16
333	830.31
333.05	830.46
333.1	830.61
333.15	830.76
333.2	830.91
333.25	831.06
333.3	831.21
333.35	831.35
333.4	831.5
333.45	831.65
333.5	831.8
333.55	831.95
333.6	832.1
333.65	832.25
333.7	832.4
333.75	832.55
333.8	832.7
333.85	832.84
333.9	832.99
333.95	833.14
334	833.29
334.05	833.44
334.1	833.59
334.15	833.74
334.2	833.89
334.25	834.04
334.3	834.19
334.35	834.33
334.4	834.48
334.45	834.63
334.5	834.78
334.55	834.93
334.6	835.08
334.65	835.23
334.7	835.38
334.75	835.53
334.8	835.68
334.85	835.82
334.9	835.97
334.95	836.12
335	836.27
335.05	836.42
335.1	836.57
335.15	836.72
335.2	836.87
335.25	837.02
335.3	837.16
335.35	837.31
335.4	837.46
335.45	837.61
335.5	837.76
335.55	837.91
335.6	838.06
335.65	838.21
335.7	838.36
335.75	838.51
335.8	838.65
335.85	838.8
335.9	838.95
335.95	839.1
336	839.25
336.05	839.4
336.1	839.55
336.15	839.7
336.2	839.85
336.25	840
336.3	840.14
336.35	840.29
336.4	840.44
336.45	840.59
336.5	840.74
336.55	840.89
336.6	841.04
336.65	841.19
336.7	841.34
336.75	841.49
336.8	841.63
336.85	841.78
336.9	841.93
336.95	842.08
337	842.23
337.05	842.38
337.1	842.53
337.15	842.68
337.2	842.83
337.25	842.97
337.3	843.12
337.35	843.27
337.4	843.42
337.45	843.57
337.5	843.72
337.55	843.87
337.6	844.02
337.65	844.17
337.7	844.32
337.75	844.46
337.8	844.61
337.85	844.76
337.9	844.91
337.95	845.06
338	845.21
338.05	845.36
338.1	845.51
338.15	845.66
338.2	845.81
338.25	845.95
338.3	846.1
338.35	846.25
338.4	846.4
338.45	846.55
338.5	846.7
338.55	846.85
338.6	847
338.65	847.15
338.7	847.3
338.75	847.44
338.8	847.59
338.85	847.74
338.9	847.89
338.95	848.04
339	848.19
339.05	848.34
339.1	848.49
339.15	848.64
339.2	848.78
339.25	848.93
339.3	849.08
339.35	849.23
339.4	849.38
339.45	849.53
339.5	849.68
339.55	849.83
339.6	849.98
339.65	850.13
339.7	850.27
339.75	850.42
339.8	850.57
339.85	850.72
339.9	850.87
339.95	851.02
340	851.17
340.05	851.32
340.1	851.47
340.15	851.62
340.2	851.76
340.25	851.91
340.3	852.06
340.35	852.21
340.4	852.36
340.45	852.51
340.5	852.66
340.55	852.81
340.6	852.96
340.65	853.11
340.7	853.25
340.75	853.4
340.8	853.55
340.85	853.7
340.9	853.85
340.95	854
341	854.15
341.05	854.3
341.1	854.45
341.15	854.59
341.2	854.74
341.25	854.89
341.3	855.04
341.35	855.19
341.4	855.34
341.45	855.49
341.5	855.64
341.55	855.79
341.6	855.94
341.65	856.08
341.7	856.23
341.75	856.38
341.8	856.53
341.85	856.68
341.9	856.83
341.95	856.98
342	857.13
342.05	857.28
342.1	857.43
342.15	857.57
342.2	857.72
342.25	857.87
342.3	858.02
342.35	858.17
342.4	858.32
342.45	858.47
342.5	858.62
342.55	858.77
342.6	858.92
342.65	859.06
342.7	859.21
342.75	859.36
342.8	859.51
342.85	859.66
342.9	859.81
342.95	859.96
343	860.11
343.05	860.26
343.1	860.4
343.15	860.55
343.2	860.7
343.25	860.85
343.3	861
343.35	861.15
343.4	861.3
343.45	861.45
343.5	861.6
343.55	861.75
343.6	861.89
343.65	862.04
343.7	862.19
343.75	862.34
343.8	862.49
343.85	862.64
343.9	862.79
343.95	862.94
344	863.09
344.05	863.24
344.1	863.38
344.15	863.53
344.2	863.68
344.25	863.83
344.3	863.98
344.35	864.13
344.4	864.28
344.45	864.43
344.5	864.58
344.55	864.73
344.6	864.87
344.65	865.02
344.7	865.17
344.75	865.32
344.8	865.47
344.85	865.62
344.9	865.77
344.95	865.92
345	866.07
345.05	866.22
345.1	866.36
345.15	866.51
345.2	866.66
345.25	866.81
345.3	866.96
345.35	867.11
345.4	867.26
345.45	867.41
345.5	867.56
345.55	867.7
345.6	867.85
345.65	868
345.7	868.15
345.75	868.3
345.8	868.45
345.85	868.6
345.9	868.75
345.95	868.9
346	869.05
346.05	869.19
346.1	869.34
346.15	869.49
346.2	869.64
346.25	869.79
346.3	869.94
346.35	870.09
346.4	870.24
346.45	870.39
346.5	870.54
346.55	870.68
346.6	870.83
346.65	870.98
346.7	871.13
346.75	871.28
346.8	871.43
346.85	871.58
346.9	871.73
346.95	871.88
347	872.03
347.05	872.17
347.1	872.32
347.15	872.47
347.2	872.62
347.25	872.77
347.3	872.92
347.35	873.07
347.4	873.22
347.45	873.37
347.5	873.52
347.55	873.66
347.6	873.81
347.65	873.96
347.7	874.11
347.75	874.26
347.8	874.41
347.85	874.56
347.9	874.71
347.95	874.86
348	875
348.05	875.15
348.1	875.3
348.15	875.45
348.2	875.6
348.25	875.75
348.3	875.9
348.35	876.05
348.4	876.2
348.45	876.35
348.5	876.49
348.55	876.64
348.6	876.79
348.65	876.94
348.7	877.09
348.75	877.24
348.8	877.39
348.85	877.54
348.9	877.69
348.95	877.84
349	877.98
349.05	878.13
349.1	878.28
349.15	878.43
349.2	878.58
349.25	878.73
349.3	878.88
349.35	879.03
349.4	879.18
349.45	879.33
349.5	879.47
349.55	879.62
349.6	879.77
349.65	879.92
349.7	880.07
349.75	880.22
349.8	880.37
349.85	880.52
349.9	880.67
349.95	880.82
350	880.96
350.05	881.11
350.1	881.26
350.15	881.41
350.2	881.56
350.25	881.71
350.3	881.86
350.35	882.01
350.4	882.16
350.45	882.3
350.5	882.45
350.55	882.6
350.6	882.75
350.65	882.9
350.7	883.05
350.75	883.2
350.8	883.35
350.85	883.5
350.9	883.65
350.95	883.79
351	883.94
351.05	884.09
351.1	884.24
351.15	884.39
351.2	884.54
351.25	884.69
351.3	884.84
351.35	884.99
351.4	885.14
351.45	885.28
351.5	885.43
351.55	885.58
351.6	885.73
351.65	885.88
351.7	886.03
351.75	886.18
351.8	886.33
351.85	886.48
351.9	886.63
351.95	886.77
352	886.92
352.05	887.07
352.1	887.22
352.15	887.37
352.2	887.52
352.25	887.67
352.3	887.82
352.35	887.97
352.4	888.12
352.45	888.26
352.5	888.41
352.55	888.56
352.6	888.71
352.65	888.86
352.7	889.01
352.75	889.16
352.8	889.31
352.85	889.46
352.9	889.6
352.95	889.75
353	889.9
353.05	890.05
353.1	890.2
353.15	890.35
353.2	890.5
353.25	890.65
353.3	890.8
353.35	890.95
353.4	891.09
353.45	891.24
353.5	891.39
353.55	891.54
353.6	891.69
353.65	891.84
353.7	891.99
353.75	892.14
353.8	892.29
353.85	892.44
353.9	892.58
353.95	892.73
354	892.88
354.05	893.03
354.1	893.18
354.15	893.33
354.2	893.48
354.25	893.63
354.3	893.78
354.35	893.93
354.4	894.07
354.45	894.22
354.5	894.37
354.55	894.52
354.6	894.67
354.65	894.82
354.7	894.97
354.75	895.12
354.8	895.27
354.85	895.42
354.9	895.56
354.95	895.71
355	895.86
355.05	896.01
355.1	896.16
355.15	896.31
355.2	896.46
355.25	896.61
355.3	896.76
355.35	896.91
355.4	897.05
355.45	897.2
355.5	897.35
355.55	897.5
355.6	897.65
355.65	897.8
355.7	897.95
355.75	898.1
355.8	898.25
355.85	898.39
355.9	898.54
355.95	898.69
356	898.84
356.05	898.99
356.1	899.14
356.15	899.29
356.2	899.44
356.25	899.59
356.3	899.74
356.35	899.88
356.4	900.03
356.45	900.18
356.5	900.33
356.55	900.48
356.6	900.63
356.65	900.78
356.7	900.93
356.75	901.08
356.8	901.23
356.85	901.37
356.9	901.52
356.95	901.67
357	901.82
357.05	901.97
357.1	902.12
357.15	902.27
357.2	902.42
357.25	902.57
357.3	902.72
357.35	902.86
357.4	903.01
357.45	903.16
357.5	903.31
357.55	903.46
357.6	903.61
357.65	903.76
357.7	903.91
357.75	904.06
357.8	904.21
357.85	904.35
357.9	904.5
357.95	904.65
358	904.8
358.05	904.95
358.1	905.1
358.15	905.25
358.2	905.4
358.25	905.55
358.3	905.7
358.35	905.84
358.4	905.99
358.45	906.14
358.5	906.29
358.55	906.44
358.6	906.59
358.65	906.74
358.7	906.89
358.75	907.04
358.8	907.18
358.85	907.33
358.9	907.48
358.95	907.63
359	907.78
359.05	907.93
359.1	908.08
359.15	908.23
359.2	908.38
359.25	908.53
359.3	908.67
359.35	908.82
359.4	908.97
359.45	909.12
359.5	909.27
359.55	909.42
359.6	909.57
359.65	909.72
359.7	909.87
359.75	910.02
359.8	910.16
359.85	910.31
359.9	910.46
359.95	910.61
360	910.76
360.05	910.91
360.1	911.06
360.15	911.21
360.2	911.36
360.25	911.51
360.3	911.65
360.35	911.8
360.4	911.95
360.45	912.1
360.5	912.25
360.55	912.4
360.6	912.55
360.65	912.7
360.7	912.85
360.75	913
360.8	913.14
360.85	913.29
360.9	913.44
360.95	913.59
361	913.74
361.05	913.89
361.1	914.04
361.15	914.19
361.2	914.34
361.25	914.49
361.3	914.63
361.35	914.78
361.4	914.93
361.45	915.08
361.5	915.23
361.55	915.38
361.6	915.53
361.65	915.68
361.7	915.83
361.75	915.97
361.8	916.12
361.85	916.27
361.9	916.42
361.95	916.57
362	916.72
362.05	916.87
362.1	917.02
362.15	917.17
362.2	917.32
362.25	917.46
362.3	917.61
362.35	917.76
362.4	917.91
362.45	918.06
362.5	918.21
362.55	918.36
362.6	918.51
362.65	918.66
362.7	918.81
362.75	918.95
362.8	919.1
362.85	919.25
362.9	919.4
362.95	919.55
363	919.7
363.05	919.85
363.1	920
363.15	920.15
363.2	920.3
363.25	920.44
363.3	920.59
363.35	920.74
363.4	920.89
363.45	921.04
363.5	921.19
363.55	921.34
363.6	921.49
363.65	921.64
363.7	921.79
363.75	921.93
363.8	922.08
363.85	922.23
363.9	922.38
363.95	922.53
364	922.68
364.05	922.83
364.1	922.98
364.15	923.13
364.2	923.28
364.25	923.42
364.3	923.57
364.35	923.72
364.4	923.87
364.45	924.02
364.5	924.17
364.55	924.32
364.6	924.47
364.65	924.62
364.7	924.77
364.75	924.91
364.8	925.06
364.85	925.21
364.9	925.36
364.95	925.51
365	925.66
365.05	925.81
365.1	925.96
365.15	926.11
365.2	926.26
365.25	926.4
365.3	926.55
365.35	926.7
365.4	926.85
365.45	927
365.5	927.15
365.55	927.3
365.6	927.45
365.65	927.6
365.7	927.74
365.75	927.89
365.8	928.04
365.85	928.19
365.9	928.34
365.95	928.49
366	928.64
366.05	928.79
366.1	928.94
366.15	929.09
366.2	929.23
366.25	929.38
366.3	929.53
366.35	929.68
366.4	929.83
366.45	929.98
366.5	930.13
366.55	930.28
366.6	930.43
366.65	930.58
366.7	930.72
366.75	930.87
366.8	931.02
366.85	931.17
366.9	931.32
366.95	931.47
367	931.62
367.05	931.77
367.1	931.92
367.15	932.07
367.2	932.21
367.25	932.36
367.3	932.51
367.35	932.66
367.4	932.81
367.45	932.96
367.5	933.11
367.55	933.26
367.6	933.41
367.65	933.56
367.7	933.7
367.75	933.85
367.8	934
367.85	934.15
367.9	934.3
367.95	934.45
368	934.6
368.05	934.75
368.1	934.9
368.15	935.05
368.2	935.19
368.25	935.34
368.3	935.49
368.35	935.64
368.4	935.79
368.45	935.94
368.5	936.09
368.55	936.24
368.6	936.39
368.65	936.54
368.7	936.68
368.75	936.83
368.8	936.98
368.85	937.13
368.9	937.28
368.95	937.43
369	937.58
369.05	937.73
369.1	937.88
369.15	938.03
369.2	938.17
369.25	938.32
369.3	938.47
369.35	938.62
369.4	938.77
369.45	938.92
369.5	939.07
369.55	939.22
369.6	939.37
369.65	939.51
369.7	939.66
369.75	939.81
369.8	939.96
369.85	940.11
369.9	940.26
369.95	940.41
370	940.56
370.05	940.71
370.1	940.86
370.15	941
370.2	941.15
370.25	941.3
370.3	941.45
370.35	941.6
370.4	941.75
370.45	941.9
370.5	942.05
370.55	942.2
370.6	942.35
370.65	942.49
370.7	942.64
370.75	942.79
370.8	942.94
370.85	943.09
370.9	943.24
370.95	943.39
371	943.54
371.05	943.69
371.1	943.84
371.15	943.98
371.2	944.13
371.25	944.28
371.3	944.43
371.35	944.58
371.4	944.73
371.45	944.88
371.5	945.03
371.55	945.18
371.6	945.33
371.65	945.47
371.7	945.62
371.75	945.77
371.8	945.92
371.85	946.07
371.9	946.22
371.95	946.37
372	946.52
372.05	946.67
372.1	946.82
372.15	946.96
372.2	947.11
372.25	947.26
372.3	947.41
372.35	947.56
372.4	947.71
372.45	947.86
372.5	948.01
372.55	948.16
372.6	948.31
372.65	948.45
372.7	948.6
372.75	948.75
372.8	948.9
372.85	949.05
372.9	949.2
372.95	949.35
373	949.5
373.05	949.65
373.1	949.8
373.15	949.94
373.2	950.09
373.25	950.24
373.3	950.39
373.35	950.54
373.4	950.69
373.45	950.84
373.5	950.99
373.55	951.14
373.6	951.29
373.65	951.43
373.7	951.58
373.75	951.73
373.8	951.88
373.85	952.03
373.9	952.18
373.95	952.33
374	952.48
374.05	952.63
374.1	952.77
374.15	952.92
374.2	953.07
374.25	953.22
374.3	953.37
374.35	953.52
374.4	953.67
374.45	953.82
374.5	953.97
374.55	954.12
374.6	954.26
374.65	954.41
374.7	954.56
374.75	954.71
374.8	954.86
374.85	955.01
374.9	955.16
374.95	955.31
375	955.46
375.05	955.61
375.1	955.75
375.15	955.9
375.2	956.05
375.25	956.2
375.3	956.35
375.35	956.5
375.4	956.65
375.45	956.8
375.5	956.95
375.55	957.1
375.6	957.24
375.65	957.39
375.7	957.54
375.75	957.69
375.8	957.84
375.85	957.99
375.9	958.14
375.95	958.29
376	958.44
376.05	958.59
376.1	958.73
376.15	958.88
376.2	959.03
376.25	959.18
376.3	959.33
376.35	959.48
376.4	959.63
376.45	959.78
376.5	959.93
376.55	960.08
376.6	960.22
376.65	960.37
376.7	960.52
376.75	960.67
376.8	960.82
376.85	960.97
376.9	961.12
376.95	961.27
377	961.42
377.05	961.57
377.1	961.71
377.15	961.86
377.2	962.01
377.25	962.16
377.3	962.31
377.35	962.46
377.4	962.61
377.45	962.76
377.5	962.91
377.55	963.06
377.6	963.2
377.65	963.35
377.7	963.5
377.75	963.65
377.8	963.8
377.85	963.95
377.9	964.1
377.95	964.25
378	964.4
378.05	964.55
378.1	964.69
378.15	964.84
378.2	964.99
378.25	965.14
378.3	965.29
378.35	965.44
378.4	965.59
378.45	965.74
378.5	965.89
378.55	966.04
378.6	966.18
378.65	966.33
378.7	966.48
378.75	966.63
378.8	966.78
378.85	966.93
378.9	967.08
378.95	967.23
379	967.38
379.05	967.53
379.1	967.67
379.15	967.82
379.2	967.97
379.25	968.12
379.3	968.27
379.35	968.42
379.4	968.57
379.45	968.72
379.5	968.87
379.55	969.02
379.6	969.16
379.65	969.31
379.7	969.46
379.75	969.61
379.8	969.76
379.85	969.91
379.9	970.06
379.95	970.21
