%H field first colomn	Temp row	Ds array	Corrected for demagnetization using the Anaroni demagnetization factor	 NaN means no data
0.0000		127.73			177.66			212.56			227.43			237.33			247.10			256.87			262.30			263.35			264.37			265.37			266.35			267.31			268.29			269.28			270.28			271.29			272.31			273.29			274.26			275.27			276.27			277.25			278.23			279.25			280.23			281.16			282.14			283.14			284.14			285.14			286.12			287.14			288.12			289.07			290.05			291.03			292.02			293.00			293.96			294.93			295.91			296.88			297.86			298.84			299.82			300.80			302.28			304.23			306.18			308.11			310.03			311.94			313.86			315.80			317.75			319.72			
 0.010		  0.0000		  0.0000		  0.0000		  0.0000		  0.0000		  0.0000		  0.0000		  0.0000		  0.0000		  0.0000		  0.0000		  0.0000		  0.0000		  0.0000		  0.0000		  0.0000		  0.0000		  0.0000		  0.0000		  0.0000		  0.0000		  0.0000		  0.0000		  0.0000		  0.0000		  0.0000		  0.0000		  0.0000		  0.0000		  0.0000		  0.0000		  0.0000		  0.0000		  0.0000		  0.0000		  0.0000		  0.0000		  0.0000		  0.0000		  0.0000		  0.0000		  0.0000		  0.0000		  0.0000		  0.0000		  0.0000		  0.0000		  0.0000		  0.0000		  0.0000		  0.0000		  0.0000		  0.0000		  0.0000		  0.0000		  0.0000		  0.0000		
 0.020		 -0.0000		 -0.0003		 -0.0005		 -0.0007		 -0.0007		  0.0012		 -0.0097		  0.0031		  0.0049		  0.0078		 -0.0043		 -0.0007		 -0.0271		 -0.0124		 -0.0010		 -0.0012		 -0.0216		 -0.0134		 -0.0006		 -0.0070		 -0.0293		 -0.0222		 -0.0170		 -0.0179		 -0.0327		 -0.0259		 -0.0334		 -0.0428		 -0.0463		 -0.0295		 -0.0262		 -0.0379		 -0.0409		 -0.0444		 -0.0342		 -0.0243		 -0.0117		 -0.0072		 -0.0047		 -0.0032		 -0.0020		 -0.0011		 -0.0010		 -0.0012		 -0.0011		 -0.0007		 -0.0005		 -0.0004		 -0.0002		  0.0003		 -0.0000		 -0.0004		 -0.0007		 -0.0001		 -0.0001		 -0.0001		     NaN		
 0.030		  0.0001		 -0.0006		 -0.0013		 -0.0017		 -0.0026		 -0.0008		 -0.0243		  0.0009		 -0.0092		  0.0017		 -0.0116		  0.0007		 -0.0440		 -0.0151		 -0.0106		 -0.0149		 -0.0344		 -0.0289		 -0.0159		 -0.0276		 -0.0667		 -0.0436		 -0.0371		 -0.0451		 -0.0724		 -0.0499		 -0.0709		 -0.1001		 -0.0949		 -0.0691		 -0.0737		 -0.1016		 -0.0841		 -0.0967		 -0.0813		 -0.0585		 -0.0298		 -0.0194		 -0.0126		 -0.0079		 -0.0057		 -0.0039		 -0.0030		 -0.0028		 -0.0024		 -0.0014		 -0.0013		 -0.0010		 -0.0007		 -0.0001		 -0.0006		 -0.0006		 -0.0009		 -0.0003		 -0.0002		 -0.0003		     NaN		
 0.040		  0.0003		 -0.0013		 -0.0026		 -0.0033		 -0.0050		 -0.0082		 -0.0338		 -0.0066		 -0.0297		 -0.0090		 -0.0172		 -0.0037		 -0.0557		 -0.0150		 -0.0217		 -0.0311		 -0.0514		 -0.0490		 -0.0334		 -0.0477		 -0.1034		 -0.0676		 -0.0597		 -0.0738		 -0.1099		 -0.0699		 -0.1115		 -0.1497		 -0.1466		 -0.1191		 -0.1350		 -0.1683		 -0.1424		 -0.1540		 -0.1311		 -0.0949		 -0.0522		 -0.0355		 -0.0233		 -0.0147		 -0.0106		 -0.0077		 -0.0058		 -0.0050		 -0.0041		 -0.0026		 -0.0024		 -0.0019		 -0.0014		 -0.0006		 -0.0012		 -0.0010		 -0.0012		 -0.0005		 -0.0004		 -0.0004		     NaN		
 0.050		 -0.0001		 -0.0026		 -0.0041		 -0.0052		 -0.0078		 -0.0130		 -0.0375		 -0.0131		 -0.0437		 -0.0185		 -0.0258		 -0.0164		 -0.0654		 -0.0199		 -0.0341		 -0.0473		 -0.0663		 -0.0689		 -0.0529		 -0.0683		 -0.1355		 -0.0916		 -0.0846		 -0.1034		 -0.1431		 -0.0926		 -0.1538		 -0.1971		 -0.1991		 -0.1761		 -0.2012		 -0.2339		 -0.2061		 -0.2123		 -0.1812		 -0.1326		 -0.0789		 -0.0546		 -0.0363		 -0.0237		 -0.0169		 -0.0124		 -0.0093		 -0.0077		 -0.0063		 -0.0044		 -0.0038		 -0.0031		 -0.0022		 -0.0013		 -0.0018		 -0.0014		 -0.0015		 -0.0008		 -0.0006		 -0.0006		     NaN		
 0.060		 -0.0008		 -0.0041		 -0.0056		 -0.0073		 -0.0109		 -0.0167		 -0.0410		 -0.0196		 -0.0525		 -0.0281		 -0.0361		 -0.0292		 -0.0756		 -0.0293		 -0.0461		 -0.0617		 -0.0816		 -0.0867		 -0.0738		 -0.0892		 -0.1635		 -0.1152		 -0.1109		 -0.1330		 -0.1745		 -0.1205		 -0.1971		 -0.2467		 -0.2525		 -0.2361		 -0.2683		 -0.2978		 -0.2686		 -0.2699		 -0.2308		 -0.1713		 -0.1086		 -0.0757		 -0.0511		 -0.0342		 -0.0243		 -0.0179		 -0.0135		 -0.0110		 -0.0090		 -0.0066		 -0.0055		 -0.0045		 -0.0033		 -0.0021		 -0.0023		 -0.0019		 -0.0019		 -0.0012		 -0.0009		 -0.0008		     NaN		
 0.070		 -0.0017		 -0.0057		 -0.0073		 -0.0095		 -0.0139		 -0.0228		 -0.0481		 -0.0287		 -0.0627		 -0.0400		 -0.0459		 -0.0405		 -0.0864		 -0.0399		 -0.0590		 -0.0758		 -0.0972		 -0.1039		 -0.0941		 -0.1094		 -0.1879		 -0.1390		 -0.1373		 -0.1631		 -0.2073		 -0.1539		 -0.2410		 -0.2963		 -0.3064		 -0.2957		 -0.3345		 -0.3610		 -0.3306		 -0.3270		 -0.2803		 -0.2109		 -0.1399		 -0.0982		 -0.0674		 -0.0459		 -0.0329		 -0.0243		 -0.0184		 -0.0149		 -0.0122		 -0.0093		 -0.0075		 -0.0061		 -0.0046		 -0.0031		 -0.0030		 -0.0025		 -0.0024		 -0.0016		 -0.0012		 -0.0011		     NaN		
 0.080		 -0.0026		 -0.0072		 -0.0091		 -0.0117		 -0.0170		 -0.0294		 -0.0563		 -0.0386		 -0.0739		 -0.0525		 -0.0557		 -0.0515		 -0.0978		 -0.0516		 -0.0725		 -0.0909		 -0.1129		 -0.1209		 -0.1129		 -0.1290		 -0.2098		 -0.1632		 -0.1640		 -0.1939		 -0.2418		 -0.1907		 -0.2850		 -0.3456		 -0.3604		 -0.3544		 -0.3989		 -0.4237		 -0.3923		 -0.3837		 -0.3299		 -0.2513		 -0.1723		 -0.1221		 -0.0851		 -0.0588		 -0.0426		 -0.0314		 -0.0240		 -0.0193		 -0.0157		 -0.0122		 -0.0098		 -0.0080		 -0.0061		 -0.0043		 -0.0039		 -0.0032		 -0.0030		 -0.0020		 -0.0016		 -0.0014		     NaN		
 0.090		 -0.0035		 -0.0086		 -0.0110		 -0.0141		 -0.0202		 -0.0360		 -0.0641		 -0.0481		 -0.0848		 -0.0645		 -0.0659		 -0.0625		 -0.1095		 -0.0640		 -0.0863		 -0.1061		 -0.1289		 -0.1377		 -0.1313		 -0.1486		 -0.2313		 -0.1874		 -0.1906		 -0.2245		 -0.2763		 -0.2286		 -0.3289		 -0.3948		 -0.4142		 -0.4131		 -0.4614		 -0.4859		 -0.4537		 -0.4402		 -0.3794		 -0.2924		 -0.2058		 -0.1470		 -0.1041		 -0.0727		 -0.0534		 -0.0392		 -0.0302		 -0.0242		 -0.0196		 -0.0154		 -0.0124		 -0.0101		 -0.0078		 -0.0055		 -0.0049		 -0.0040		 -0.0036		 -0.0025		 -0.0021		 -0.0018		     NaN		
 0.100		 -0.0043		 -0.0101		 -0.0130		 -0.0166		 -0.0235		 -0.0419		 -0.0711		 -0.0566		 -0.0950		 -0.0755		 -0.0763		 -0.0734		 -0.1215		 -0.0763		 -0.1000		 -0.1215		 -0.1453		 -0.1547		 -0.1499		 -0.1683		 -0.2527		 -0.2115		 -0.2174		 -0.2549		 -0.3108		 -0.2668		 -0.3726		 -0.4434		 -0.4680		 -0.4717		 -0.5228		 -0.5478		 -0.5151		 -0.4965		 -0.4288		 -0.3343		 -0.2399		 -0.1729		 -0.1240		 -0.0876		 -0.0650		 -0.0478		 -0.0369		 -0.0297		 -0.0240		 -0.0190		 -0.0153		 -0.0125		 -0.0096		 -0.0070		 -0.0060		 -0.0049		 -0.0043		 -0.0031		 -0.0025		 -0.0022		     NaN		
 0.110		 -0.0053		 -0.0116		 -0.0150		 -0.0190		 -0.0270		 -0.0472		 -0.0777		 -0.0644		 -0.1046		 -0.0859		 -0.0868		 -0.0843		 -0.1336		 -0.0885		 -0.1136		 -0.1370		 -0.1619		 -0.1717		 -0.1686		 -0.1883		 -0.2744		 -0.2354		 -0.2442		 -0.2853		 -0.3454		 -0.3045		 -0.4163		 -0.4918		 -0.5215		 -0.5300		 -0.5837		 -0.6093		 -0.5762		 -0.5525		 -0.4781		 -0.3769		 -0.2744		 -0.1997		 -0.1448		 -0.1035		 -0.0773		 -0.0572		 -0.0443		 -0.0357		 -0.0287		 -0.0229		 -0.0184		 -0.0150		 -0.0116		 -0.0085		 -0.0072		 -0.0058		 -0.0051		 -0.0038		 -0.0031		 -0.0026		     NaN		
 0.120		 -0.0062		 -0.0130		 -0.0170		 -0.0215		 -0.0305		 -0.0522		 -0.0840		 -0.0720		 -0.1139		 -0.0961		 -0.0975		 -0.0952		 -0.1456		 -0.1011		 -0.1271		 -0.1526		 -0.1786		 -0.1888		 -0.1871		 -0.2085		 -0.2962		 -0.2594		 -0.2711		 -0.3159		 -0.3799		 -0.3420		 -0.4600		 -0.5401		 -0.5749		 -0.5879		 -0.6437		 -0.6704		 -0.6368		 -0.6084		 -0.5274		 -0.4201		 -0.3092		 -0.2273		 -0.1665		 -0.1203		 -0.0903		 -0.0674		 -0.0522		 -0.0421		 -0.0338		 -0.0271		 -0.0218		 -0.0178		 -0.0138		 -0.0102		 -0.0086		 -0.0069		 -0.0059		 -0.0045		 -0.0037		 -0.0031		     NaN		
 0.130		 -0.0072		 -0.0145		 -0.0190		 -0.0241		 -0.0341		 -0.0570		 -0.0901		 -0.0795		 -0.1228		 -0.1060		 -0.1083		 -0.1063		 -0.1576		 -0.1139		 -0.1407		 -0.1682		 -0.1950		 -0.2058		 -0.2054		 -0.2290		 -0.3182		 -0.2837		 -0.2982		 -0.3468		 -0.4144		 -0.3795		 -0.5035		 -0.5882		 -0.6279		 -0.6454		 -0.7032		 -0.7312		 -0.6970		 -0.6641		 -0.5766		 -0.4639		 -0.3445		 -0.2555		 -0.1888		 -0.1380		 -0.1039		 -0.0781		 -0.0606		 -0.0490		 -0.0393		 -0.0317		 -0.0255		 -0.0208		 -0.0162		 -0.0121		 -0.0100		 -0.0080		 -0.0069		 -0.0052		 -0.0043		 -0.0036		     NaN		
 0.140		 -0.0081		 -0.0160		 -0.0211		 -0.0266		 -0.0377		 -0.0616		 -0.0959		 -0.0871		 -0.1315		 -0.1157		 -0.1191		 -0.1178		 -0.1695		 -0.1269		 -0.1544		 -0.1838		 -0.2112		 -0.2227		 -0.2237		 -0.2495		 -0.3401		 -0.3082		 -0.3255		 -0.3777		 -0.4488		 -0.4171		 -0.5468		 -0.6362		 -0.6806		 -0.7024		 -0.7623		 -0.7918		 -0.7569		 -0.7195		 -0.6260		 -0.5078		 -0.3801		 -0.2842		 -0.2119		 -0.1563		 -0.1182		 -0.0893		 -0.0697		 -0.0563		 -0.0452		 -0.0366		 -0.0294		 -0.0240		 -0.0187		 -0.0141		 -0.0115		 -0.0093		 -0.0079		 -0.0060		 -0.0050		 -0.0041		     NaN		
 0.150		 -0.0091		 -0.0175		 -0.0231		 -0.0291		 -0.0413		 -0.0662		 -0.1018		 -0.0945		 -0.1402		 -0.1254		 -0.1298		 -0.1292		 -0.1815		 -0.1400		 -0.1682		 -0.1992		 -0.2273		 -0.2397		 -0.2421		 -0.2701		 -0.3621		 -0.3330		 -0.3527		 -0.4087		 -0.4832		 -0.4549		 -0.5898		 -0.6839		 -0.7329		 -0.7588		 -0.8212		 -0.8520		 -0.8166		 -0.7747		 -0.6754		 -0.5518		 -0.4162		 -0.3134		 -0.2357		 -0.1752		 -0.1330		 -0.1011		 -0.0792		 -0.0641		 -0.0515		 -0.0418		 -0.0336		 -0.0274		 -0.0214		 -0.0162		 -0.0132		 -0.0106		 -0.0089		 -0.0069		 -0.0057		 -0.0047		     NaN		
 0.160		 -0.0101		 -0.0190		 -0.0252		 -0.0317		 -0.0450		 -0.0710		 -0.1077		 -0.1020		 -0.1489		 -0.1352		 -0.1404		 -0.1406		 -0.1937		 -0.1530		 -0.1820		 -0.2144		 -0.2435		 -0.2569		 -0.2607		 -0.2906		 -0.3843		 -0.3577		 -0.3796		 -0.4394		 -0.5175		 -0.4926		 -0.6325		 -0.7314		 -0.7849		 -0.8147		 -0.8799		 -0.9119		 -0.8760		 -0.8297		 -0.7250		 -0.5958		 -0.4526		 -0.3429		 -0.2601		 -0.1947		 -0.1483		 -0.1134		 -0.0892		 -0.0722		 -0.0581		 -0.0474		 -0.0381		 -0.0311		 -0.0243		 -0.0185		 -0.0150		 -0.0120		 -0.0101		 -0.0079		 -0.0065		 -0.0054		     NaN		
 0.170		 -0.0112		 -0.0206		 -0.0272		 -0.0343		 -0.0486		 -0.0760		 -0.1138		 -0.1094		 -0.1577		 -0.1451		 -0.1509		 -0.1519		 -0.2060		 -0.1660		 -0.1958		 -0.2293		 -0.2599		 -0.2741		 -0.2793		 -0.3111		 -0.4070		 -0.3823		 -0.4066		 -0.4700		 -0.5519		 -0.5301		 -0.6749		 -0.7786		 -0.8367		 -0.8703		 -0.9382		 -0.9716		 -0.9352		 -0.8845		 -0.7746		 -0.6399		 -0.4894		 -0.3729		 -0.2850		 -0.2148		 -0.1643		 -0.1262		 -0.0996		 -0.0807		 -0.0650		 -0.0532		 -0.0428		 -0.0349		 -0.0273		 -0.0209		 -0.0168		 -0.0135		 -0.0113		 -0.0089		 -0.0073		 -0.0061		     NaN		
 0.180		 -0.0122		 -0.0221		 -0.0293		 -0.0369		 -0.0523		 -0.0811		 -0.1200		 -0.1168		 -0.1667		 -0.1550		 -0.1613		 -0.1632		 -0.2184		 -0.1790		 -0.2096		 -0.2439		 -0.2762		 -0.2914		 -0.2981		 -0.3316		 -0.4300		 -0.4069		 -0.4334		 -0.5005		 -0.5862		 -0.5675		 -0.7170		 -0.8257		 -0.8884		 -0.9256		 -0.9960		 -1.0309		 -0.9941		 -0.9391		 -0.8241		 -0.6842		 -0.5265		 -0.4033		 -0.3102		 -0.2353		 -0.1807		 -0.1395		 -0.1104		 -0.0896		 -0.0723		 -0.0592		 -0.0478		 -0.0390		 -0.0306		 -0.0234		 -0.0188		 -0.0150		 -0.0126		 -0.0099		 -0.0082		 -0.0068		     NaN		
 0.190		 -0.0132		 -0.0237		 -0.0314		 -0.0395		 -0.0559		 -0.0863		 -0.1263		 -0.1243		 -0.1755		 -0.1650		 -0.1716		 -0.1745		 -0.2307		 -0.1919		 -0.2233		 -0.2586		 -0.2924		 -0.3087		 -0.3168		 -0.3522		 -0.4529		 -0.4315		 -0.4603		 -0.5309		 -0.6204		 -0.6047		 -0.7590		 -0.8724		 -0.9399		 -0.9806		 -1.0535		 -1.0899		 -1.0526		 -0.9935		 -0.8735		 -0.7286		 -0.5638		 -0.4340		 -0.3359		 -0.2564		 -0.1977		 -0.1533		 -0.1216		 -0.0988		 -0.0799		 -0.0656		 -0.0530		 -0.0432		 -0.0339		 -0.0261		 -0.0209		 -0.0167		 -0.0139		 -0.0110		 -0.0091		 -0.0076		     NaN		
 0.200		 -0.0142		 -0.0252		 -0.0335		 -0.0421		 -0.0596		 -0.0916		 -0.1325		 -0.1318		 -0.1844		 -0.1748		 -0.1818		 -0.1857		 -0.2429		 -0.2049		 -0.2370		 -0.2732		 -0.3087		 -0.3260		 -0.3354		 -0.3727		 -0.4757		 -0.4561		 -0.4872		 -0.5613		 -0.6545		 -0.6418		 -0.8008		 -0.9189		 -0.9912		 -1.0352		 -1.1107		 -1.1485		 -1.1108		 -1.0477		 -0.9229		 -0.7732		 -0.6014		 -0.4653		 -0.3620		 -0.2779		 -0.2152		 -0.1676		 -0.1332		 -0.1085		 -0.0878		 -0.0722		 -0.0585		 -0.0477		 -0.0375		 -0.0288		 -0.0230		 -0.0184		 -0.0153		 -0.0122		 -0.0101		 -0.0084		     NaN		
 0.210		 -0.0152		 -0.0268		 -0.0356		 -0.0448		 -0.0633		 -0.0969		 -0.1388		 -0.1392		 -0.1932		 -0.1846		 -0.1920		 -0.1968		 -0.2551		 -0.2178		 -0.2508		 -0.2879		 -0.3249		 -0.3431		 -0.3540		 -0.3931		 -0.4985		 -0.4808		 -0.5141		 -0.5916		 -0.6886		 -0.6788		 -0.8424		 -0.9652		 -1.0423		 -1.0895		 -1.1675		 -1.2068		 -1.1687		 -1.1016		 -0.9722		 -0.8177		 -0.6391		 -0.4969		 -0.3885		 -0.2999		 -0.2331		 -0.1823		 -0.1452		 -0.1184		 -0.0961		 -0.0791		 -0.0642		 -0.0523		 -0.0412		 -0.0318		 -0.0253		 -0.0203		 -0.0168		 -0.0134		 -0.0111		 -0.0092		     NaN		
 0.220		 -0.0162		 -0.0283		 -0.0377		 -0.0474		 -0.0670		 -0.1022		 -0.1451		 -0.1467		 -0.2021		 -0.1945		 -0.2023		 -0.2079		 -0.2674		 -0.2308		 -0.2646		 -0.3025		 -0.3410		 -0.3602		 -0.3725		 -0.4135		 -0.5212		 -0.5054		 -0.5410		 -0.6219		 -0.7226		 -0.7157		 -0.8839		 -1.0113		 -1.0932		 -1.1435		 -1.2241		 -1.2647		 -1.2261		 -1.1553		 -1.0215		 -0.8622		 -0.6770		 -0.5290		 -0.4154		 -0.3224		 -0.2514		 -0.1975		 -0.1576		 -0.1287		 -0.1046		 -0.0862		 -0.0701		 -0.0572		 -0.0450		 -0.0348		 -0.0277		 -0.0222		 -0.0184		 -0.0147		 -0.0122		 -0.0101		     NaN		
 0.230		 -0.0173		 -0.0299		 -0.0398		 -0.0501		 -0.0707		 -0.1075		 -0.1514		 -0.1542		 -0.2111		 -0.2044		 -0.2128		 -0.2192		 -0.2797		 -0.2437		 -0.2785		 -0.3170		 -0.3571		 -0.3773		 -0.3909		 -0.4338		 -0.5438		 -0.5299		 -0.5678		 -0.6520		 -0.7564		 -0.7525		 -0.9252		 -1.0573		 -1.1437		 -1.1971		 -1.2803		 -1.3221		 -1.2830		 -1.2089		 -1.0707		 -0.9068		 -0.7152		 -0.5615		 -0.4427		 -0.3452		 -0.2702		 -0.2131		 -0.1703		 -0.1393		 -0.1133		 -0.0936		 -0.0762		 -0.0622		 -0.0490		 -0.0380		 -0.0302		 -0.0242		 -0.0200		 -0.0160		 -0.0133		 -0.0110		     NaN		
 0.240		 -0.0183		 -0.0314		 -0.0420		 -0.0528		 -0.0745		 -0.1127		 -0.1577		 -0.1618		 -0.2201		 -0.2143		 -0.2234		 -0.2305		 -0.2919		 -0.2567		 -0.2923		 -0.3314		 -0.3731		 -0.3943		 -0.4093		 -0.4541		 -0.5664		 -0.5545		 -0.5944		 -0.6822		 -0.7901		 -0.7891		 -0.9664		 -1.1031		 -1.1939		 -1.2503		 -1.3363		 -1.3791		 -1.3398		 -1.2623		 -1.1199		 -0.9514		 -0.7538		 -0.5941		 -0.4702		 -0.3684		 -0.2894		 -0.2290		 -0.1833		 -0.1502		 -0.1224		 -0.1012		 -0.0825		 -0.0674		 -0.0532		 -0.0413		 -0.0328		 -0.0262		 -0.0217		 -0.0174		 -0.0145		 -0.0119		     NaN		
 0.250		 -0.0193		 -0.0330		 -0.0441		 -0.0554		 -0.0782		 -0.1179		 -0.1641		 -0.1695		 -0.2291		 -0.2243		 -0.2341		 -0.2418		 -0.3040		 -0.2697		 -0.3061		 -0.3459		 -0.3889		 -0.4115		 -0.4278		 -0.4743		 -0.5889		 -0.5789		 -0.6210		 -0.7122		 -0.8237		 -0.8255		 -1.0074		 -1.1488		 -1.2438		 -1.3032		 -1.3919		 -1.4357		 -1.3963		 -1.3156		 -1.1692		 -0.9961		 -0.7927		 -0.6270		 -0.4981		 -0.3919		 -0.3089		 -0.2452		 -0.1966		 -0.1614		 -0.1318		 -0.1092		 -0.0890		 -0.0728		 -0.0575		 -0.0447		 -0.0355		 -0.0284		 -0.0235		 -0.0189		 -0.0157		 -0.0129		     NaN		
 0.260		 -0.0204		 -0.0346		 -0.0462		 -0.0581		 -0.0819		 -0.1229		 -0.1703		 -0.1772		 -0.2381		 -0.2343		 -0.2449		 -0.2533		 -0.3161		 -0.2826		 -0.3199		 -0.3603		 -0.4048		 -0.4287		 -0.4462		 -0.4945		 -0.6114		 -0.6033		 -0.6474		 -0.7421		 -0.8571		 -0.8617		 -1.0482		 -1.1942		 -1.2934		 -1.3557		 -1.4472		 -1.4921		 -1.4526		 -1.3687		 -1.2185		 -1.0409		 -0.8317		 -0.6601		 -0.5263		 -0.4158		 -0.3288		 -0.2617		 -0.2102		 -0.1730		 -0.1414		 -0.1173		 -0.0957		 -0.0784		 -0.0620		 -0.0482		 -0.0383		 -0.0306		 -0.0253		 -0.0204		 -0.0169		 -0.0140		     NaN		
 0.270		 -0.0214		 -0.0362		 -0.0483		 -0.0608		 -0.0857		 -0.1278		 -0.1767		 -0.1850		 -0.2471		 -0.2442		 -0.2559		 -0.2647		 -0.3281		 -0.2955		 -0.3336		 -0.3747		 -0.4207		 -0.4458		 -0.4646		 -0.5148		 -0.6338		 -0.6276		 -0.6738		 -0.7720		 -0.8905		 -0.8978		 -1.0890		 -1.2394		 -1.3427		 -1.4077		 -1.5022		 -1.5481		 -1.5086		 -1.4216		 -1.2679		 -1.0858		 -0.8709		 -0.6934		 -0.5547		 -0.4400		 -0.3490		 -0.2785		 -0.2241		 -0.1849		 -0.1513		 -0.1257		 -0.1027		 -0.0842		 -0.0666		 -0.0519		 -0.0411		 -0.0329		 -0.0272		 -0.0219		 -0.0182		 -0.0151		     NaN		
 0.280		 -0.0224		 -0.0378		 -0.0505		 -0.0635		 -0.0895		 -0.1326		 -0.1830		 -0.1927		 -0.2561		 -0.2541		 -0.2668		 -0.2760		 -0.3402		 -0.3084		 -0.3472		 -0.3891		 -0.4367		 -0.4629		 -0.4830		 -0.5350		 -0.6563		 -0.6517		 -0.7000		 -0.8017		 -0.9237		 -0.9336		 -1.1295		 -1.2844		 -1.3917		 -1.4593		 -1.5568		 -1.6038		 -1.5645		 -1.4743		 -1.3174		 -1.1310		 -0.9102		 -0.7269		 -0.5835		 -0.4645		 -0.3694		 -0.2956		 -0.2384		 -0.1970		 -0.1614		 -0.1343		 -0.1098		 -0.0902		 -0.0714		 -0.0557		 -0.0441		 -0.0353		 -0.0292		 -0.0235		 -0.0196		 -0.0162		     NaN		
 0.290		 -0.0235		 -0.0394		 -0.0526		 -0.0663		 -0.0932		 -0.1375		 -0.1894		 -0.2004		 -0.2651		 -0.2640		 -0.2776		 -0.2873		 -0.3523		 -0.3212		 -0.3608		 -0.4035		 -0.4526		 -0.4800		 -0.5013		 -0.5553		 -0.6787		 -0.6757		 -0.7262		 -0.8313		 -0.9568		 -0.9694		 -1.1699		 -1.3291		 -1.4403		 -1.5106		 -1.6111		 -1.6594		 -1.6201		 -1.5269		 -1.3668		 -1.1761		 -0.9495		 -0.7606		 -0.6127		 -0.4892		 -0.3901		 -0.3130		 -0.2529		 -0.2094		 -0.1718		 -0.1432		 -0.1172		 -0.0963		 -0.0763		 -0.0596		 -0.0472		 -0.0378		 -0.0312		 -0.0252		 -0.0210		 -0.0173		     NaN		
 0.300		 -0.0245		 -0.0410		 -0.0547		 -0.0690		 -0.0970		 -0.1424		 -0.1957		 -0.2080		 -0.2740		 -0.2739		 -0.2883		 -0.2986		 -0.3644		 -0.3341		 -0.3743		 -0.4180		 -0.4686		 -0.4970		 -0.5197		 -0.5756		 -0.7010		 -0.6997		 -0.7524		 -0.8609		 -0.9899		 -1.0050		 -1.2101		 -1.3735		 -1.4886		 -1.5617		 -1.6652		 -1.7147		 -1.6756		 -1.5794		 -1.4161		 -1.2213		 -0.9889		 -0.7945		 -0.6421		 -0.5143		 -0.4110		 -0.3307		 -0.2677		 -0.2221		 -0.1824		 -0.1523		 -0.1247		 -0.1026		 -0.0813		 -0.0636		 -0.0504		 -0.0403		 -0.0333		 -0.0269		 -0.0224		 -0.0185		     NaN		
 0.310		 -0.0256		 -0.0426		 -0.0569		 -0.0717		 -0.1008		 -0.1474		 -0.2021		 -0.2157		 -0.2830		 -0.2838		 -0.2989		 -0.3099		 -0.3765		 -0.3469		 -0.3878		 -0.4324		 -0.4846		 -0.5140		 -0.5380		 -0.5958		 -0.7233		 -0.7235		 -0.7784		 -0.8904		 -1.0227		 -1.0405		 -1.2501		 -1.4177		 -1.5365		 -1.6125		 -1.7189		 -1.7698		 -1.7309		 -1.6319		 -1.4652		 -1.2665		 -1.0284		 -0.8287		 -0.6718		 -0.5396		 -0.4322		 -0.3486		 -0.2827		 -0.2350		 -0.1933		 -0.1616		 -0.1324		 -0.1090		 -0.0865		 -0.0677		 -0.0537		 -0.0430		 -0.0355		 -0.0287		 -0.0239		 -0.0198		     NaN		
 0.320		 -0.0266		 -0.0442		 -0.0590		 -0.0745		 -0.1046		 -0.1524		 -0.2084		 -0.2233		 -0.2919		 -0.2936		 -0.3094		 -0.3212		 -0.3885		 -0.3596		 -0.4013		 -0.4469		 -0.5006		 -0.5310		 -0.5562		 -0.6161		 -0.7455		 -0.7473		 -0.8043		 -0.9198		 -1.0555		 -1.0759		 -1.2899		 -1.4615		 -1.5841		 -1.6631		 -1.7724		 -1.8246		 -1.7861		 -1.6842		 -1.5143		 -1.3117		 -1.0680		 -0.8630		 -0.7016		 -0.5652		 -0.4536		 -0.3669		 -0.2980		 -0.2482		 -0.2044		 -0.1711		 -0.1403		 -0.1156		 -0.0919		 -0.0719		 -0.0571		 -0.0457		 -0.0377		 -0.0305		 -0.0254		 -0.0210		     NaN		
 0.330		 -0.0277		 -0.0458		 -0.0612		 -0.0772		 -0.1084		 -0.1574		 -0.2148		 -0.2310		 -0.3009		 -0.3035		 -0.3200		 -0.3325		 -0.4006		 -0.3724		 -0.4148		 -0.4613		 -0.5165		 -0.5479		 -0.5744		 -0.6363		 -0.7676		 -0.7710		 -0.8302		 -0.9491		 -1.0880		 -1.1112		 -1.3295		 -1.5050		 -1.6315		 -1.7133		 -1.8256		 -1.8792		 -1.8411		 -1.7365		 -1.5633		 -1.3569		 -1.1076		 -0.8975		 -0.7316		 -0.5910		 -0.4754		 -0.3854		 -0.3136		 -0.2615		 -0.2157		 -0.1808		 -0.1483		 -0.1223		 -0.0974		 -0.0763		 -0.0605		 -0.0485		 -0.0400		 -0.0324		 -0.0270		 -0.0223		     NaN		
 0.340		 -0.0287		 -0.0474		 -0.0633		 -0.0800		 -0.1122		 -0.1625		 -0.2212		 -0.2386		 -0.3099		 -0.3134		 -0.3306		 -0.3438		 -0.4127		 -0.3851		 -0.4283		 -0.4757		 -0.5323		 -0.5648		 -0.5926		 -0.6564		 -0.7896		 -0.7947		 -0.8559		 -0.9783		 -1.1205		 -1.1464		 -1.3688		 -1.5482		 -1.6786		 -1.7634		 -1.8785		 -1.9336		 -1.8960		 -1.7887		 -1.6122		 -1.4020		 -1.1474		 -0.9321		 -0.7618		 -0.6170		 -0.4973		 -0.4042		 -0.3295		 -0.2751		 -0.2273		 -0.1907		 -0.1566		 -0.1292		 -0.1030		 -0.0808		 -0.0641		 -0.0513		 -0.0423		 -0.0343		 -0.0286		 -0.0236		     NaN		
 0.350		 -0.0298		 -0.0490		 -0.0655		 -0.0828		 -0.1160		 -0.1675		 -0.2275		 -0.2463		 -0.3189		 -0.3233		 -0.3412		 -0.3551		 -0.4248		 -0.3979		 -0.4417		 -0.4901		 -0.5481		 -0.5816		 -0.6107		 -0.6765		 -0.8115		 -0.8184		 -0.8816		 -1.0073		 -1.1527		 -1.1815		 -1.4080		 -1.5911		 -1.7254		 -1.8131		 -1.9311		 -1.9878		 -1.9508		 -1.8408		 -1.6611		 -1.4472		 -1.1872		 -0.9670		 -0.7921		 -0.6432		 -0.5195		 -0.4232		 -0.3456		 -0.2889		 -0.2391		 -0.2007		 -0.1650		 -0.1363		 -0.1088		 -0.0854		 -0.0677		 -0.0543		 -0.0447		 -0.0363		 -0.0303		 -0.0250		     NaN		
 0.360		 -0.0308		 -0.0506		 -0.0676		 -0.0855		 -0.1198		 -0.1726		 -0.2339		 -0.2539		 -0.3279		 -0.3332		 -0.3518		 -0.3663		 -0.4369		 -0.4106		 -0.4552		 -0.5045		 -0.5638		 -0.5984		 -0.6288		 -0.6964		 -0.8333		 -0.8420		 -0.9071		 -1.0363		 -1.1848		 -1.2165		 -1.4469		 -1.6337		 -1.7721		 -1.8627		 -1.9835		 -2.0416		 -2.0053		 -1.8928		 -1.7100		 -1.4925		 -1.2272		 -1.0020		 -0.8225		 -0.6696		 -0.5420		 -0.4425		 -0.3620		 -0.3028		 -0.2510		 -0.2110		 -0.1736		 -0.1435		 -0.1147		 -0.0901		 -0.0715		 -0.0573		 -0.0472		 -0.0383		 -0.0320		 -0.0264		     NaN		
 0.370		 -0.0319		 -0.0522		 -0.0698		 -0.0883		 -0.1236		 -0.1777		 -0.2403		 -0.2616		 -0.3368		 -0.3430		 -0.3624		 -0.3776		 -0.4490		 -0.4234		 -0.4687		 -0.5188		 -0.5795		 -0.6151		 -0.6468		 -0.7163		 -0.8550		 -0.8655		 -0.9326		 -1.0652		 -1.2168		 -1.2513		 -1.4857		 -1.6760		 -1.8184		 -1.9119		 -2.0355		 -2.0952		 -2.0597		 -1.9447		 -1.7588		 -1.5377		 -1.2672		 -1.0371		 -0.8532		 -0.6963		 -0.5646		 -0.4620		 -0.3787		 -0.3170		 -0.2632		 -0.2215		 -0.1823		 -0.1508		 -0.1208		 -0.0949		 -0.0753		 -0.0604		 -0.0497		 -0.0404		 -0.0337		 -0.0279		     NaN		
 0.380		 -0.0330		 -0.0539		 -0.0720		 -0.0911		 -0.1274		 -0.1827		 -0.2467		 -0.2692		 -0.3457		 -0.3529		 -0.3730		 -0.3887		 -0.4611		 -0.4361		 -0.4822		 -0.5330		 -0.5952		 -0.6318		 -0.6648		 -0.7362		 -0.8767		 -0.8890		 -0.9580		 -1.0939		 -1.2487		 -1.2860		 -1.5242		 -1.7181		 -1.8645		 -1.9609		 -2.0873		 -2.1486		 -2.1139		 -1.9965		 -1.8075		 -1.5829		 -1.3074		 -1.0723		 -0.8840		 -0.7232		 -0.5874		 -0.4817		 -0.3956		 -0.3313		 -0.2755		 -0.2322		 -0.1912		 -0.1582		 -0.1269		 -0.0998		 -0.0792		 -0.0635		 -0.0523		 -0.0426		 -0.0355		 -0.0294		     NaN		
 0.390		 -0.0340		 -0.0555		 -0.0741		 -0.0939		 -0.1313		 -0.1878		 -0.2530		 -0.2768		 -0.3545		 -0.3628		 -0.3836		 -0.3999		 -0.4732		 -0.4489		 -0.4956		 -0.5473		 -0.6109		 -0.6485		 -0.6828		 -0.7560		 -0.8984		 -0.9125		 -0.9833		 -1.1226		 -1.2804		 -1.3205		 -1.5626		 -1.7600		 -1.9105		 -2.0097		 -2.1388		 -2.2017		 -2.1679		 -2.0482		 -1.8562		 -1.6282		 -1.3477		 -1.1078		 -0.9150		 -0.7503		 -0.6105		 -0.5016		 -0.4127		 -0.3459		 -0.2880		 -0.2430		 -0.2003		 -0.1658		 -0.1332		 -0.1049		 -0.0832		 -0.0668		 -0.0550		 -0.0448		 -0.0374		 -0.0309		     NaN		
 0.400		 -0.0351		 -0.0571		 -0.0763		 -0.0967		 -0.1351		 -0.1929		 -0.2593		 -0.2845		 -0.3634		 -0.3726		 -0.3942		 -0.4110		 -0.4851		 -0.4616		 -0.5089		 -0.5615		 -0.6265		 -0.6651		 -0.7006		 -0.7758		 -0.9200		 -0.9358		 -1.0086		 -1.1512		 -1.3120		 -1.3548		 -1.6008		 -1.8016		 -1.9562		 -2.0582		 -2.1900		 -2.2546		 -2.2218		 -2.0996		 -1.9048		 -1.6734		 -1.3880		 -1.1433		 -0.9461		 -0.7776		 -0.6338		 -0.5218		 -0.4301		 -0.3608		 -0.3007		 -0.2540		 -0.2095		 -0.1735		 -0.1396		 -0.1100		 -0.0873		 -0.0701		 -0.0577		 -0.0470		 -0.0393		 -0.0325		     NaN		
 0.410		 -0.0362		 -0.0588		 -0.0785		 -0.0995		 -0.1390		 -0.1980		 -0.2656		 -0.2921		 -0.3722		 -0.3824		 -0.4047		 -0.4222		 -0.4971		 -0.4742		 -0.5222		 -0.5757		 -0.6421		 -0.6817		 -0.7184		 -0.7955		 -0.9416		 -0.9591		 -1.0339		 -1.1796		 -1.3434		 -1.3888		 -1.6388		 -1.8429		 -2.0018		 -2.1063		 -2.2410		 -2.3073		 -2.2756		 -2.1508		 -1.9534		 -1.7187		 -1.4285		 -1.1788		 -0.9774		 -0.8052		 -0.6573		 -0.5421		 -0.4476		 -0.3758		 -0.3136		 -0.2652		 -0.2189		 -0.1813		 -0.1461		 -0.1152		 -0.0915		 -0.0735		 -0.0605		 -0.0493		 -0.0412		 -0.0341		     NaN		
 0.420		 -0.0372		 -0.0604		 -0.0806		 -0.1023		 -0.1428		 -0.2031		 -0.2719		 -0.2997		 -0.3811		 -0.3922		 -0.4152		 -0.4334		 -0.5090		 -0.4869		 -0.5355		 -0.5899		 -0.6576		 -0.6983		 -0.7362		 -0.8151		 -0.9631		 -0.9823		 -1.0591		 -1.2079		 -1.3748		 -1.4228		 -1.6766		 -1.8841		 -2.0472		 -2.1542		 -2.2917		 -2.3597		 -2.3292		 -2.2019		 -2.0020		 -1.7641		 -1.4689		 -1.2145		 -1.0090		 -0.8329		 -0.6811		 -0.5627		 -0.4653		 -0.3910		 -0.3267		 -0.2766		 -0.2285		 -0.1893		 -0.1527		 -0.1206		 -0.0958		 -0.0769		 -0.0634		 -0.0517		 -0.0432		 -0.0357		     NaN		
 0.430		 -0.0383		 -0.0620		 -0.0828		 -0.1051		 -0.1466		 -0.2082		 -0.2782		 -0.3074		 -0.3900		 -0.4021		 -0.4256		 -0.4446		 -0.5208		 -0.4994		 -0.5488		 -0.6041		 -0.6730		 -0.7149		 -0.7540		 -0.8346		 -0.9845		 -1.0054		 -1.0842		 -1.2360		 -1.4060		 -1.4565		 -1.7142		 -1.9250		 -2.0924		 -2.2018		 -2.3422		 -2.4120		 -2.3825		 -2.2527		 -2.0505		 -1.8094		 -1.5095		 -1.2503		 -1.0407		 -0.8607		 -0.7050		 -0.5835		 -0.4832		 -0.4065		 -0.3399		 -0.2881		 -0.2382		 -0.1974		 -0.1594		 -0.1260		 -0.1001		 -0.0805		 -0.0663		 -0.0541		 -0.0452		 -0.0374		     NaN		
 0.440		 -0.0394		 -0.0637		 -0.0850		 -0.1079		 -0.1505		 -0.2133		 -0.2846		 -0.3150		 -0.3989		 -0.4119		 -0.4361		 -0.4559		 -0.5326		 -0.5120		 -0.5621		 -0.6182		 -0.6884		 -0.7314		 -0.7717		 -0.8541		 -1.0059		 -1.0284		 -1.1093		 -1.2640		 -1.4371		 -1.4900		 -1.7516		 -1.9658		 -2.1374		 -2.2491		 -2.3924		 -2.4639		 -2.4357		 -2.3034		 -2.0991		 -1.8548		 -1.5501		 -1.2863		 -1.0726		 -0.8888		 -0.7292		 -0.6044		 -0.5013		 -0.4221		 -0.3534		 -0.2997		 -0.2480		 -0.2057		 -0.1662		 -0.1316		 -0.1046		 -0.0841		 -0.0693		 -0.0566		 -0.0473		 -0.0391		     NaN		
 0.450		 -0.0405		 -0.0653		 -0.0872		 -0.1107		 -0.1544		 -0.2184		 -0.2909		 -0.3226		 -0.4078		 -0.4217		 -0.4465		 -0.4671		 -0.5444		 -0.5245		 -0.5754		 -0.6324		 -0.7037		 -0.7479		 -0.7893		 -0.8735		 -1.0273		 -1.0514		 -1.1343		 -1.2918		 -1.4680		 -1.5233		 -1.7889		 -2.0064		 -2.1821		 -2.2962		 -2.4424		 -2.5156		 -2.4886		 -2.3540		 -2.1476		 -1.9002		 -1.5909		 -1.3224		 -1.1047		 -0.9170		 -0.7536		 -0.6256		 -0.5195		 -0.4380		 -0.3670		 -0.3115		 -0.2581		 -0.2141		 -0.1732		 -0.1372		 -0.1091		 -0.0877		 -0.0723		 -0.0591		 -0.0494		 -0.0409		     NaN		
 0.460		 -0.0415		 -0.0670		 -0.0894		 -0.1135		 -0.1582		 -0.2235		 -0.2972		 -0.3302		 -0.4167		 -0.4314		 -0.4569		 -0.4783		 -0.5562		 -0.5370		 -0.5886		 -0.6465		 -0.7189		 -0.7644		 -0.8070		 -0.8928		 -1.0485		 -1.0744		 -1.1591		 -1.3196		 -1.4988		 -1.5565		 -1.8260		 -2.0468		 -2.2265		 -2.3430		 -2.4920		 -2.5670		 -2.5413		 -2.4045		 -2.1961		 -1.9457		 -1.6318		 -1.3586		 -1.1370		 -0.9454		 -0.7782		 -0.6469		 -0.5379		 -0.4540		 -0.3808		 -0.3235		 -0.2682		 -0.2225		 -0.1802		 -0.1430		 -0.1138		 -0.0915		 -0.0754		 -0.0616		 -0.0515		 -0.0427		     NaN		
 0.470		 -0.0426		 -0.0686		 -0.0916		 -0.1164		 -0.1621		 -0.2286		 -0.3036		 -0.3378		 -0.4256		 -0.4412		 -0.4673		 -0.4896		 -0.5680		 -0.5495		 -0.6018		 -0.6607		 -0.7341		 -0.7808		 -0.8245		 -0.9121		 -1.0697		 -1.0973		 -1.1838		 -1.3472		 -1.5294		 -1.5895		 -1.8629		 -2.0870		 -2.2706		 -2.3896		 -2.5413		 -2.6182		 -2.5938		 -2.4550		 -2.2446		 -1.9912		 -1.6729		 -1.3950		 -1.1694		 -0.9739		 -0.8030		 -0.6683		 -0.5565		 -0.4702		 -0.3948		 -0.3357		 -0.2785		 -0.2312		 -0.1874		 -0.1488		 -0.1185		 -0.0953		 -0.0786		 -0.0642		 -0.0537		 -0.0445		     NaN		
 0.480		 -0.0437		 -0.0703		 -0.0938		 -0.1192		 -0.1659		 -0.2337		 -0.3099		 -0.3454		 -0.4345		 -0.4510		 -0.4777		 -0.5008		 -0.5798		 -0.5620		 -0.6150		 -0.6747		 -0.7492		 -0.7972		 -0.8421		 -0.9314		 -1.0909		 -1.1201		 -1.2085		 -1.3747		 -1.5598		 -1.6224		 -1.8996		 -2.1271		 -2.3143		 -2.4360		 -2.5904		 -2.6691		 -2.6462		 -2.5054		 -2.2929		 -2.0368		 -1.7140		 -1.4314		 -1.2019		 -1.0026		 -0.8279		 -0.6899		 -0.5752		 -0.4865		 -0.4089		 -0.3480		 -0.2890		 -0.2399		 -0.1946		 -0.1548		 -0.1232		 -0.0992		 -0.0818		 -0.0669		 -0.0559		 -0.0464		     NaN		
 0.490		 -0.0448		 -0.0719		 -0.0960		 -0.1220		 -0.1698		 -0.2388		 -0.3162		 -0.3530		 -0.4434		 -0.4607		 -0.4881		 -0.5119		 -0.5915		 -0.5745		 -0.6282		 -0.6888		 -0.7642		 -0.8137		 -0.8596		 -0.9506		 -1.1120		 -1.1429		 -1.2329		 -1.4022		 -1.5902		 -1.6551		 -1.9362		 -2.1669		 -2.3577		 -2.4822		 -2.6392		 -2.7197		 -2.6983		 -2.5558		 -2.3411		 -2.0824		 -1.7552		 -1.4680		 -1.2346		 -1.0315		 -0.8530		 -0.7116		 -0.5941		 -0.5030		 -0.4232		 -0.3604		 -0.2996		 -0.2488		 -0.2020		 -0.1608		 -0.1281		 -0.1031		 -0.0851		 -0.0696		 -0.0582		 -0.0482		     NaN		
 0.500		 -0.0459		 -0.0736		 -0.0981		 -0.1249		 -0.1737		 -0.2439		 -0.3226		 -0.3606		 -0.4522		 -0.4705		 -0.4985		 -0.5231		 -0.6033		 -0.5869		 -0.6414		 -0.7028		 -0.7792		 -0.8301		 -0.8770		 -0.9697		 -1.1329		 -1.1656		 -1.2573		 -1.4296		 -1.6205		 -1.6876		 -1.9726		 -2.2065		 -2.4008		 -2.5282		 -2.6878		 -2.7702		 -2.7503		 -2.6061		 -2.3892		 -2.1280		 -1.7965		 -1.5047		 -1.2675		 -1.0605		 -0.8782		 -0.7335		 -0.6131		 -0.5197		 -0.4377		 -0.3730		 -0.3103		 -0.2579		 -0.2095		 -0.1670		 -0.1330		 -0.1072		 -0.0884		 -0.0724		 -0.0605		 -0.0502		     NaN		
 0.510		 -0.0470		 -0.0752		 -0.1003		 -0.1277		 -0.1776		 -0.2489		 -0.3289		 -0.3682		 -0.4611		 -0.4802		 -0.5089		 -0.5342		 -0.6150		 -0.5994		 -0.6545		 -0.7169		 -0.7943		 -0.8465		 -0.8944		 -0.9887		 -1.1538		 -1.1883		 -1.2816		 -1.4569		 -1.6507		 -1.7201		 -2.0088		 -2.2459		 -2.4437		 -2.5739		 -2.7361		 -2.8206		 -2.8022		 -2.6563		 -2.4371		 -2.1737		 -1.8377		 -1.5415		 -1.3005		 -1.0897		 -0.9035		 -0.7556		 -0.6323		 -0.5366		 -0.4523		 -0.3858		 -0.3212		 -0.2670		 -0.2171		 -0.1732		 -0.1381		 -0.1112		 -0.0918		 -0.0752		 -0.0629		 -0.0521		     NaN		
 0.520		 -0.0480		 -0.0769		 -0.1025		 -0.1306		 -0.1814		 -0.2540		 -0.3352		 -0.3758		 -0.4700		 -0.4899		 -0.5192		 -0.5454		 -0.6267		 -0.6117		 -0.6676		 -0.7309		 -0.8093		 -0.8628		 -0.9118		 -1.0077		 -1.1747		 -1.2108		 -1.3057		 -1.4841		 -1.6808		 -1.7524		 -2.0448		 -2.2850		 -2.4862		 -2.6195		 -2.7842		 -2.8707		 -2.8538		 -2.7064		 -2.4850		 -2.2194		 -1.8790		 -1.5784		 -1.3336		 -1.1191		 -0.9290		 -0.7778		 -0.6517		 -0.5536		 -0.4671		 -0.3987		 -0.3322		 -0.2763		 -0.2248		 -0.1796		 -0.1432		 -0.1154		 -0.0953		 -0.0781		 -0.0653		 -0.0542		     NaN		
 0.530		 -0.0491		 -0.0785		 -0.1047		 -0.1334		 -0.1853		 -0.2591		 -0.3415		 -0.3834		 -0.4788		 -0.4996		 -0.5296		 -0.5564		 -0.6384		 -0.6241		 -0.6807		 -0.7448		 -0.8243		 -0.8791		 -0.9291		 -1.0267		 -1.1955		 -1.2332		 -1.3298		 -1.5113		 -1.7108		 -1.7846		 -2.0807		 -2.3240		 -2.5285		 -2.6648		 -2.8320		 -2.9207		 -2.9053		 -2.7564		 -2.5328		 -2.2651		 -1.9202		 -1.6154		 -1.3667		 -1.1485		 -0.9547		 -0.8003		 -0.6712		 -0.5708		 -0.4820		 -0.4117		 -0.3433		 -0.2858		 -0.2326		 -0.1860		 -0.1483		 -0.1196		 -0.0988		 -0.0810		 -0.0677		 -0.0562		     NaN		
 0.540		 -0.0502		 -0.0802		 -0.1069		 -0.1363		 -0.1892		 -0.2641		 -0.3478		 -0.3910		 -0.4876		 -0.5093		 -0.5399		 -0.5675		 -0.6501		 -0.6364		 -0.6938		 -0.7588		 -0.8393		 -0.8954		 -0.9463		 -1.0456		 -1.2162		 -1.2556		 -1.3538		 -1.5384		 -1.7406		 -1.8166		 -2.1164		 -2.3627		 -2.5706		 -2.7099		 -2.8796		 -2.9705		 -2.9566		 -2.8064		 -2.5806		 -2.3108		 -1.9615		 -1.6525		 -1.4000		 -1.1781		 -0.9804		 -0.8228		 -0.6909		 -0.5881		 -0.4970		 -0.4249		 -0.3546		 -0.2953		 -0.2405		 -0.1925		 -0.1536		 -0.1239		 -0.1024		 -0.0839		 -0.0702		 -0.0583		     NaN		
 0.550		 -0.0513		 -0.0819		 -0.1090		 -0.1391		 -0.1931		 -0.2691		 -0.3541		 -0.3986		 -0.4964		 -0.5189		 -0.5503		 -0.5785		 -0.6617		 -0.6487		 -0.7068		 -0.7727		 -0.8542		 -0.9116		 -0.9635		 -1.0644		 -1.2369		 -1.2779		 -1.3777		 -1.5654		 -1.7704		 -1.8485		 -2.1520		 -2.4012		 -2.6124		 -2.7549		 -2.9270		 -3.0201		 -3.0076		 -2.8563		 -2.6284		 -2.3565		 -2.0029		 -1.6898		 -1.4333		 -1.2077		 -1.0063		 -0.8456		 -0.7108		 -0.6056		 -0.5123		 -0.4382		 -0.3660		 -0.3050		 -0.2485		 -0.1991		 -0.1589		 -0.1282		 -0.1060		 -0.0870		 -0.0727		 -0.0604		     NaN		
 0.560		 -0.0524		 -0.0835		 -0.1112		 -0.1420		 -0.1970		 -0.2742		 -0.3603		 -0.4062		 -0.5052		 -0.5285		 -0.5606		 -0.5895		 -0.6733		 -0.6611		 -0.7198		 -0.7866		 -0.8692		 -0.9278		 -0.9806		 -1.0831		 -1.2576		 -1.3001		 -1.4015		 -1.5924		 -1.8000		 -1.8803		 -2.1873		 -2.4396		 -2.6540		 -2.7996		 -2.9742		 -3.0695		 -3.0585		 -2.9061		 -2.6760		 -2.4022		 -2.0443		 -1.7271		 -1.4667		 -1.2375		 -1.0324		 -0.8685		 -0.7309		 -0.6233		 -0.5276		 -0.4517		 -0.3775		 -0.3148		 -0.2566		 -0.2058		 -0.1643		 -0.1327		 -0.1097		 -0.0900		 -0.0753		 -0.0625		     NaN		
 0.570		 -0.0535		 -0.0852		 -0.1134		 -0.1448		 -0.2009		 -0.2792		 -0.3666		 -0.4137		 -0.5139		 -0.5382		 -0.5708		 -0.6004		 -0.6849		 -0.6733		 -0.7327		 -0.8004		 -0.8842		 -0.9440		 -0.9977		 -1.1018		 -1.2782		 -1.3222		 -1.4252		 -1.6192		 -1.8294		 -1.9119		 -2.2225		 -2.4778		 -2.6954		 -2.8442		 -3.0212		 -3.1186		 -3.1092		 -2.9558		 -2.7236		 -2.4478		 -2.0858		 -1.7646		 -1.5002		 -1.2674		 -1.0586		 -0.8915		 -0.7511		 -0.6412		 -0.5432		 -0.4653		 -0.3892		 -0.3247		 -0.2649		 -0.2126		 -0.1697		 -0.1371		 -0.1134		 -0.0931		 -0.0779		 -0.0647		     NaN		
 0.580		 -0.0546		 -0.0868		 -0.1156		 -0.1477		 -0.2048		 -0.2842		 -0.3728		 -0.4213		 -0.5226		 -0.5478		 -0.5811		 -0.6113		 -0.6965		 -0.6856		 -0.7456		 -0.8142		 -0.8991		 -0.9601		 -1.0147		 -1.1205		 -1.2988		 -1.3443		 -1.4489		 -1.6460		 -1.8588		 -1.9433		 -2.2575		 -2.5158		 -2.7367		 -2.8885		 -3.0681		 -3.1675		 -3.1596		 -3.0053		 -2.7712		 -2.4935		 -2.1275		 -1.8021		 -1.5338		 -1.2974		 -1.0849		 -0.9147		 -0.7715		 -0.6591		 -0.5589		 -0.4790		 -0.4009		 -0.3347		 -0.2732		 -0.2195		 -0.1753		 -0.1417		 -0.1172		 -0.0963		 -0.0806		 -0.0669		     NaN		
 0.590		 -0.0557		 -0.0885		 -0.1177		 -0.1506		 -0.2086		 -0.2892		 -0.3791		 -0.4289		 -0.5312		 -0.5573		 -0.5913		 -0.6222		 -0.7080		 -0.6979		 -0.7585		 -0.8279		 -0.9141		 -0.9761		 -1.0317		 -1.1391		 -1.3193		 -1.3663		 -1.4724		 -1.6727		 -1.8880		 -1.9746		 -2.2923		 -2.5537		 -2.7777		 -2.9326		 -3.1148		 -3.2163		 -3.2099		 -3.0547		 -2.8186		 -2.5391		 -2.1692		 -1.8396		 -1.5675		 -1.3276		 -1.1113		 -0.9381		 -0.7921		 -0.6773		 -0.5748		 -0.4929		 -0.4128		 -0.3448		 -0.2816		 -0.2265		 -0.1809		 -0.1463		 -0.1211		 -0.0995		 -0.0833		 -0.0691		     NaN		
 0.600		 -0.0568		 -0.0902		 -0.1199		 -0.1534		 -0.2125		 -0.2942		 -0.3853		 -0.4364		 -0.5399		 -0.5669		 -0.6016		 -0.6330		 -0.7195		 -0.7102		 -0.7713		 -0.8416		 -0.9290		 -0.9921		 -1.0487		 -1.1577		 -1.3397		 -1.3882		 -1.4959		 -1.6993		 -1.9171		 -2.0057		 -2.3269		 -2.5914		 -2.8186		 -2.9764		 -3.1613		 -3.2647		 -3.2601		 -3.1040		 -2.8661		 -2.5847		 -2.2110		 -1.8773		 -1.6013		 -1.3579		 -1.1379		 -0.9616		 -0.8128		 -0.6955		 -0.5908		 -0.5070		 -0.4247		 -0.3550		 -0.2902		 -0.2335		 -0.1866		 -0.1510		 -0.1250		 -0.1027		 -0.0860		 -0.0714		     NaN		
 0.610		 -0.0579		 -0.0918		 -0.1221		 -0.1563		 -0.2164		 -0.2992		 -0.3915		 -0.4440		 -0.5485		 -0.5764		 -0.6118		 -0.6438		 -0.7311		 -0.7224		 -0.7841		 -0.8553		 -0.9440		 -1.0081		 -1.0656		 -1.1762		 -1.3601		 -1.4100		 -1.5193		 -1.7257		 -1.9462		 -2.0367		 -2.3614		 -2.6290		 -2.8592		 -3.0199		 -3.2076		 -3.3130		 -3.3101		 -3.1532		 -2.9135		 -2.6303		 -2.2529		 -1.9150		 -1.6352		 -1.3883		 -1.1646		 -0.9853		 -0.8336		 -0.7140		 -0.6069		 -0.5211		 -0.4368		 -0.3653		 -0.2988		 -0.2406		 -0.1924		 -0.1557		 -0.1290		 -0.1060		 -0.0888		 -0.0737		     NaN		
 0.620		 -0.0590		 -0.0935		 -0.1243		 -0.1592		 -0.2203		 -0.3042		 -0.3977		 -0.4515		 -0.5571		 -0.5860		 -0.6220		 -0.6546		 -0.7426		 -0.7347		 -0.7968		 -0.8689		 -0.9589		 -1.0240		 -1.0825		 -1.1947		 -1.3803		 -1.4317		 -1.5425		 -1.7519		 -1.9751		 -2.0676		 -2.3957		 -2.6664		 -2.8997		 -3.0631		 -3.2537		 -3.3610		 -3.3599		 -3.2022		 -2.9610		 -2.6758		 -2.2948		 -1.9529		 -1.6693		 -1.4190		 -1.1915		 -1.0091		 -0.8545		 -0.7325		 -0.6232		 -0.5354		 -0.4490		 -0.3757		 -0.3076		 -0.2479		 -0.1982		 -0.1605		 -0.1330		 -0.1094		 -0.0916		 -0.0760		     NaN		
 0.630		 -0.0601		 -0.0952		 -0.1265		 -0.1621		 -0.2242		 -0.3091		 -0.4039		 -0.4590		 -0.5657		 -0.5955		 -0.6322		 -0.6653		 -0.7542		 -0.7469		 -0.8096		 -0.8826		 -0.9738		 -1.0398		 -1.0995		 -1.2132		 -1.4005		 -1.4533		 -1.5657		 -1.7780		 -2.0039		 -2.0983		 -2.4300		 -2.7037		 -2.9400		 -3.1061		 -3.2996		 -3.4089		 -3.4096		 -3.2511		 -3.0083		 -2.7213		 -2.3368		 -1.9908		 -1.7035		 -1.4497		 -1.2186		 -1.0331		 -0.8756		 -0.7511		 -0.6396		 -0.5498		 -0.4614		 -0.3862		 -0.3164		 -0.2551		 -0.2042		 -0.1654		 -0.1371		 -0.1128		 -0.0945		 -0.0784		     NaN		
 0.640		 -0.0612		 -0.0968		 -0.1286		 -0.1649		 -0.2281		 -0.3141		 -0.4102		 -0.4666		 -0.5742		 -0.6051		 -0.6425		 -0.6760		 -0.7657		 -0.7591		 -0.8223		 -0.8962		 -0.9886		 -1.0556		 -1.1164		 -1.2316		 -1.4205		 -1.4748		 -1.5888		 -1.8039		 -2.0327		 -2.1289		 -2.4641		 -2.7408		 -2.9801		 -3.1489		 -3.3453		 -3.4565		 -3.4591		 -3.2998		 -3.0557		 -2.7669		 -2.3789		 -2.0288		 -1.7379		 -1.4806		 -1.2459		 -1.0572		 -0.8967		 -0.7699		 -0.6561		 -0.5643		 -0.4738		 -0.3968		 -0.3254		 -0.2625		 -0.2102		 -0.1704		 -0.1412		 -0.1162		 -0.0974		 -0.0808		     NaN		
 0.650		 -0.0623		 -0.0985		 -0.1308		 -0.1678		 -0.2320		 -0.3191		 -0.4165		 -0.4742		 -0.5828		 -0.6147		 -0.6527		 -0.6867		 -0.7772		 -0.7713		 -0.8350		 -0.9098		 -1.0034		 -1.0713		 -1.1334		 -1.2499		 -1.4405		 -1.4963		 -1.6119		 -1.8296		 -2.0613		 -2.1594		 -2.4981		 -2.7778		 -3.0201		 -3.1916		 -3.3909		 -3.5039		 -3.5085		 -3.3484		 -3.1030		 -2.8124		 -2.4209		 -2.0669		 -1.7725		 -1.5115		 -1.2733		 -1.0815		 -0.9180		 -0.7888		 -0.6727		 -0.5789		 -0.4864		 -0.4075		 -0.3345		 -0.2700		 -0.2163		 -0.1754		 -0.1454		 -0.1197		 -0.1003		 -0.0832		     NaN		
 0.660		 -0.0634		 -0.1002		 -0.1330		 -0.1707		 -0.2359		 -0.3241		 -0.4228		 -0.4817		 -0.5914		 -0.6243		 -0.6628		 -0.6973		 -0.7887		 -0.7834		 -0.8476		 -0.9233		 -1.0181		 -1.0870		 -1.1503		 -1.2681		 -1.4604		 -1.5177		 -1.6348		 -1.8552		 -2.0898		 -2.1898		 -2.5320		 -2.8146		 -3.0600		 -3.2341		 -3.4361		 -3.5511		 -3.5577		 -3.3968		 -3.1502		 -2.8578		 -2.4630		 -2.1051		 -1.8072		 -1.5426		 -1.3010		 -1.1059		 -0.9394		 -0.8078		 -0.6894		 -0.5936		 -0.4991		 -0.4184		 -0.3436		 -0.2775		 -0.2224		 -0.1804		 -0.1496		 -0.1233		 -0.1033		 -0.0857		     NaN		
 0.670		 -0.0645		 -0.1019		 -0.1352		 -0.1736		 -0.2398		 -0.3291		 -0.4291		 -0.4893		 -0.6000		 -0.6338		 -0.6730		 -0.7079		 -0.8001		 -0.7955		 -0.8603		 -0.9369		 -1.0328		 -1.1027		 -1.1672		 -1.2862		 -1.4802		 -1.5390		 -1.6576		 -1.8807		 -2.1182		 -2.2201		 -2.5657		 -2.8512		 -3.0997		 -3.2764		 -3.4812		 -3.5982		 -3.6068		 -3.4450		 -3.1974		 -2.9033		 -2.5051		 -2.1434		 -1.8420		 -1.5738		 -1.3287		 -1.1305		 -0.9609		 -0.8270		 -0.7063		 -0.6084		 -0.5119		 -0.4293		 -0.3528		 -0.2851		 -0.2287		 -0.1856		 -0.1539		 -0.1268		 -0.1063		 -0.0882		     NaN		
 0.680		 -0.0656		 -0.1035		 -0.1374		 -0.1765		 -0.2437		 -0.3342		 -0.4355		 -0.4969		 -0.6086		 -0.6434		 -0.6831		 -0.7185		 -0.8116		 -0.8076		 -0.8730		 -0.9504		 -1.0474		 -1.1183		 -1.1840		 -1.3043		 -1.4999		 -1.5602		 -1.6803		 -1.9060		 -2.1465		 -2.2503		 -2.5992		 -2.8877		 -3.1392		 -3.3185		 -3.5260		 -3.6451		 -3.6557		 -3.4931		 -3.2446		 -2.9488		 -2.5472		 -2.1818		 -1.8770		 -1.6050		 -1.3566		 -1.1551		 -0.9826		 -0.8463		 -0.7232		 -0.6234		 -0.5248		 -0.4403		 -0.3622		 -0.2928		 -0.2350		 -0.1908		 -0.1583		 -0.1305		 -0.1094		 -0.0908		     NaN		
 0.690		 -0.0667		 -0.1052		 -0.1396		 -0.1794		 -0.2476		 -0.3392		 -0.4418		 -0.5045		 -0.6172		 -0.6530		 -0.6932		 -0.7291		 -0.8230		 -0.8197		 -0.8856		 -0.9639		 -1.0620		 -1.1338		 -1.2008		 -1.3223		 -1.5196		 -1.5814		 -1.7030		 -1.9313		 -2.1746		 -2.2804		 -2.6327		 -2.9239		 -3.1786		 -3.3604		 -3.5706		 -3.6918		 -3.7044		 -3.5411		 -3.2917		 -2.9943		 -2.5894		 -2.2202		 -1.9120		 -1.6364		 -1.3846		 -1.1799		 -1.0045		 -0.8658		 -0.7403		 -0.6384		 -0.5378		 -0.4515		 -0.3715		 -0.3006		 -0.2413		 -0.1960		 -0.1627		 -0.1341		 -0.1125		 -0.0933		     NaN		
 0.700		 -0.0678		 -0.1069		 -0.1418		 -0.1823		 -0.2514		 -0.3443		 -0.4482		 -0.5120		 -0.6258		 -0.6625		 -0.7033		 -0.7397		 -0.8344		 -0.8317		 -0.8983		 -0.9774		 -1.0766		 -1.1493		 -1.2176		 -1.3402		 -1.5393		 -1.6024		 -1.7255		 -1.9565		 -2.2027		 -2.3103		 -2.6660		 -2.9600		 -3.2178		 -3.4022		 -3.6151		 -3.7384		 -3.7530		 -3.5890		 -3.3387		 -3.0398		 -2.6316		 -2.2588		 -1.9472		 -1.6680		 -1.4126		 -1.2048		 -1.0265		 -0.8854		 -0.7574		 -0.6536		 -0.5510		 -0.4627		 -0.3810		 -0.3085		 -0.2478		 -0.2013		 -0.1671		 -0.1378		 -0.1156		 -0.0959		     NaN		
 0.710		 -0.0689		 -0.1085		 -0.1440		 -0.1852		 -0.2553		 -0.3493		 -0.4545		 -0.5196		 -0.6344		 -0.6720		 -0.7133		 -0.7503		 -0.8457		 -0.8438		 -0.9109		 -0.9909		 -1.0911		 -1.1648		 -1.2342		 -1.3581		 -1.5589		 -1.6234		 -1.7480		 -1.9815		 -2.2306		 -2.3401		 -2.6992		 -2.9959		 -3.2569		 -3.4437		 -3.6594		 -3.7848		 -3.8014		 -3.6367		 -3.3857		 -3.0852		 -2.6738		 -2.2974		 -1.9824		 -1.6996		 -1.4408		 -1.2297		 -1.0486		 -0.9052		 -0.7747		 -0.6689		 -0.5643		 -0.4741		 -0.3906		 -0.3164		 -0.2543		 -0.2067		 -0.1716		 -0.1416		 -0.1188		 -0.0986		     NaN		
 0.720		 -0.0700		 -0.1102		 -0.1462		 -0.1880		 -0.2592		 -0.3544		 -0.4609		 -0.5271		 -0.6429		 -0.6815		 -0.7233		 -0.7608		 -0.8570		 -0.8558		 -0.9235		 -1.0044		 -1.1056		 -1.1803		 -1.2509		 -1.3760		 -1.5785		 -1.6443		 -1.7705		 -2.0065		 -2.2584		 -2.3697		 -2.7322		 -3.0315		 -3.2959		 -3.4849		 -3.7035		 -3.8310		 -3.8497		 -3.6842		 -3.4327		 -3.1306		 -2.7160		 -2.3361		 -2.0177		 -1.7314		 -1.4690		 -1.2548		 -1.0709		 -0.9250		 -0.7922		 -0.6844		 -0.5777		 -0.4855		 -0.4002		 -0.3245		 -0.2609		 -0.2121		 -0.1762		 -0.1454		 -0.1220		 -0.1012		     NaN		
 0.730		 -0.0711		 -0.1119		 -0.1484		 -0.1909		 -0.2631		 -0.3594		 -0.4672		 -0.5346		 -0.6514		 -0.6909		 -0.7333		 -0.7714		 -0.8683		 -0.8678		 -0.9360		 -1.0178		 -1.1201		 -1.1957		 -1.2674		 -1.3939		 -1.5980		 -1.6651		 -1.7929		 -2.0315		 -2.2860		 -2.3992		 -2.7651		 -3.0670		 -3.3347		 -3.5260		 -3.7473		 -3.8771		 -3.8979		 -3.7316		 -3.4796		 -3.1761		 -2.7583		 -2.3749		 -2.0531		 -1.7633		 -1.4973		 -1.2800		 -1.0932		 -0.9450		 -0.8097		 -0.6999		 -0.5912		 -0.4971		 -0.4099		 -0.3326		 -0.2675		 -0.2176		 -0.1808		 -0.1492		 -0.1252		 -0.1040		     NaN		
 0.740		 -0.0722		 -0.1136		 -0.1506		 -0.1938		 -0.2670		 -0.3644		 -0.4735		 -0.5421		 -0.6599		 -0.7003		 -0.7432		 -0.7819		 -0.8795		 -0.8797		 -0.9485		 -1.0313		 -1.1345		 -1.2111		 -1.2839		 -1.4118		 -1.6176		 -1.6859		 -1.8153		 -2.0563		 -2.3136		 -2.4286		 -2.7978		 -3.1022		 -3.3733		 -3.5668		 -3.7910		 -3.9230		 -3.9461		 -3.7788		 -3.5265		 -3.2215		 -2.8006		 -2.4137		 -2.0887		 -1.7953		 -1.5257		 -1.3054		 -1.1157		 -0.9651		 -0.8273		 -0.7157		 -0.6048		 -0.5087		 -0.4197		 -0.3408		 -0.2743		 -0.2231		 -0.1855		 -0.1531		 -0.1285		 -0.1067		     NaN		
 0.750		 -0.0733		 -0.1152		 -0.1528		 -0.1967		 -0.2709		 -0.3694		 -0.4797		 -0.5496		 -0.6684		 -0.7097		 -0.7531		 -0.7925		 -0.8906		 -0.8917		 -0.9610		 -1.0446		 -1.1488		 -1.2265		 -1.3003		 -1.4296		 -1.6370		 -1.7066		 -1.8377		 -2.0812		 -2.3410		 -2.4579		 -2.8303		 -3.1371		 -3.4118		 -3.6074		 -3.8345		 -3.9688		 -3.9942		 -3.8259		 -3.5733		 -3.2669		 -2.8429		 -2.4525		 -2.1243		 -1.8274		 -1.5541		 -1.3308		 -1.1383		 -0.9854		 -0.8451		 -0.7315		 -0.6185		 -0.5205		 -0.4296		 -0.3491		 -0.2811		 -0.2287		 -0.1902		 -0.1570		 -0.1319		 -0.1095		     NaN		
 0.760		 -0.0744		 -0.1169		 -0.1550		 -0.1996		 -0.2748		 -0.3744		 -0.4859		 -0.5571		 -0.6769		 -0.7191		 -0.7630		 -0.8030		 -0.9018		 -0.9036		 -0.9734		 -1.0580		 -1.1632		 -1.2418		 -1.3167		 -1.4474		 -1.6565		 -1.7273		 -1.8600		 -2.1060		 -2.3684		 -2.4870		 -2.8626		 -3.1718		 -3.4502		 -3.6479		 -3.8779		 -4.0144		 -4.0422		 -3.8727		 -3.6200		 -3.3124		 -2.8853		 -2.4913		 -2.1601		 -1.8597		 -1.5827		 -1.3564		 -1.1611		 -1.0057		 -0.8630		 -0.7475		 -0.6323		 -0.5323		 -0.4396		 -0.3575		 -0.2879		 -0.2344		 -0.1949		 -0.1610		 -0.1352		 -0.1123		     NaN		
 0.770		 -0.0755		 -0.1186		 -0.1572		 -0.2025		 -0.2787		 -0.3794		 -0.4921		 -0.5645		 -0.6853		 -0.7284		 -0.7729		 -0.8136		 -0.9129		 -0.9155		 -0.9859		 -1.0713		 -1.1775		 -1.2571		 -1.3330		 -1.4651		 -1.6758		 -1.7480		 -1.8823		 -2.1307		 -2.3956		 -2.5160		 -2.8948		 -3.2064		 -3.4883		 -3.6881		 -3.9210		 -4.0599		 -4.0901		 -3.9195		 -3.6667		 -3.3578		 -2.9276		 -2.5301		 -2.1960		 -1.8921		 -1.6114		 -1.3820		 -1.1839		 -1.0262		 -0.8811		 -0.7635		 -0.6463		 -0.5442		 -0.4497		 -0.3659		 -0.2949		 -0.2401		 -0.1998		 -0.1650		 -0.1386		 -0.1152		     NaN		
 0.780		 -0.0767		 -0.1203		 -0.1594		 -0.2054		 -0.2826		 -0.3844		 -0.4983		 -0.5720		 -0.6937		 -0.7378		 -0.7827		 -0.8241		 -0.9240		 -0.9274		 -0.9982		 -1.0846		 -1.1918		 -1.2723		 -1.3492		 -1.4828		 -1.6952		 -1.7687		 -1.9045		 -2.1554		 -2.4227		 -2.5449		 -2.9268		 -3.2408		 -3.5262		 -3.7283		 -3.9639		 -4.1052		 -4.1379		 -3.9662		 -3.7132		 -3.4032		 -2.9700		 -2.5689		 -2.2320		 -1.9246		 -1.6402		 -1.4078		 -1.2070		 -1.0467		 -0.8993		 -0.7797		 -0.6603		 -0.5562		 -0.4599		 -0.3745		 -0.3019		 -0.2459		 -0.2047		 -0.1691		 -0.1421		 -0.1181		     NaN		
 0.790		 -0.0778		 -0.1220		 -0.1616		 -0.2083		 -0.2864		 -0.3894		 -0.5045		 -0.5794		 -0.7020		 -0.7471		 -0.7926		 -0.8346		 -0.9351		 -0.9393		 -1.0106		 -1.0978		 -1.2060		 -1.2875		 -1.3654		 -1.5004		 -1.7144		 -1.7893		 -1.9266		 -2.1800		 -2.4497		 -2.5736		 -2.9587		 -3.2751		 -3.5638		 -3.7683		 -4.0067		 -4.1503		 -4.1855		 -4.0128		 -3.7596		 -3.4487		 -3.0124		 -2.6078		 -2.2681		 -1.9572		 -1.6691		 -1.4337		 -1.2301		 -1.0674		 -0.9176		 -0.7959		 -0.6745		 -0.5683		 -0.4702		 -0.3830		 -0.3090		 -0.2517		 -0.2096		 -0.1732		 -0.1456		 -0.1210		     NaN		
 0.800		 -0.0789		 -0.1236		 -0.1638		 -0.2112		 -0.2903		 -0.3944		 -0.5106		 -0.5868		 -0.7104		 -0.7564		 -0.8025		 -0.8452		 -0.9462		 -0.9511		 -1.0229		 -1.1110		 -1.2201		 -1.3027		 -1.3815		 -1.5179		 -1.7337		 -1.8098		 -1.9486		 -2.2045		 -2.4765		 -2.6022		 -2.9904		 -3.3094		 -3.6013		 -3.8081		 -4.0492		 -4.1952		 -4.2329		 -4.0593		 -3.8058		 -3.4941		 -3.0548		 -2.6467		 -2.3043		 -1.9900		 -1.6982		 -1.4597		 -1.2534		 -1.0881		 -0.9360		 -0.8123		 -0.6887		 -0.5805		 -0.4806		 -0.3917		 -0.3161		 -0.2576		 -0.2146		 -0.1774		 -0.1491		 -0.1239		     NaN		
 0.810		 -0.0800		 -0.1253		 -0.1660		 -0.2141		 -0.2942		 -0.3994		 -0.5168		 -0.5943		 -0.7187		 -0.7657		 -0.8123		 -0.8557		 -0.9573		 -0.9629		 -1.0352		 -1.1241		 -1.2343		 -1.3177		 -1.3976		 -1.5354		 -1.7528		 -1.8303		 -1.9705		 -2.2289		 -2.5033		 -2.6306		 -3.0219		 -3.3435		 -3.6386		 -3.8478		 -4.0916		 -4.2400		 -4.2802		 -4.1057		 -3.8520		 -3.5395		 -3.0973		 -2.6856		 -2.3406		 -2.0229		 -1.7274		 -1.4858		 -1.2768		 -1.1089		 -0.9545		 -0.8288		 -0.7031		 -0.5928		 -0.4911		 -0.4005		 -0.3233		 -0.2636		 -0.2196		 -0.1816		 -0.1527		 -0.1269		     NaN		
 0.820		 -0.0811		 -0.1270		 -0.1682		 -0.2170		 -0.2981		 -0.4044		 -0.5229		 -0.6016		 -0.7271		 -0.7749		 -0.8222		 -0.8662		 -0.9684		 -0.9747		 -1.0475		 -1.1373		 -1.2484		 -1.3328		 -1.4137		 -1.5528		 -1.7719		 -1.8507		 -1.9923		 -2.2532		 -2.5300		 -2.6589		 -3.0533		 -3.3775		 -3.6757		 -3.8873		 -4.1337		 -4.2845		 -4.3272		 -4.1521		 -3.8982		 -3.5849		 -3.1399		 -2.7247		 -2.3770		 -2.0558		 -1.7568		 -1.5120		 -1.3004		 -1.1299		 -0.9732		 -0.8454		 -0.7175		 -0.6051		 -0.5017		 -0.4093		 -0.3306		 -0.2696		 -0.2247		 -0.1858		 -0.1563		 -0.1299		     NaN		
 0.830		 -0.0822		 -0.1287		 -0.1704		 -0.2199		 -0.3020		 -0.4094		 -0.5290		 -0.6090		 -0.7354		 -0.7841		 -0.8320		 -0.8767		 -0.9795		 -0.9864		 -1.0597		 -1.1504		 -1.2625		 -1.3478		 -1.4298		 -1.5701		 -1.7909		 -1.8711		 -2.0140		 -2.2775		 -2.5566		 -2.6870		 -3.0846		 -3.4114		 -3.7125		 -3.9266		 -4.1757		 -4.3288		 -4.3740		 -4.1984		 -3.9443		 -3.6303		 -3.1825		 -2.7638		 -2.4134		 -2.0889		 -1.7863		 -1.5384		 -1.3241		 -1.1509		 -0.9919		 -0.8621		 -0.7321		 -0.6176		 -0.5124		 -0.4181		 -0.3379		 -0.2757		 -0.2299		 -0.1901		 -0.1599		 -0.1330		     NaN		
 0.840		 -0.0834		 -0.1304		 -0.1726		 -0.2228		 -0.3059		 -0.4143		 -0.5351		 -0.6164		 -0.7437		 -0.7934		 -0.8419		 -0.8871		 -0.9905		 -0.9981		 -1.0720		 -1.1634		 -1.2766		 -1.3628		 -1.4458		 -1.5874		 -1.8098		 -1.8914		 -2.0356		 -2.3017		 -2.5831		 -2.7150		 -3.1157		 -3.4452		 -3.7492		 -3.9658		 -4.2176		 -4.3730		 -4.4206		 -4.2447		 -3.9904		 -3.6757		 -3.2251		 -2.8029		 -2.4498		 -2.1219		 -1.8159		 -1.5649		 -1.3480		 -1.1721		 -1.0108		 -0.8788		 -0.7467		 -0.6301		 -0.5232		 -0.4271		 -0.3453		 -0.2819		 -0.2351		 -0.1945		 -0.1636		 -0.1361		     NaN		
 0.850		 -0.0845		 -0.1321		 -0.1749		 -0.2256		 -0.3098		 -0.4193		 -0.5412		 -0.6237		 -0.7521		 -0.8026		 -0.8517		 -0.8976		 -1.0016		 -1.0097		 -1.0842		 -1.1765		 -1.2907		 -1.3777		 -1.4618		 -1.6046		 -1.8286		 -1.9115		 -2.0571		 -2.3258		 -2.6096		 -2.7430		 -3.1467		 -3.4789		 -3.7857		 -4.0047		 -4.2592		 -4.4170		 -4.4671		 -4.2910		 -4.0364		 -3.7209		 -3.2676		 -2.8421		 -2.4863		 -2.1551		 -1.8457		 -1.5915		 -1.3720		 -1.1933		 -1.0298		 -0.8957		 -0.7615		 -0.6428		 -0.5340		 -0.4361		 -0.3527		 -0.2881		 -0.2403		 -0.1988		 -0.1674		 -0.1392		     NaN		
 0.860		 -0.0856		 -0.1337		 -0.1771		 -0.2285		 -0.3136		 -0.4243		 -0.5473		 -0.6310		 -0.7604		 -0.8118		 -0.8615		 -0.9080		 -1.0126		 -1.0213		 -1.0963		 -1.1895		 -1.3047		 -1.3926		 -1.4777		 -1.6218		 -1.8474		 -1.9316		 -2.0786		 -2.3497		 -2.6359		 -2.7708		 -3.1775		 -3.5123		 -3.8219		 -4.0435		 -4.3008		 -4.4608		 -4.5133		 -4.3371		 -4.0825		 -3.7662		 -3.3102		 -2.8813		 -2.5228		 -2.1882		 -1.8755		 -1.6183		 -1.3960		 -1.2148		 -1.0489		 -0.9127		 -0.7763		 -0.6555		 -0.5450		 -0.4452		 -0.3603		 -0.2944		 -0.2456		 -0.2033		 -0.1711		 -0.1424		     NaN		
 0.870		 -0.0867		 -0.1354		 -0.1793		 -0.2314		 -0.3175		 -0.4292		 -0.5533		 -0.6383		 -0.7687		 -0.8209		 -0.8713		 -0.9184		 -1.0236		 -1.0329		 -1.1085		 -1.2025		 -1.3186		 -1.4075		 -1.4936		 -1.6390		 -1.8661		 -1.9517		 -2.1000		 -2.3736		 -2.6621		 -2.7985		 -3.2083		 -3.5457		 -3.8581		 -4.0821		 -4.3422		 -4.5044		 -4.5594		 -4.3832		 -4.1285		 -3.8113		 -3.3529		 -2.9206		 -2.5594		 -2.2215		 -1.9055		 -1.6453		 -1.4202		 -1.2363		 -1.0681		 -0.9298		 -0.7912		 -0.6684		 -0.5560		 -0.4544		 -0.3679		 -0.3008		 -0.2510		 -0.2078		 -0.1750		 -0.1455		     NaN		
 0.880		 -0.0878		 -0.1371		 -0.1815		 -0.2343		 -0.3214		 -0.4342		 -0.5594		 -0.6456		 -0.7771		 -0.8301		 -0.8811		 -0.9289		 -1.0347		 -1.0445		 -1.1206		 -1.2155		 -1.3325		 -1.4224		 -1.5094		 -1.6561		 -1.8847		 -1.9716		 -2.1214		 -2.3973		 -2.6882		 -2.8261		 -3.2389		 -3.5788		 -3.8940		 -4.1205		 -4.3835		 -4.5479		 -4.6054		 -4.4293		 -4.1744		 -3.8564		 -3.3955		 -2.9601		 -2.5959		 -2.2548		 -1.9355		 -1.6723		 -1.4444		 -1.2580		 -1.0874		 -0.9470		 -0.8062		 -0.6814		 -0.5671		 -0.4637		 -0.3755		 -0.3072		 -0.2564		 -0.2123		 -0.1788		 -0.1488		     NaN		
 0.890		 -0.0889		 -0.1388		 -0.1837		 -0.2372		 -0.3253		 -0.4391		 -0.5655		 -0.6530		 -0.7854		 -0.8393		 -0.8909		 -0.9393		 -1.0456		 -1.0561		 -1.1327		 -1.2284		 -1.3464		 -1.4372		 -1.5252		 -1.6731		 -1.9033		 -1.9914		 -2.1427		 -2.4209		 -2.7142		 -2.8536		 -3.2694		 -3.6118		 -3.9299		 -4.1587		 -4.4246		 -4.5911		 -4.6511		 -4.4752		 -4.2203		 -3.9014		 -3.4382		 -2.9996		 -2.6325		 -2.2881		 -1.9656		 -1.6994		 -1.4687		 -1.2798		 -1.1068		 -0.9643		 -0.8213		 -0.6944		 -0.5782		 -0.4730		 -0.3833		 -0.3136		 -0.2618		 -0.2168		 -0.1827		 -0.1520		     NaN		
 0.900		 -0.0901		 -0.1405		 -0.1859		 -0.2401		 -0.3291		 -0.4441		 -0.5716		 -0.6603		 -0.7937		 -0.8484		 -0.9006		 -0.9497		 -1.0566		 -1.0676		 -1.1448		 -1.2413		 -1.3602		 -1.4519		 -1.5410		 -1.6902		 -1.9219		 -2.0112		 -2.1639		 -2.4444		 -2.7401		 -2.8810		 -3.2998		 -3.6446		 -3.9656		 -4.1967		 -4.4656		 -4.6342		 -4.6968		 -4.5210		 -4.2662		 -3.9464		 -3.4809		 -3.0391		 -2.6692		 -2.3215		 -1.9958		 -1.7267		 -1.4932		 -1.3017		 -1.1262		 -0.9817		 -0.8365		 -0.7076		 -0.5894		 -0.4824		 -0.3911		 -0.3201		 -0.2673		 -0.2214		 -0.1866		 -0.1553		     NaN		
 0.910		 -0.0912		 -0.1422		 -0.1881		 -0.2430		 -0.3330		 -0.4490		 -0.5776		 -0.6676		 -0.8021		 -0.8576		 -0.9103		 -0.9601		 -1.0675		 -1.0791		 -1.1569		 -1.2542		 -1.3741		 -1.4667		 -1.5568		 -1.7072		 -1.9404		 -2.0309		 -2.1851		 -2.4678		 -2.7659		 -2.9083		 -3.3300		 -3.6772		 -4.0013		 -4.2346		 -4.5064		 -4.6772		 -4.7422		 -4.5667		 -4.3120		 -3.9913		 -3.5236		 -3.0788		 -2.7059		 -2.3550		 -2.0262		 -1.7540		 -1.5176		 -1.3237		 -1.1458		 -0.9992		 -0.8518		 -0.7208		 -0.6007		 -0.4919		 -0.3989		 -0.3267		 -0.2728		 -0.2261		 -0.1906		 -0.1586		     NaN		
 0.920		 -0.0923		 -0.1439		 -0.1904		 -0.2459		 -0.3369		 -0.4539		 -0.5837		 -0.6749		 -0.8104		 -0.8667		 -0.9200		 -0.9704		 -1.0785		 -1.0906		 -1.1690		 -1.2670		 -1.3879		 -1.4814		 -1.5725		 -1.7241		 -1.9588		 -2.0505		 -2.2062		 -2.4911		 -2.7915		 -2.9356		 -3.3601		 -3.7096		 -4.0367		 -4.2723		 -4.5470		 -4.7200		 -4.7876		 -4.6122		 -4.3578		 -4.0361		 -3.5663		 -3.1186		 -2.7428		 -2.3886		 -2.0567		 -1.7815		 -1.5422		 -1.3458		 -1.1655		 -1.0167		 -0.8672		 -0.7342		 -0.6121		 -0.5015		 -0.4069		 -0.3333		 -0.2784		 -0.2308		 -0.1946		 -0.1620		     NaN		
 0.930		 -0.0934		 -0.1455		 -0.1926		 -0.2488		 -0.3407		 -0.4589		 -0.5898		 -0.6822		 -0.8187		 -0.8757		 -0.9297		 -0.9807		 -1.0894		 -1.1021		 -1.1811		 -1.2798		 -1.4017		 -1.4961		 -1.5881		 -1.7410		 -1.9772		 -2.0701		 -2.2272		 -2.5143		 -2.8170		 -2.9627		 -3.3901		 -3.7419		 -4.0720		 -4.3098		 -4.5874		 -4.7627		 -4.8327		 -4.6576		 -4.4033		 -4.0809		 -3.6090		 -3.1585		 -2.7798		 -2.4224		 -2.0873		 -1.8090		 -1.5669		 -1.3679		 -1.1853		 -1.0344		 -0.8827		 -0.7476		 -0.6236		 -0.5112		 -0.4149		 -0.3400		 -0.2841		 -0.2355		 -0.1987		 -0.1654		     NaN		
 0.940		 -0.0945		 -0.1472		 -0.1948		 -0.2517		 -0.3446		 -0.4638		 -0.5959		 -0.6895		 -0.8270		 -0.8848		 -0.9393		 -0.9910		 -1.1002		 -1.1135		 -1.1932		 -1.2925		 -1.4154		 -1.5108		 -1.6037		 -1.7579		 -1.9955		 -2.0896		 -2.2481		 -2.5375		 -2.8424		 -2.9898		 -3.4199		 -3.7740		 -4.1071		 -4.3473		 -4.6276		 -4.8053		 -4.8777		 -4.7028		 -4.4488		 -4.1257		 -3.6516		 -3.1984		 -2.8168		 -2.4562		 -2.1181		 -1.8366		 -1.5917		 -1.3902		 -1.2052		 -1.0521		 -0.8983		 -0.7611		 -0.6352		 -0.5209		 -0.4229		 -0.3467		 -0.2897		 -0.2403		 -0.2028		 -0.1688		     NaN		
 0.950		 -0.0957		 -0.1489		 -0.1970		 -0.2546		 -0.3485		 -0.4687		 -0.6020		 -0.6967		 -0.8353		 -0.8939		 -0.9489		 -1.0012		 -1.1111		 -1.1250		 -1.2052		 -1.3053		 -1.4291		 -1.5254		 -1.6193		 -1.7747		 -2.0138		 -2.1091		 -2.2690		 -2.5606		 -2.8677		 -3.0168		 -3.4497		 -3.8059		 -4.1420		 -4.3847		 -4.6675		 -4.8477		 -4.9227		 -4.7479		 -4.4941		 -4.1704		 -3.6943		 -3.2383		 -2.8540		 -2.4901		 -2.1490		 -1.8643		 -1.6166		 -1.4125		 -1.2252		 -1.0699		 -0.9140		 -0.7746		 -0.6468		 -0.5307		 -0.4311		 -0.3534		 -0.2955		 -0.2451		 -0.2069		 -0.1723		     NaN		
 0.960		 -0.0968		 -0.1506		 -0.1992		 -0.2575		 -0.3523		 -0.4737		 -0.6082		 -0.7040		 -0.8436		 -0.9030		 -0.9585		 -1.0114		 -1.1219		 -1.1364		 -1.2172		 -1.3180		 -1.4428		 -1.5399		 -1.6348		 -1.7915		 -2.0320		 -2.1285		 -2.2898		 -2.5837		 -2.8928		 -3.0437		 -3.4793		 -3.8377		 -4.1768		 -4.4219		 -4.7073		 -4.8900		 -4.9674		 -4.7928		 -4.5392		 -4.2151		 -3.7370		 -3.2783		 -2.8912		 -2.5242		 -2.1800		 -1.8921		 -1.6416		 -1.4350		 -1.2454		 -1.0879		 -0.9297		 -0.7883		 -0.6585		 -0.5406		 -0.4393		 -0.3602		 -0.3013		 -0.2499		 -0.2110		 -0.1758		     NaN		
 0.970		 -0.0979		 -0.1523		 -0.2014		 -0.2604		 -0.3562		 -0.4786		 -0.6143		 -0.7113		 -0.8519		 -0.9120		 -0.9680		 -1.0216		 -1.1327		 -1.1478		 -1.2291		 -1.3307		 -1.4565		 -1.5545		 -1.6503		 -1.8082		 -2.0501		 -2.1479		 -2.3106		 -2.6068		 -2.9178		 -3.0705		 -3.5088		 -3.8694		 -4.2114		 -4.4590		 -4.7468		 -4.9320		 -5.0121		 -4.8376		 -4.5842		 -4.2598		 -3.7797		 -3.3183		 -2.9285		 -2.5584		 -2.2112		 -1.9200		 -1.6667		 -1.4576		 -1.2656		 -1.1059		 -0.9456		 -0.8021		 -0.6703		 -0.5505		 -0.4475		 -0.3671		 -0.3071		 -0.2548		 -0.2152		 -0.1793		     NaN		
 0.980		 -0.0990		 -0.1540		 -0.2037		 -0.2633		 -0.3600		 -0.4835		 -0.6204		 -0.7185		 -0.8601		 -0.9210		 -0.9776		 -1.0317		 -1.1435		 -1.1591		 -1.2410		 -1.3434		 -1.4701		 -1.5690		 -1.6657		 -1.8249		 -2.0682		 -2.1672		 -2.3313		 -2.6297		 -2.9428		 -3.0972		 -3.5381		 -3.9009		 -4.2459		 -4.4960		 -4.7862		 -4.9739		 -5.0565		 -4.8823		 -4.6291		 -4.3044		 -3.8224		 -3.3583		 -2.9659		 -2.5927		 -2.2423		 -1.9480		 -1.6919		 -1.4803		 -1.2860		 -1.1241		 -0.9616		 -0.8159		 -0.6821		 -0.5605		 -0.4558		 -0.3740		 -0.3130		 -0.2598		 -0.2195		 -0.1829		     NaN		
 0.990		 -0.1001		 -0.1557		 -0.2059		 -0.2662		 -0.3639		 -0.4884		 -0.6264		 -0.7257		 -0.8684		 -0.9300		 -0.9871		 -1.0418		 -1.1542		 -1.1704		 -1.2529		 -1.3560		 -1.4837		 -1.5834		 -1.6810		 -1.8415		 -2.0863		 -2.1864		 -2.3519		 -2.6526		 -2.9676		 -3.1238		 -3.5673		 -3.9323		 -4.2802		 -4.5328		 -4.8254		 -5.0156		 -5.1008		 -4.9268		 -4.6738		 -4.3491		 -3.8652		 -3.3984		 -3.0033		 -2.6272		 -2.2736		 -1.9760		 -1.7172		 -1.5031		 -1.3065		 -1.1425		 -0.9777		 -0.8299		 -0.6941		 -0.5706		 -0.4641		 -0.3809		 -0.3190		 -0.2648		 -0.2237		 -0.1865		     NaN		
 1.000		 -0.1013		 -0.1574		 -0.2081		 -0.2691		 -0.3677		 -0.4933		 -0.6325		 -0.7329		 -0.8766		 -0.9390		 -0.9966		 -1.0519		 -1.1649		 -1.1817		 -1.2647		 -1.3686		 -1.4973		 -1.5979		 -1.6964		 -1.8581		 -2.1042		 -2.2056		 -2.3725		 -2.6754		 -2.9923		 -3.1503		 -3.5964		 -3.9635		 -4.3144		 -4.5696		 -4.8644		 -5.0572		 -5.1449		 -4.9713		 -4.7183		 -4.3937		 -3.9079		 -3.4385		 -3.0408		 -2.6618		 -2.3048		 -2.0043		 -1.7426		 -1.5261		 -1.3271		 -1.1610		 -0.9939		 -0.8440		 -0.7061		 -0.5807		 -0.4726		 -0.3880		 -0.3250		 -0.2698		 -0.2281		 -0.1901		     NaN		
 1.010		 -0.1024		 -0.1590		 -0.2103		 -0.2720		 -0.3716		 -0.4982		 -0.6386		 -0.7401		 -0.8848		 -0.9479		 -1.0061		 -1.0619		 -1.1756		 -1.1929		 -1.2765		 -1.3813		 -1.5108		 -1.6123		 -1.7117		 -1.8747		 -2.1222		 -2.2247		 -2.3931		 -2.6981		 -3.0169		 -3.1767		 -3.6253		 -3.9947		 -4.3484		 -4.6062		 -4.9032		 -5.0987		 -5.1890		 -5.0155		 -4.7628		 -4.4383		 -3.9506		 -3.4785		 -3.0783		 -2.6966		 -2.3361		 -2.0326		 -1.7681		 -1.5492		 -1.3477		 -1.1796		 -1.0101		 -0.8581		 -0.7182		 -0.5909		 -0.4810		 -0.3951		 -0.3310		 -0.2749		 -0.2324		 -0.1937		     NaN		
 1.020		 -0.1035		 -0.1607		 -0.2125		 -0.2749		 -0.3754		 -0.5031		 -0.6447		 -0.7472		 -0.8930		 -0.9568		 -1.0156		 -1.0720		 -1.1862		 -1.2040		 -1.2882		 -1.3939		 -1.5242		 -1.6266		 -1.7269		 -1.8913		 -2.1400		 -2.2438		 -2.4136		 -2.7207		 -3.0414		 -3.2029		 -3.6541		 -4.0256		 -4.3824		 -4.6426		 -4.9419		 -5.1399		 -5.2329		 -5.0597		 -4.8071		 -4.4829		 -3.9933		 -3.5186		 -3.1159		 -2.7314		 -2.3674		 -2.0610		 -1.7937		 -1.5724		 -1.3685		 -1.1983		 -1.0265		 -0.8724		 -0.7304		 -0.6011		 -0.4896		 -0.4022		 -0.3371		 -0.2800		 -0.2368		 -0.1974		     NaN		
 1.030		 -0.1046		 -0.1624		 -0.2147		 -0.2778		 -0.3793		 -0.5080		 -0.6507		 -0.7544		 -0.9011		 -0.9657		 -1.0250		 -1.0820		 -1.1969		 -1.2152		 -1.2999		 -1.4064		 -1.5377		 -1.6409		 -1.7421		 -1.9079		 -2.1578		 -2.2628		 -2.4340		 -2.7433		 -3.0658		 -3.2290		 -3.6829		 -4.0565		 -4.4162		 -4.6789		 -4.9805		 -5.1810		 -5.2768		 -5.1037		 -4.8515		 -4.5275		 -4.0361		 -3.5587		 -3.1535		 -2.7663		 -2.3988		 -2.0896		 -1.8193		 -1.5957		 -1.3893		 -1.2172		 -1.0429		 -0.8866		 -0.7426		 -0.6115		 -0.4982		 -0.4094		 -0.3433		 -0.2852		 -0.2413		 -0.2011		     NaN		
 1.040		 -0.1058		 -0.1641		 -0.2170		 -0.2806		 -0.3831		 -0.5128		 -0.6568		 -0.7614		 -0.9093		 -0.9746		 -1.0345		 -1.0919		 -1.2075		 -1.2263		 -1.3116		 -1.4190		 -1.5511		 -1.6552		 -1.7572		 -1.9244		 -2.1756		 -2.2817		 -2.4544		 -2.7657		 -3.0900		 -3.2550		 -3.7115		 -4.0873		 -4.4500		 -4.7150		 -5.0188		 -5.2219		 -5.3205		 -5.1475		 -4.8958		 -4.5721		 -4.0788		 -3.5988		 -3.1913		 -2.8012		 -2.4303		 -2.1182		 -1.8451		 -1.6191		 -1.4102		 -1.2361		 -1.0594		 -0.9010		 -0.7549		 -0.6218		 -0.5068		 -0.4167		 -0.3495		 -0.2904		 -0.2457		 -0.2049		     NaN		
 1.050		 -0.1069		 -0.1658		 -0.2192		 -0.2835		 -0.3870		 -0.5177		 -0.6629		 -0.7685		 -0.9174		 -0.9835		 -1.0439		 -1.1019		 -1.2181		 -1.2374		 -1.3232		 -1.4316		 -1.5645		 -1.6695		 -1.7723		 -1.9409		 -2.1933		 -2.3005		 -2.4746		 -2.7882		 -3.1142		 -3.2808		 -3.7401		 -4.1180		 -4.4836		 -4.7509		 -5.0570		 -5.2626		 -5.3641		 -5.1913		 -4.9401		 -4.6166		 -4.1215		 -3.6388		 -3.2291		 -2.8362		 -2.4618		 -2.1469		 -1.8710		 -1.6425		 -1.4312		 -1.2550		 -1.0761		 -0.9155		 -0.7673		 -0.6323		 -0.5156		 -0.4240		 -0.3557		 -0.2956		 -0.2502		 -0.2087		     NaN		
 1.060		 -0.1080		 -0.1675		 -0.2214		 -0.2864		 -0.3908		 -0.5225		 -0.6689		 -0.7756		 -0.9255		 -0.9924		 -1.0534		 -1.1118		 -1.2286		 -1.2484		 -1.3348		 -1.4441		 -1.5779		 -1.6838		 -1.7874		 -1.9573		 -2.2109		 -2.3193		 -2.4948		 -2.8105		 -3.1383		 -3.3066		 -3.7687		 -4.1486		 -4.5171		 -4.7867		 -5.0951		 -5.3031		 -5.4076		 -5.2349		 -4.9844		 -4.6611		 -4.1643		 -3.6789		 -3.2670		 -2.8713		 -2.4935		 -2.1757		 -1.8969		 -1.6660		 -1.4523		 -1.2741		 -1.0928		 -0.9300		 -0.7798		 -0.6428		 -0.5244		 -0.4314		 -0.3620		 -0.3010		 -0.2548		 -0.2125		     NaN		
 1.070		 -0.1091		 -0.1692		 -0.2236		 -0.2893		 -0.3946		 -0.5274		 -0.6750		 -0.7826		 -0.9336		 -1.0012		 -1.0628		 -1.1217		 -1.2392		 -1.2595		 -1.3465		 -1.4565		 -1.5912		 -1.6980		 -1.8023		 -1.9737		 -2.2285		 -2.3380		 -2.5149		 -2.8328		 -3.1623		 -3.3322		 -3.7971		 -4.1791		 -4.5504		 -4.8222		 -5.1331		 -5.3434		 -5.4510		 -5.2784		 -5.0287		 -4.7055		 -4.2070		 -3.7190		 -3.3049		 -2.9064		 -2.5252		 -2.2046		 -1.9229		 -1.6896		 -1.4734		 -1.2932		 -1.1096		 -0.9447		 -0.7924		 -0.6534		 -0.5333		 -0.4388		 -0.3684		 -0.3063		 -0.2594		 -0.2163		     NaN		
 1.080		 -0.1103		 -0.1709		 -0.2258		 -0.2922		 -0.3985		 -0.5322		 -0.6810		 -0.7896		 -0.9417		 -1.0100		 -1.0723		 -1.1316		 -1.2498		 -1.2705		 -1.3581		 -1.4690		 -1.6045		 -1.7122		 -1.8173		 -1.9900		 -2.2460		 -2.3567		 -2.5349		 -2.8550		 -3.1862		 -3.3577		 -3.8255		 -4.2095		 -4.5836		 -4.8576		 -5.1710		 -5.3835		 -5.4941		 -5.3219		 -5.0729		 -4.7499		 -4.2496		 -3.7591		 -3.3428		 -2.9416		 -2.5571		 -2.2336		 -1.9490		 -1.7132		 -1.4947		 -1.3124		 -1.1265		 -0.9594		 -0.8051		 -0.6641		 -0.5422		 -0.4463		 -0.3747		 -0.3117		 -0.2640		 -0.2202		     NaN		
 1.090		 -0.1114		 -0.1726		 -0.2280		 -0.2951		 -0.4023		 -0.5371		 -0.6871		 -0.7966		 -0.9498		 -1.0188		 -1.0817		 -1.1415		 -1.2603		 -1.2816		 -1.3697		 -1.4814		 -1.6177		 -1.7264		 -1.8322		 -2.0062		 -2.2634		 -2.3754		 -2.5548		 -2.8771		 -3.2100		 -3.3831		 -3.8537		 -4.2398		 -4.6167		 -4.8928		 -5.2088		 -5.4235		 -5.5372		 -5.3652		 -5.1171		 -4.7941		 -4.2922		 -3.7992		 -3.3808		 -2.9768		 -2.5891		 -2.2627		 -1.9752		 -1.7370		 -1.5160		 -1.3317		 -1.1435		 -0.9742		 -0.8178		 -0.6748		 -0.5512		 -0.4538		 -0.3812		 -0.3171		 -0.2686		 -0.2241		     NaN		
 1.100		 -0.1125		 -0.1743		 -0.2302		 -0.2979		 -0.4061		 -0.5419		 -0.6931		 -0.8037		 -0.9578		 -1.0276		 -1.0910		 -1.1514		 -1.2709		 -1.2926		 -1.3814		 -1.4938		 -1.6309		 -1.7405		 -1.8470		 -2.0223		 -2.2808		 -2.3940		 -2.5746		 -2.8991		 -3.2338		 -3.4084		 -3.8818		 -4.2700		 -4.6496		 -4.9279		 -5.2464		 -5.4633		 -5.5800		 -5.4084		 -5.1612		 -4.8383		 -4.3348		 -3.8394		 -3.4188		 -3.0120		 -2.6211		 -2.2919		 -2.0015		 -1.7608		 -1.5375		 -1.3510		 -1.1606		 -0.9891		 -0.8306		 -0.6856		 -0.5603		 -0.4614		 -0.3876		 -0.3226		 -0.2733		 -0.2280		     NaN		
 1.110		 -0.1136		 -0.1759		 -0.2324		 -0.3008		 -0.4099		 -0.5468		 -0.6991		 -0.8107		 -0.9659		 -1.0364		 -1.1004		 -1.1612		 -1.2813		 -1.3036		 -1.3930		 -1.5062		 -1.6441		 -1.7546		 -1.8618		 -2.0385		 -2.2981		 -2.4125		 -2.5944		 -2.9210		 -3.2574		 -3.4336		 -3.9099		 -4.3001		 -4.6824		 -4.9628		 -5.2840		 -5.5030		 -5.6228		 -5.4516		 -5.2051		 -4.8824		 -4.3773		 -3.8795		 -3.4568		 -3.0473		 -2.6532		 -2.3212		 -2.0279		 -1.7848		 -1.5590		 -1.3705		 -1.1777		 -1.0041		 -0.8436		 -0.6965		 -0.5694		 -0.4691		 -0.3941		 -0.3281		 -0.2780		 -0.2320		     NaN		
 1.120		 -0.1148		 -0.1776		 -0.2347		 -0.3037		 -0.4137		 -0.5516		 -0.7051		 -0.8177		 -0.9739		 -1.0451		 -1.1097		 -1.1711		 -1.2918		 -1.3146		 -1.4047		 -1.5185		 -1.6573		 -1.7686		 -1.8766		 -2.0545		 -2.3154		 -2.4310		 -2.6141		 -2.9429		 -3.2809		 -3.4587		 -3.9378		 -4.3301		 -4.7150		 -4.9976		 -5.3214		 -5.5426		 -5.6654		 -5.4946		 -5.2490		 -4.9265		 -4.4198		 -3.9196		 -3.4948		 -3.0827		 -2.6854		 -2.3505		 -2.0544		 -1.8088		 -1.5807		 -1.3901		 -1.1950		 -1.0192		 -0.8565		 -0.7074		 -0.5786		 -0.4768		 -0.4007		 -0.3337		 -0.2827		 -0.2360		     NaN		
 1.130		 -0.1159		 -0.1793		 -0.2369		 -0.3066		 -0.4176		 -0.5564		 -0.7110		 -0.8248		 -0.9819		 -1.0538		 -1.1190		 -1.1810		 -1.3022		 -1.3256		 -1.4164		 -1.5308		 -1.6704		 -1.7826		 -1.8913		 -2.0705		 -2.3327		 -2.4494		 -2.6336		 -2.9647		 -3.3044		 -3.4837		 -3.9656		 -4.3600		 -4.7474		 -5.0322		 -5.3586		 -5.5820		 -5.7078		 -5.5375		 -5.2928		 -4.9705		 -4.4622		 -3.9598		 -3.5328		 -3.1182		 -2.7175		 -2.3800		 -2.0809		 -1.8330		 -1.6025		 -1.4098		 -1.2123		 -1.0343		 -0.8696		 -0.7184		 -0.5878		 -0.4845		 -0.4073		 -0.3393		 -0.2875		 -0.2400		     NaN		
 1.140		 -0.1170		 -0.1810		 -0.2391		 -0.3095		 -0.4214		 -0.5613		 -0.7170		 -0.8318		 -0.9900		 -1.0624		 -1.1283		 -1.1908		 -1.3127		 -1.3365		 -1.4280		 -1.5430		 -1.6835		 -1.7966		 -1.9060		 -2.0865		 -2.3499		 -2.4678		 -2.6531		 -2.9865		 -3.3277		 -3.5087		 -3.9933		 -4.3897		 -4.7797		 -5.0668		 -5.3957		 -5.6213		 -5.7500		 -5.5803		 -5.3363		 -5.0145		 -4.5046		 -4.0000		 -3.5708		 -3.1537		 -2.7498		 -2.4096		 -2.1076		 -1.8573		 -1.6243		 -1.4296		 -1.2297		 -1.0496		 -0.8827		 -0.7295		 -0.5971		 -0.4923		 -0.4140		 -0.3449		 -0.2923		 -0.2441		     NaN		
 1.150		 -0.1181		 -0.1827		 -0.2413		 -0.3123		 -0.4252		 -0.5661		 -0.7229		 -0.8388		 -0.9980		 -1.0711		 -1.1375		 -1.2007		 -1.3231		 -1.3474		 -1.4396		 -1.5552		 -1.6966		 -1.8105		 -1.9207		 -2.1024		 -2.3671		 -2.4862		 -2.6726		 -3.0081		 -3.3510		 -3.5335		 -4.0208		 -4.4193		 -4.8119		 -5.1012		 -5.4326		 -5.6605		 -5.7921		 -5.6230		 -5.3798		 -5.0583		 -4.5471		 -4.0402		 -3.6089		 -3.1893		 -2.7822		 -2.4392		 -2.1344		 -1.8817		 -1.6463		 -1.4495		 -1.2471		 -1.0649		 -0.8959		 -0.7407		 -0.6064		 -0.5002		 -0.4207		 -0.3506		 -0.2972		 -0.2482		     NaN		
 1.160		 -0.1193		 -0.1844		 -0.2435		 -0.3152		 -0.4290		 -0.5709		 -0.7288		 -0.8458		 -1.0059		 -1.0797		 -1.1468		 -1.2105		 -1.3334		 -1.3583		 -1.4512		 -1.5673		 -1.7096		 -1.8244		 -1.9354		 -2.1183		 -2.3843		 -2.5044		 -2.6919		 -3.0297		 -3.3741		 -3.5583		 -4.0482		 -4.4488		 -4.8439		 -5.1355		 -5.4694		 -5.6995		 -5.8341		 -5.6656		 -5.4230		 -5.1020		 -4.5895		 -4.0804		 -3.6470		 -3.2250		 -2.8146		 -2.4690		 -2.1613		 -1.9063		 -1.6684		 -1.4695		 -1.2646		 -1.0803		 -0.9092		 -0.7519		 -0.6158		 -0.5081		 -0.4274		 -0.3563		 -0.3021		 -0.2523		     NaN		
 1.170		 -0.1204		 -0.1860		 -0.2457		 -0.3181		 -0.4328		 -0.5757		 -0.7347		 -0.8528		 -1.0139		 -1.0882		 -1.1560		 -1.2202		 -1.3438		 -1.3691		 -1.4628		 -1.5794		 -1.7226		 -1.8383		 -1.9500		 -2.1341		 -2.4014		 -2.5227		 -2.7113		 -3.0512		 -3.3972		 -3.5830		 -4.0754		 -4.4781		 -4.8757		 -5.1697		 -5.5060		 -5.7384		 -5.8759		 -5.7080		 -5.4662		 -5.1456		 -4.6318		 -4.1206		 -3.6851		 -3.2607		 -2.8472		 -2.4988		 -2.1884		 -1.9309		 -1.6906		 -1.4895		 -1.2822		 -1.0958		 -0.9225		 -0.7631		 -0.6252		 -0.5161		 -0.4342		 -0.3621		 -0.3070		 -0.2564		     NaN		
 1.180		 -0.1215		 -0.1877		 -0.2479		 -0.3210		 -0.4366		 -0.5805		 -0.7405		 -0.8597		 -1.0218		 -1.0968		 -1.1652		 -1.2299		 -1.3541		 -1.3800		 -1.4743		 -1.5914		 -1.7356		 -1.8521		 -1.9646		 -2.1498		 -2.4185		 -2.5408		 -2.7306		 -3.0725		 -3.4202		 -3.6076		 -4.1025		 -4.5072		 -4.9075		 -5.2038		 -5.5424		 -5.7772		 -5.9175		 -5.7502		 -5.5093		 -5.1891		 -4.6742		 -4.1609		 -3.7233		 -3.2965		 -2.8799		 -2.5288		 -2.2155		 -1.9557		 -1.7129		 -1.5097		 -1.2998		 -1.1113		 -0.9359		 -0.7744		 -0.6347		 -0.5241		 -0.4411		 -0.3679		 -0.3120		 -0.2606		     NaN		
 1.190		     NaN		 -0.1894		 -0.2501		 -0.3238		 -0.4402		 -0.5853		 -0.7465		 -0.8668		 -1.0298		 -1.1054		 -1.1743		 -1.2397		 -1.3644		 -1.3908		 -1.4858		 -1.6035		 -1.7484		 -1.8658		 -1.9793		 -2.1655		 -2.4354		 -2.5590		 -2.7500		 -3.0935		 -3.4429		 -3.6323		 -4.1294		 -4.5362		 -4.9388		 -5.2379		 -5.5790		 -5.8160		 -5.9586		 -5.7929		 -5.5529		 -5.2324		 -4.7165		 -4.2016		 -3.7618		 -3.3322		 -2.9127		 -2.5588		 -2.2428		 -1.9804		 -1.7352		 -1.5298		 -1.3177		 -1.1270		 -0.9492		 -0.7857		 -0.6442		 -0.5321		 -0.4479		 -0.3736		 -0.3169		 -0.2649		     NaN		
 1.200		     NaN		     NaN		 -0.2524		 -0.3266		 -0.4437		 -0.5899		 -0.7526		 -0.8741		 -1.0378		 -1.1139		 -1.1835		 -1.2494		 -1.3746		 -1.4017		 -1.4972		 -1.6155		 -1.7610		 -1.8794		 -1.9940		 -2.1811		 -2.4519		 -2.5771		 -2.7695		 -3.1140		 -3.4654		 -3.6571		 -4.1560		 -4.5650		 -4.9698		 -5.2719		 -5.6157		 -5.8549		 -5.9991		 -5.8362		 -5.5971		 -5.2757		 -4.7588		 -4.2429		 -3.8006		 -3.3679		 -2.9456		 -2.5888		 -2.2701		 -2.0050		 -1.7576		 -1.5500		 -1.3359		 -1.1428		 -0.9625		 -0.7968		 -0.6536		 -0.5401		 -0.4546		 -0.3794		 -0.3219		 -0.2691		     NaN		
 1.210		     NaN		     NaN		 -0.2546		 -0.3294		 -0.4471		 -0.5945		 -0.7587		 -0.8815		 -1.0458		 -1.1224		 -1.1926		 -1.2592		 -1.3849		 -1.4125		 -1.5086		 -1.6274		 -1.7734		 -1.8930		 -2.0087		 -2.1967		 -2.4685		 -2.5952		 -2.7890		 -3.1344		 -3.4879		 -3.6818		 -4.1826		 -4.5938		 -5.0006		 -5.3057		 -5.6522		 -5.8936		 -6.0395		 -5.8792		 -5.6411		 -5.3189		 -4.8012		 -4.2841		 -3.8394		 -3.4037		 -2.9787		 -2.6189		 -2.2975		 -2.0296		 -1.7800		 -1.5703		 -1.3541		 -1.1586		 -0.9759		 -0.8080		 -0.6631		 -0.5482		 -0.4614		 -0.3852		 -0.3268		 -0.2734		     NaN		
 1.220		     NaN		     NaN		 -0.2568		 -0.3322		 -0.4506		 -0.5991		 -0.7648		 -0.8889		 -1.0538		 -1.1309		 -1.2017		 -1.2690		 -1.3952		 -1.4233		 -1.5199		 -1.6394		 -1.7859		 -1.9065		 -2.0233		 -2.2122		 -2.4850		 -2.6133		 -2.8084		 -3.1548		 -3.5102		 -3.7065		 -4.2091		 -4.6224		 -5.0313		 -5.3394		 -5.6886		 -5.9321		 -6.0797		 -5.9222		 -5.6851		 -5.3621		 -4.8436		 -4.3252		 -3.8782		 -3.4395		 -3.0119		 -2.6492		 -2.3249		 -2.0543		 -1.8025		 -1.5906		 -1.3724		 -1.1745		 -0.9893		 -0.8193		 -0.6726		 -0.5563		 -0.4683		 -0.3911		 -0.3318		 -0.2777		     NaN		
 1.230		     NaN		     NaN		     NaN		 -0.3348		 -0.4541		 -0.6037		 -0.7710		 -0.8964		 -1.0618		 -1.1393		 -1.2108		 -1.2788		 -1.4054		 -1.4340		 -1.5313		 -1.6512		 -1.7983		 -1.9200		 -2.0379		 -2.2277		 -2.5014		 -2.6314		 -2.8277		 -3.1752		 -3.5324		 -3.7311		 -4.2354		 -4.6510		 -5.0619		 -5.3729		 -5.7249		 -5.9705		 -6.1198		 -5.9650		 -5.7291		 -5.4053		 -4.8859		 -4.3663		 -3.9169		 -3.4754		 -3.0452		 -2.6795		 -2.3524		 -2.0790		 -1.8251		 -1.6111		 -1.3907		 -1.1905		 -1.0028		 -0.8306		 -0.6822		 -0.5645		 -0.4752		 -0.3969		 -0.3368		 -0.2821		     NaN		
 1.240		     NaN		     NaN		     NaN		     NaN		 -0.4579		 -0.6085		 -0.7771		 -0.9039		 -1.0699		 -1.1476		 -1.2198		 -1.2886		 -1.4157		 -1.4447		 -1.5427		 -1.6631		 -1.8107		 -1.9335		 -2.0524		 -2.2431		 -2.5178		 -2.6495		 -2.8469		 -3.1954		 -3.5546		 -3.7556		 -4.2617		 -4.6794		 -5.0924		 -5.4063		 -5.7609		 -6.0088		 -6.1598		 -6.0077		 -5.7730		 -5.4484		 -4.9282		 -4.4073		 -3.9556		 -3.5113		 -3.0785		 -2.7100		 -2.3799		 -2.1037		 -1.8478		 -1.6317		 -1.4092		 -1.2066		 -1.0163		 -0.8419		 -0.6918		 -0.5728		 -0.4821		 -0.4028		 -0.3419		 -0.2865		     NaN		
 1.250		     NaN		     NaN		     NaN		     NaN		     NaN		 -0.6133		 -0.7832		 -0.9114		 -1.0770		 -1.1555		 -1.2294		 -1.2994		 -1.4259		 -1.4554		 -1.5540		 -1.6749		 -1.8231		 -1.9469		 -2.0669		 -2.2584		 -2.5341		 -2.6674		 -2.8661		 -3.2157		 -3.5767		 -3.7799		 -4.2878		 -4.7078		 -5.1228		 -5.4396		 -5.7969		 -6.0469		 -6.1996		 -6.0504		 -5.8170		 -5.4916		 -4.9703		 -4.4483		 -3.9943		 -3.5472		 -3.1119		 -2.7405		 -2.4075		 -2.1286		 -1.8705		 -1.6524		 -1.4277		 -1.2228		 -1.0300		 -0.8534		 -0.7015		 -0.5811		 -0.4891		 -0.4088		 -0.3470		 -0.2909		     NaN		
 1.260		     NaN		     NaN		     NaN		     NaN		     NaN		     NaN		 -0.7901		 -0.9184		 -1.0824		 -1.1625		 -1.2397		 -1.3118		 -1.4362		 -1.4660		 -1.5653		 -1.6868		 -1.8355		 -1.9603		 -2.0813		 -2.2736		 -2.5504		 -2.6854		 -2.8852		 -3.2358		 -3.5987		 -3.8042		 -4.3137		 -4.7360		 -5.1531		 -5.4727		 -5.8327		 -6.0848		 -6.2393		 -6.0930		 -5.8610		 -5.5347		 -5.0125		 -4.4892		 -4.0330		 -3.5831		 -3.1452		 -2.7711		 -2.4353		 -2.1536		 -1.8933		 -1.6731		 -1.4463		 -1.2390		 -1.0437		 -0.8649		 -0.7112		 -0.5895		 -0.4961		 -0.4148		 -0.3521		 -0.2953		     NaN		
 1.270		     NaN		     NaN		     NaN		     NaN		     NaN		     NaN		     NaN		 -0.9227		 -1.0867		 -1.1698		 -1.2525		 -1.3255		 -1.4464		 -1.4766		 -1.5766		 -1.6986		 -1.8479		 -1.9737		 -2.0957		 -2.2889		 -2.5666		 -2.7033		 -2.9043		 -3.2560		 -3.6206		 -3.8283		 -4.3395		 -4.7640		 -5.1833		 -5.5057		 -5.8683		 -6.1225		 -6.2788		 -6.1355		 -5.9049		 -5.5777		 -5.0544		 -4.5302		 -4.0718		 -3.6191		 -3.1785		 -2.8017		 -2.4632		 -2.1788		 -1.9162		 -1.6939		 -1.4650		 -1.2553		 -1.0575		 -0.8765		 -0.7210		 -0.5979		 -0.5032		 -0.4208		 -0.3572		 -0.2998		     NaN		
 1.280		     NaN		     NaN		     NaN		     NaN		     NaN		     NaN		     NaN		     NaN		     NaN		     NaN		     NaN		 -1.3375		 -1.4566		 -1.4872		 -1.5879		 -1.7105		 -1.8602		 -1.9870		 -2.1101		 -2.3041		 -2.5827		 -2.7211		 -2.9234		 -3.2760		 -3.6424		 -3.8523		 -4.3652		 -4.7920		 -5.2134		 -5.5386		 -5.9038		 -6.1601		 -6.3182		 -6.1779		 -5.9488		 -5.6207		 -5.0964		 -4.5711		 -4.1106		 -3.6551		 -3.2117		 -2.8324		 -2.4913		 -2.2041		 -1.9392		 -1.7148		 -1.4837		 -1.2717		 -1.0714		 -0.8882		 -0.7309		 -0.6063		 -0.5103		 -0.4268		 -0.3624		 -0.3042		     NaN		
 1.290		     NaN		     NaN		     NaN		     NaN		     NaN		     NaN		     NaN		     NaN		     NaN		     NaN		     NaN		     NaN		     NaN		 -1.4966		 -1.5991		 -1.7231		 -1.8725		 -2.0002		 -2.1245		 -2.3193		 -2.5988		 -2.7388		 -2.9424		 -3.2960		 -3.6641		 -3.8762		 -4.3908		 -4.8198		 -5.2434		 -5.5713		 -5.9391		 -6.1976		 -6.3576		 -6.2202		 -5.9926		 -5.6635		 -5.1382		 -4.6121		 -4.1496		 -3.6910		 -3.2449		 -2.8630		 -2.5194		 -2.2296		 -1.9624		 -1.7358		 -1.5025		 -1.2882		 -1.0854		 -0.8999		 -0.7407		 -0.6148		 -0.5175		 -0.4330		 -0.3676		 -0.3088		     NaN		
 1.300		     NaN		     NaN		     NaN		     NaN		     NaN		     NaN		     NaN		     NaN		     NaN		     NaN		     NaN		     NaN		     NaN		     NaN		     NaN		     NaN		     NaN		 -2.0137		 -2.1388		 -2.3344		 -2.6148		 -2.7566		 -2.9613		 -3.3159		 -3.6858		 -3.9000		 -4.4163		 -4.8475		 -5.2734		 -5.6039		 -5.9742		 -6.2349		 -6.3968		 -6.2624		 -6.0361		 -5.7061		 -5.1800		 -4.6531		 -4.1886		 -3.7270		 -3.2782		 -2.8936		 -2.5476		 -2.2552		 -1.9856		 -1.7568		 -1.5214		 -1.3047		 -1.0994		 -0.9117		 -0.7507		 -0.6234		 -0.5247		 -0.4391		 -0.3729		 -0.3133		     NaN		
 1.310		     NaN		     NaN		     NaN		     NaN		     NaN		     NaN		     NaN		     NaN		     NaN		     NaN		     NaN		     NaN		     NaN		     NaN		     NaN		     NaN		     NaN		     NaN		     NaN		     NaN		 -2.6307		 -2.7741		 -2.9801		 -3.3357		 -3.7073		 -3.9236		 -4.4417		 -4.8752		 -5.3033		 -5.6364		 -6.0092		 -6.2720		 -6.4360		 -6.3044		 -6.0795		 -5.7487		 -5.2218		 -4.6941		 -4.2277		 -3.7631		 -3.3114		 -2.9242		 -2.5759		 -2.2810		 -2.0090		 -1.7779		 -1.5404		 -1.3213		 -1.1135		 -0.9236		 -0.7607		 -0.6319		 -0.5320		 -0.4453		 -0.3782		 -0.3179		     NaN		
 1.320		     NaN		     NaN		     NaN		     NaN		     NaN		     NaN		     NaN		     NaN		     NaN		     NaN		     NaN		     NaN		     NaN		     NaN		     NaN		     NaN		     NaN		     NaN		     NaN		     NaN		     NaN		     NaN		     NaN		 -3.3553		 -3.7288		 -3.9471		 -4.4670		 -4.9028		 -5.3331		 -5.6688		 -6.0439		 -6.3090		 -6.4750		 -6.3462		 -6.1226		 -5.7911		 -5.2637		 -4.7352		 -4.2669		 -3.7991		 -3.3447		 -2.9549		 -2.6044		 -2.3068		 -2.0325		 -1.7991		 -1.5594		 -1.3380		 -1.1276		 -0.9355		 -0.7707		 -0.6406		 -0.5393		 -0.4516		 -0.3835		 -0.3225		     NaN		
 1.330		     NaN		     NaN		     NaN		     NaN		     NaN		     NaN		     NaN		     NaN		     NaN		     NaN		     NaN		     NaN		     NaN		     NaN		     NaN		     NaN		     NaN		     NaN		     NaN		     NaN		     NaN		     NaN		     NaN		     NaN		     NaN		 -3.9725		 -4.4931		 -4.9303		 -5.3628		 -5.7011		 -6.0785		 -6.3458		 -6.5139		 -6.3879		 -6.1656		 -5.8335		 -5.3055		 -4.7763		 -4.3061		 -3.8352		 -3.3782		 -2.9856		 -2.6328		 -2.3327		 -2.0561		 -1.8204		 -1.5786		 -1.3547		 -1.1418		 -0.9474		 -0.7808		 -0.6493		 -0.5467		 -0.4579		 -0.3889		 -0.3272		     NaN		
 1.340		     NaN		     NaN		     NaN		     NaN		     NaN		     NaN		     NaN		     NaN		     NaN		     NaN		     NaN		     NaN		     NaN		     NaN		     NaN		     NaN		     NaN		     NaN		     NaN		     NaN		     NaN		     NaN		     NaN		     NaN		     NaN		     NaN		     NaN		 -4.9576		 -5.3924		 -5.7332		 -6.1129		 -6.3824		 -6.5527		 -6.4295		 -6.2083		 -5.8758		 -5.3473		 -4.8174		 -4.3453		 -3.8714		 -3.4116		 -3.0164		 -2.6614		 -2.3586		 -2.0797		 -1.8418		 -1.5980		 -1.3716		 -1.1561		 -0.9594		 -0.7910		 -0.6580		 -0.5541		 -0.4642		 -0.3943		 -0.3319		     NaN		
 1.350		     NaN		     NaN		     NaN		     NaN		     NaN		     NaN		     NaN		     NaN		     NaN		     NaN		     NaN		     NaN		     NaN		     NaN		     NaN		     NaN		     NaN		     NaN		     NaN		     NaN		     NaN		     NaN		     NaN		     NaN		     NaN		     NaN		     NaN		     NaN		 -5.4223		 -5.7654		 -6.1471		 -6.4188		 -6.5913		 -6.4709		 -6.2508		 -5.9180		 -5.3892		 -4.8586		 -4.3845		 -3.9077		 -3.4452		 -3.0473		 -2.6899		 -2.3845		 -2.1034		 -1.8634		 -1.6174		 -1.3885		 -1.1704		 -0.9715		 -0.8012		 -0.6668		 -0.5616		 -0.4706		 -0.3998		 -0.3366		     NaN		
 1.360		     NaN		     NaN		     NaN		     NaN		     NaN		     NaN		     NaN		     NaN		     NaN		     NaN		     NaN		     NaN		     NaN		     NaN		     NaN		     NaN		     NaN		     NaN		     NaN		     NaN		     NaN		     NaN		     NaN		     NaN		     NaN		     NaN		     NaN		     NaN		     NaN		     NaN		 -6.1818		 -6.4553		 -6.6299		 -6.5122		 -6.2932		 -5.9601		 -5.4311		 -4.8999		 -4.4237		 -3.9440		 -3.4788		 -3.0781		 -2.7185		 -2.4105		 -2.1272		 -1.8850		 -1.6370		 -1.4055		 -1.1847		 -0.9836		 -0.8115		 -0.6756		 -0.5691		 -0.4770		 -0.4053		 -0.3414		     NaN		
 1.370		     NaN		     NaN		     NaN		     NaN		     NaN		     NaN		     NaN		     NaN		     NaN		     NaN		     NaN		     NaN		     NaN		     NaN		     NaN		     NaN		     NaN		     NaN		     NaN		     NaN		     NaN		     NaN		     NaN		     NaN		     NaN		     NaN		     NaN		     NaN		     NaN		     NaN		     NaN		 -6.4911		 -6.6681		 -6.5534		 -6.3356		 -6.0021		 -5.4729		 -4.9411		 -4.4629		 -3.9805		 -3.5125		 -3.1090		 -2.7472		 -2.4367		 -2.1511		 -1.9067		 -1.6567		 -1.4226		 -1.1991		 -0.9958		 -0.8218		 -0.6844		 -0.5766		 -0.4834		 -0.4108		 -0.3462		     NaN		
 1.380		     NaN		     NaN		     NaN		     NaN		     NaN		     NaN		     NaN		     NaN		     NaN		     NaN		     NaN		     NaN		     NaN		     NaN		     NaN		     NaN		     NaN		     NaN		     NaN		     NaN		     NaN		     NaN		     NaN		     NaN		     NaN		     NaN		     NaN		     NaN		     NaN		     NaN		     NaN		     NaN		 -6.7062		 -6.5941		 -6.3778		 -6.0440		 -5.5146		 -4.9823		 -4.5022		 -4.0170		 -3.5462		 -3.1400		 -2.7759		 -2.4629		 -2.1750		 -1.9285		 -1.6764		 -1.4398		 -1.2136		 -1.0080		 -0.8322		 -0.6933		 -0.5841		 -0.4899		 -0.4163		 -0.3510		     NaN		
 1.390		     NaN		     NaN		     NaN		     NaN		     NaN		     NaN		     NaN		     NaN		     NaN		     NaN		     NaN		     NaN		     NaN		     NaN		     NaN		     NaN		     NaN		     NaN		     NaN		     NaN		     NaN		     NaN		     NaN		     NaN		     NaN		     NaN		     NaN		     NaN		     NaN		     NaN		     NaN		     NaN		     NaN		 -6.6357		 -6.4200		 -6.0858		 -5.5562		 -5.0234		 -4.5415		 -4.0537		 -3.5801		 -3.1711		 -2.8046		 -2.4892		 -2.1990		 -1.9503		 -1.6961		 -1.4570		 -1.2281		 -1.0203		 -0.8426		 -0.7023		 -0.5918		 -0.4965		 -0.4219		 -0.3558		     NaN		
 1.400		     NaN		     NaN		     NaN		     NaN		     NaN		     NaN		     NaN		     NaN		     NaN		     NaN		     NaN		     NaN		     NaN		     NaN		     NaN		     NaN		     NaN		     NaN		     NaN		     NaN		     NaN		     NaN		     NaN		     NaN		     NaN		     NaN		     NaN		     NaN		     NaN		     NaN		     NaN		     NaN		     NaN		     NaN		     NaN		 -6.1273		 -5.5975		 -5.0644		 -4.5808		 -4.0904		 -3.6141		 -3.2023		 -2.8334		 -2.5156		 -2.2231		 -1.9722		 -1.7159		 -1.4742		 -1.2427		 -1.0327		 -0.8531		 -0.7112		 -0.5994		 -0.5030		 -0.4275		 -0.3607		     NaN		
 1.410		     NaN		     NaN		     NaN		     NaN		     NaN		     NaN		     NaN		     NaN		     NaN		     NaN		     NaN		     NaN		     NaN		     NaN		     NaN		     NaN		     NaN		     NaN		     NaN		     NaN		     NaN		     NaN		     NaN		     NaN		     NaN		     NaN		     NaN		     NaN		     NaN		     NaN		     NaN		     NaN		     NaN		     NaN		     NaN		     NaN		 -5.6385		 -5.1049		 -4.6202		 -4.1273		 -3.6482		 -3.2335		 -2.8622		 -2.5420		 -2.2473		 -1.9941		 -1.7356		 -1.4915		 -1.2574		 -1.0451		 -0.8636		 -0.7202		 -0.6071		 -0.5096		 -0.4332		 -0.3656		     NaN		
 1.420		     NaN		     NaN		     NaN		     NaN		     NaN		     NaN		     NaN		     NaN		     NaN		     NaN		     NaN		     NaN		     NaN		     NaN		     NaN		     NaN		     NaN		     NaN		     NaN		     NaN		     NaN		     NaN		     NaN		     NaN		     NaN		     NaN		     NaN		     NaN		     NaN		     NaN		     NaN		     NaN		     NaN		     NaN		     NaN		     NaN		     NaN		 -5.1457		 -4.6594		 -4.1641		 -3.6823		 -3.2650		 -2.8911		 -2.5685		 -2.2715		 -2.0161		 -1.7555		 -1.5089		 -1.2722		 -1.0576		 -0.8742		 -0.7293		 -0.6148		 -0.5162		 -0.4389		 -0.3706		     NaN		
 1.430		     NaN		     NaN		     NaN		     NaN		     NaN		     NaN		     NaN		     NaN		     NaN		     NaN		     NaN		     NaN		     NaN		     NaN		     NaN		     NaN		     NaN		     NaN		     NaN		     NaN		     NaN		     NaN		     NaN		     NaN		     NaN		     NaN		     NaN		     NaN		     NaN		     NaN		     NaN		     NaN		     NaN		     NaN		     NaN		     NaN		     NaN		     NaN		 -4.6986		 -4.2010		 -3.7166		 -3.2966		 -2.9201		 -2.5951		 -2.2958		 -2.0381		 -1.7754		 -1.5263		 -1.2871		 -1.0701		 -0.8849		 -0.7384		 -0.6225		 -0.5229		 -0.4446		 -0.3755		     NaN		
 1.440		     NaN		     NaN		     NaN		     NaN		     NaN		     NaN		     NaN		     NaN		     NaN		     NaN		     NaN		     NaN		     NaN		     NaN		     NaN		     NaN		     NaN		     NaN		     NaN		     NaN		     NaN		     NaN		     NaN		     NaN		     NaN		     NaN		     NaN		     NaN		     NaN		     NaN		     NaN		     NaN		     NaN		     NaN		     NaN		     NaN		     NaN		     NaN		     NaN		 -4.2379		 -3.7510		 -3.3285		 -2.9492		 -2.6216		 -2.3200		 -2.0601		 -1.7954		 -1.5438		 -1.3020		 -1.0827		 -0.8956		 -0.7476		 -0.6304		 -0.5296		 -0.4503		 -0.3805		     NaN		
 1.450		     NaN		     NaN		     NaN		     NaN		     NaN		     NaN		     NaN		     NaN		     NaN		     NaN		     NaN		     NaN		     NaN		     NaN		     NaN		     NaN		     NaN		     NaN		     NaN		     NaN		     NaN		     NaN		     NaN		     NaN		     NaN		     NaN		     NaN		     NaN		     NaN		     NaN		     NaN		     NaN		     NaN		     NaN		     NaN		     NaN		     NaN		     NaN		     NaN		     NaN		 -3.7859		 -3.3606		 -2.9783		 -2.6483		 -2.3444		 -2.0821		 -1.8154		 -1.5614		 -1.3171		 -1.0954		 -0.9064		 -0.7568		 -0.6382		 -0.5363		 -0.4561		 -0.3855		     NaN		
 1.460		     NaN		     NaN		     NaN		     NaN		     NaN		     NaN		     NaN		     NaN		     NaN		     NaN		     NaN		     NaN		     NaN		     NaN		     NaN		     NaN		     NaN		     NaN		     NaN		     NaN		     NaN		     NaN		     NaN		     NaN		     NaN		     NaN		     NaN		     NaN		     NaN		     NaN		     NaN		     NaN		     NaN		     NaN		     NaN		     NaN		     NaN		     NaN		     NaN		     NaN		     NaN		 -3.3923		 -3.0075		 -2.6750		 -2.3687		 -2.1042		 -1.8354		 -1.5790		 -1.3322		 -1.1081		 -0.9172		 -0.7661		 -0.6461		 -0.5431		 -0.4619		 -0.3906		     NaN		
 1.470		     NaN		     NaN		     NaN		     NaN		     NaN		     NaN		     NaN		     NaN		     NaN		     NaN		     NaN		     NaN		     NaN		     NaN		     NaN		     NaN		     NaN		     NaN		     NaN		     NaN		     NaN		     NaN		     NaN		     NaN		     NaN		     NaN		     NaN		     NaN		     NaN		     NaN		     NaN		     NaN		     NaN		     NaN		     NaN		     NaN		     NaN		     NaN		     NaN		     NaN		     NaN		     NaN		     NaN		 -2.7017		 -2.3931		 -2.1263		 -1.8556		 -1.5967		 -1.3474		 -1.1209		 -0.9281		 -0.7754		 -0.6541		 -0.5499		 -0.4677		 -0.3957		     NaN		
 1.480		     NaN		     NaN		     NaN		     NaN		     NaN		     NaN		     NaN		     NaN		     NaN		     NaN		     NaN		     NaN		     NaN		     NaN		     NaN		     NaN		     NaN		     NaN		     NaN		     NaN		     NaN		     NaN		     NaN		     NaN		     NaN		     NaN		     NaN		     NaN		     NaN		     NaN		     NaN		     NaN		     NaN		     NaN		     NaN		     NaN		     NaN		     NaN		     NaN		     NaN		     NaN		     NaN		     NaN		     NaN		 -2.4168		     NaN		     NaN		 -1.6146		 -1.3627		 -1.1337		 -0.9391		 -0.7848		 -0.6620		 -0.5567		 -0.4735		 -0.4008		     NaN		
 1.490		     NaN		     NaN		     NaN		     NaN		     NaN		     NaN		     NaN		     NaN		     NaN		     NaN		     NaN		     NaN		     NaN		     NaN		     NaN		     NaN		     NaN		     NaN		     NaN		     NaN		     NaN		     NaN		     NaN		     NaN		     NaN		     NaN		     NaN		     NaN		     NaN		     NaN		     NaN		     NaN		     NaN		     NaN		     NaN		     NaN		     NaN		     NaN		     NaN		     NaN		     NaN		     NaN		     NaN		     NaN		     NaN		     NaN		     NaN		 -1.6342		 -1.3788		 -1.1466		 -0.9501		 -0.7943		 -0.6701		 -0.5635		 -0.4794		 -0.4059		     NaN		
 1.500		     NaN		     NaN		     NaN		     NaN		     NaN		     NaN		     NaN		     NaN		     NaN		     NaN		     NaN		     NaN		     NaN		     NaN		     NaN		     NaN		     NaN		     NaN		     NaN		     NaN		     NaN		     NaN		     NaN		     NaN		     NaN		     NaN		     NaN		     NaN		     NaN		     NaN		     NaN		     NaN		     NaN		     NaN		     NaN		     NaN		     NaN		     NaN		     NaN		     NaN		     NaN		     NaN		     NaN		     NaN		     NaN		     NaN		     NaN		     NaN		 -1.3947		 -1.1596		 -0.9611		 -0.8038		 -0.6781		 -0.5704		 -0.4853		 -0.4111		     NaN		
 1.510		     NaN		     NaN		     NaN		     NaN		     NaN		     NaN		     NaN		     NaN		     NaN		     NaN		     NaN		     NaN		     NaN		     NaN		     NaN		     NaN		     NaN		     NaN		     NaN		     NaN		     NaN		     NaN		     NaN		     NaN		     NaN		     NaN		     NaN		     NaN		     NaN		     NaN		     NaN		     NaN		     NaN		     NaN		     NaN		     NaN		     NaN		     NaN		     NaN		     NaN		     NaN		     NaN		     NaN		     NaN		     NaN		     NaN		     NaN		     NaN		     NaN		 -1.1727		 -0.9721		 -0.8129		 -0.6860		 -0.5776		 -0.4917		 -0.4164		     NaN		
 1.520		     NaN		     NaN		     NaN		     NaN		     NaN		     NaN		     NaN		     NaN		     NaN		     NaN		     NaN		     NaN		     NaN		     NaN		     NaN		     NaN		     NaN		     NaN		     NaN		     NaN		     NaN		     NaN		     NaN		     NaN		     NaN		     NaN		     NaN		     NaN		     NaN		     NaN		     NaN		     NaN		     NaN		     NaN		     NaN		     NaN		     NaN		     NaN		     NaN		     NaN		     NaN		     NaN		     NaN		     NaN		     NaN		     NaN		     NaN		     NaN		     NaN		 -1.1852		 -0.9836		     NaN		     NaN		 -0.5878		 -0.4995		 -0.4221		     NaN		
 1.530		     NaN		     NaN		     NaN		     NaN		     NaN		     NaN		     NaN		     NaN		     NaN		     NaN		     NaN		     NaN		     NaN		     NaN		     NaN		     NaN		     NaN		     NaN		     NaN		     NaN		     NaN		     NaN		     NaN		     NaN		     NaN		     NaN		     NaN		     NaN		     NaN		     NaN		     NaN		     NaN		     NaN		     NaN		     NaN		     NaN		     NaN		     NaN		     NaN		     NaN		     NaN		     NaN		     NaN		     NaN		     NaN		     NaN		     NaN		     NaN		     NaN		     NaN		     NaN		     NaN		     NaN		 -0.6005		 -0.5077		 -0.4277		     NaN		
 1.540		     NaN		     NaN		     NaN		     NaN		     NaN		     NaN		     NaN		     NaN		     NaN		     NaN		     NaN		     NaN		     NaN		     NaN		     NaN		     NaN		     NaN		     NaN		     NaN		     NaN		     NaN		     NaN		     NaN		     NaN		     NaN		     NaN		     NaN		     NaN		     NaN		     NaN		     NaN		     NaN		     NaN		     NaN		     NaN		     NaN		     NaN		     NaN		     NaN		     NaN		     NaN		     NaN		     NaN		     NaN		     NaN		     NaN		     NaN		     NaN		     NaN		     NaN		     NaN		     NaN		     NaN		     NaN		 -0.5146		 -0.4328		     NaN		
 1.550		     NaN		     NaN		     NaN		     NaN		     NaN		     NaN		     NaN		     NaN		     NaN		     NaN		     NaN		     NaN		     NaN		     NaN		     NaN		     NaN		     NaN		     NaN		     NaN		     NaN		     NaN		     NaN		     NaN		     NaN		     NaN		     NaN		     NaN		     NaN		     NaN		     NaN		     NaN		     NaN		     NaN		     NaN		     NaN		     NaN		     NaN		     NaN		     NaN		     NaN		     NaN		     NaN		     NaN		     NaN		     NaN		     NaN		     NaN		     NaN		     NaN		     NaN		     NaN		     NaN		     NaN		     NaN		     NaN		     NaN		     NaN		
