250.01	1518.88
250.02	1518.95
250.04	1519.04
250.06	1519.15
250.07	1519.26
250.09	1519.36
250.11	1519.47
250.13	1519.57
250.14	1519.65
250.16	1519.75
250.17	1519.84
250.19	1519.92
250.21	1519.98
250.22	1520.04
250.24	1520.11
250.26	1520.19
250.27	1520.23
250.29	1520.31
250.31	1520.39
250.32	1520.48
250.34	1520.65
250.36	1520.82
250.37	1520.99
250.39	1521.11
250.41	1521.22
250.42	1521.32
250.44	1521.43
250.46	1521.51
250.48	1521.6
250.49	1521.72
250.51	1521.82
250.53	1521.91
250.54	1522
250.56	1522.07
250.57	1522.12
250.59	1522.19
250.61	1522.23
250.62	1522.24
250.64	1522.28
250.66	1522.34
250.67	1522.42
250.69	1522.5
250.71	1522.59
250.72	1522.67
250.74	1522.75
250.76	1522.84
250.78	1522.95
250.79	1523.03
250.81	1523.12
250.82	1523.23
250.84	1523.32
250.86	1523.41
250.88	1523.52
250.89	1523.59
250.91	1523.67
250.93	1523.74
250.94	1523.8
250.96	1523.87
250.98	1523.96
250.99	1524.05
251.01	1524.22
251.02	1524.53
251.04	1524.7
251.06	1524.94
251.07	1525.05
251.09	1525.17
251.11	1525.31
251.12	1525.41
251.14	1525.52
251.16	1525.6
251.18	1525.66
251.19	1525.71
251.21	1525.76
251.22	1525.82
251.24	1525.9
251.26	1525.97
251.27	1526.05
251.29	1526.14
251.31	1526.23
251.33	1526.32
251.34	1526.38
251.36	1526.4
251.38	1526.39
251.39	1526.43
251.41	1526.55
251.42	1526.95
251.44	1527.22
251.46	1527.41
251.47	1527.66
251.49	1527.97
251.51	1528.08
251.53	1528.22
251.54	1528.33
251.56	1528.42
251.58	1528.43
251.59	1528.33
251.61	1528.08
251.62	1527.65
251.64	1527.63
251.66	1527.69
251.68	1527.73
251.69	1527.78
251.71	1527.85
251.72	1527.92
251.74	1528
251.76	1528.08
251.78	1528.16
251.79	1528.25
251.81	1528.34
251.83	1528.53
251.84	1528.69
251.86	1528.84
251.87	1529.01
251.89	1529.15
251.91	1529.27
251.92	1529.34
251.94	1529.37
251.96	1529.24
251.98	1529.28
251.99	1529.33
252.01	1529.41
252.02	1529.43
252.04	1529.49
252.06	1529.59
252.07	1529.89
252.09	1530.05
252.11	1530.16
252.13	1530.26
252.14	1530.36
252.16	1530.46
252.18	1530.55
252.19	1530.64
252.21	1530.7
252.23	1530.75
252.24	1530.7
252.26	1530.78
252.28	1530.82
252.29	1530.77
252.31	1530.82
252.33	1530.89
252.34	1531.1
252.36	1531.25
252.37	1531.42
252.39	1531.55
252.41	1531.66
252.43	1531.76
252.44	1531.87
252.46	1531.93
252.48	1531.99
252.49	1532.06
252.51	1532.11
252.53	1532.18
252.54	1532.26
252.56	1532.34
252.58	1532.46
252.59	1532.67
252.61	1532.96
252.62	1533.12
252.64	1533.24
252.66	1533.36
252.68	1533.47
252.69	1533.59
252.71	1533.69
252.72	1533.78
252.74	1533.67
252.76	1533.21
252.78	1532.92
252.79	1532.94
252.81	1532.97
252.82	1532.77
252.84	1532.73
252.86	1532.78
252.88	1532.87
252.89	1532.98
252.91	1533.07
252.92	1533.14
252.94	1533.23
252.96	1533.31
252.97	1533.37
252.99	1533.47
253.01	1533.54
253.03	1533.62
253.04	1533.71
253.06	1533.82
253.07	1533.93
253.09	1534.08
253.11	1534.25
253.12	1534.47
253.14	1534.5
253.16	1534.6
253.18	1534.73
253.19	1534.85
253.21	1535.01
253.23	1535.11
253.24	1535.2
253.26	1535.3
253.28	1535.41
253.29	1535.5
253.31	1535.6
253.33	1535.66
253.34	1535.72
253.36	1535.81
253.37	1535.91
253.39	1536.04
253.41	1536.14
253.42	1536.22
253.44	1536.31
253.46	1536.42
253.47	1536.48
253.49	1536.54
253.51	1536.64
253.53	1536.73
253.54	1536.84
253.56	1536.91
253.57	1537
253.59	1537.08
253.61	1537.16
253.62	1537.26
253.64	1537.36
253.66	1537.46
253.67	1537.54
253.69	1537.64
253.71	1537.73
253.72	1537.82
253.74	1537.9
253.76	1537.98
253.78	1538.04
253.79	1538.12
253.81	1538.21
253.82	1538.31
253.84	1538.43
253.86	1538.52
253.88	1538.61
253.89	1538.68
253.91	1538.75
253.93	1538.83
253.94	1538.94
253.96	1539.04
253.97	1539.12
253.99	1539.23
254.01	1539.34
254.02	1539.45
254.04	1539.54
254.06	1539.63
254.07	1539.72
254.09	1539.82
254.11	1539.95
254.12	1540.06
254.14	1540.19
254.16	1540.3
254.18	1540.37
254.19	1540.44
254.21	1540.09
254.23	1539.31
254.24	1538.76
254.26	1538.17
254.28	1538.07
254.29	1538.17
254.31	1538.34
254.32	1538.5
254.34	1538.67
254.36	1538.83
254.37	1538.99
254.39	1539.12
254.41	1539.24
254.43	1539.35
254.44	1539.44
254.46	1539.52
254.48	1539.52
254.49	1539.62
254.51	1539.72
254.53	1539.86
254.54	1539.98
254.56	1540.11
254.58	1540.25
254.59	1540.37
254.61	1540.48
254.63	1540.66
254.64	1540.79
254.66	1540.92
254.68	1541.03
254.69	1541.11
254.71	1541.23
254.73	1541.35
254.74	1541.45
254.76	1541.55
254.78	1541.64
254.79	1541.74
254.81	1541.86
254.83	1542
254.84	1542.11
254.86	1542.23
254.88	1542.33
254.89	1542.45
254.91	1542.59
254.93	1542.71
254.94	1542.81
254.96	1542.9
254.97	1542.98
254.99	1543.08
255.01	1543.16
255.03	1543.18
255.04	1543.25
255.06	1543.33
255.08	1543.46
255.09	1543.99
255.11	1544.41
255.12	1544.69
255.14	1544.84
255.16	1544.9
255.18	1545.01
255.19	1545.12
255.21	1545.21
255.23	1545.3
255.24	1545.35
255.26	1545.28
255.28	1545.28
255.29	1545.3
255.31	1545.37
255.33	1545.43
255.34	1545.39
255.36	1545.28
255.38	1545.26
255.39	1545.34
255.41	1545.45
255.42	1545.54
255.44	1545.63
255.46	1545.71
255.48	1545.81
255.49	1545.94
255.51	1546.08
255.53	1546.21
255.54	1546.3
255.56	1546.32
255.58	1546.5
255.59	1546.66
255.61	1546.78
255.63	1546.91
255.64	1547.04
255.66	1547.15
255.68	1547.3
255.69	1547.44
255.71	1547.54
255.73	1547.64
255.74	1547.72
255.76	1547.81
255.77	1547.91
255.79	1547.9
255.81	1547.91
255.83	1547.96
255.84	1548.02
255.86	1548.08
255.88	1548.16
255.89	1548.22
255.91	1548.27
255.93	1548.26
255.94	1548.31
255.96	1548.42
255.98	1548.51
255.99	1548.6
256.01	1548.68
256.03	1548.75
256.04	1548.83
256.06	1548.88
256.08	1548.97
256.09	1549.07
256.11	1549.15
256.12	1549.23
256.14	1549.19
256.16	1549.25
256.17	1549.33
256.19	1549.42
256.21	1549.51
256.22	1549.6
256.24	1549.68
256.26	1549.81
256.28	1549.97
256.29	1550.22
256.31	1550.43
256.33	1550.55
256.34	1550.65
256.36	1550.74
256.38	1550.83
256.39	1550.91
256.41	1551
256.43	1551.11
256.44	1551.19
256.46	1551.29
256.48	1551.39
256.49	1551.5
256.51	1551.63
256.53	1551.76
256.54	1551.91
256.56	1552.03
256.58	1552.15
256.59	1552.25
256.61	1552.39
256.63	1552.53
256.64	1552.66
256.66	1552.75
256.68	1552.84
256.69	1552.92
256.71	1553.03
256.73	1553.13
256.74	1553.22
256.76	1553.25
256.78	1553.31
256.79	1553.36
256.81	1553.43
256.83	1553.54
256.84	1553.66
256.86	1553.93
256.88	1554.08
256.89	1554.29
256.91	1554.39
256.93	1554.54
256.94	1554.58
256.96	1554.67
256.98	1554.75
256.99	1554.83
257.01	1554.91
257.03	1555.04
257.04	1555.17
257.06	1555.29
257.08	1555.41
257.09	1555.52
257.11	1555.57
257.13	1555.65
257.14	1555.7
257.16	1555.8
257.18	1555.86
257.19	1555.86
257.21	1555.9
257.23	1555.87
257.24	1555.82
257.26	1555.83
257.28	1555.84
257.29	1555.85
257.31	1555.94
257.33	1556.05
257.34	1556.17
257.36	1556.3
257.38	1556.4
257.39	1556.52
257.41	1556.65
257.43	1556.83
257.44	1557
257.46	1557.14
257.47	1557.25
257.49	1557.34
257.51	1557.43
257.53	1557.54
257.54	1557.64
257.56	1557.75
257.57	1557.84
257.59	1557.95
257.61	1558.06
257.63	1558.18
257.64	1558.29
257.66	1558.38
257.68	1558.44
257.69	1558.51
257.71	1558.58
257.73	1558.66
257.74	1558.76
257.76	1558.9
257.78	1559.05
257.79	1559.2
257.81	1559.4
257.83	1559.78
257.84	1560.2
257.86	1560.41
257.88	1560.52
257.89	1560.6
257.91	1560.69
257.93	1560.77
257.94	1560.84
257.96	1560.92
257.98	1561
257.99	1561.07
258.01	1561.14
258.03	1561.24
258.04	1561.34
258.06	1561.44
258.08	1561.55
258.09	1561.65
258.11	1561.74
258.13	1561.82
258.14	1561.86
258.16	1561.92
258.18	1561.97
258.19	1562.05
258.21	1562.17
258.23	1562.52
258.24	1562.92
258.26	1563.16
258.28	1563.47
258.29	1563.63
258.31	1563.78
258.33	1563.9
258.34	1564
258.36	1564.07
258.38	1564.15
258.39	1564.2
258.41	1564.29
258.43	1564.37
258.44	1564.45
258.46	1564.52
258.48	1564.61
258.49	1564.73
258.51	1564.83
258.53	1564.93
258.54	1565.01
258.56	1565.09
258.58	1565.08
258.59	1564.92
258.61	1564.65
258.63	1564.48
258.64	1564.62
258.66	1564.72
258.68	1565.03
258.69	1565.61
258.71	1566.1
258.73	1566.3
258.74	1566.43
258.76	1566.56
258.78	1566.67
258.79	1566.75
258.81	1566.83
258.83	1566.89
258.84	1566.93
258.86	1566.97
258.88	1567.03
258.89	1567.07
258.91	1567.11
258.93	1567.14
258.94	1567.21
258.96	1567.3
258.98	1567.47
258.99	1567.85
259.01	1568.21
259.03	1568.5
259.04	1568.63
259.06	1568.73
259.08	1568.81
259.09	1568.88
259.11	1568.93
259.13	1568.93
259.14	1568.99
259.16	1569.08
259.18	1569.17
259.19	1569.26
259.21	1569.39
259.23	1569.63
259.24	1570.06
259.26	1570.47
259.28	1570.76
259.29	1570.86
259.31	1570.74
259.33	1570.74
259.34	1570.73
259.36	1570.37
259.38	1570.14
259.39	1569.81
259.41	1569.76
259.43	1569.77
259.44	1569.84
259.46	1569.89
259.48	1569.94
259.49	1569.98
259.51	1570.02
259.53	1570.09
259.54	1570.19
259.56	1570.28
259.57	1570.37
259.59	1570.48
259.61	1570.58
259.63	1570.69
259.64	1570.81
259.66	1570.88
259.68	1570.99
259.69	1571.07
259.71	1571.16
259.73	1571.23
259.74	1571.31
259.76	1571.37
259.78	1571.42
259.79	1571.43
259.81	1571.3
259.83	1571.21
259.84	1571.09
259.86	1571.18
259.88	1571.32
259.89	1571.55
259.91	1571.78
259.93	1571.93
259.94	1572.07
259.96	1572.21
259.98	1572.35
259.99	1572.43
260.01	1572.53
260.03	1572.61
260.04	1572.66
260.06	1572.68
260.08	1572.76
260.09	1572.85
260.11	1572.95
260.13	1573.06
260.14	1573.17
260.16	1573.29
260.18	1573.39
260.19	1573.49
260.21	1573.61
260.23	1573.72
260.24	1573.8
260.26	1573.77
260.28	1573.68
260.29	1573.64
260.31	1573.63
260.33	1573.71
260.34	1573.8
260.36	1573.87
260.38	1573.97
260.39	1574.08
260.41	1574.22
260.43	1574.35
260.44	1574.47
260.46	1574.58
260.48	1574.67
260.49	1574.76
260.51	1574.87
260.53	1574.99
260.54	1575.2
260.56	1575.5
260.58	1575.8
260.59	1576.12
260.61	1576.25
260.63	1576.41
260.64	1576.49
260.66	1576.58
260.68	1576.67
260.69	1576.77
260.71	1576.84
260.73	1576.91
260.74	1576.96
260.76	1577.04
260.78	1577.11
260.79	1577.16
260.81	1577.24
260.83	1577.3
260.84	1577.37
260.86	1577.46
260.88	1577.59
260.89	1577.7
260.91	1577.88
260.93	1577.99
260.94	1577.89
260.96	1577.83
260.98	1577.8
260.99	1577.88
261.01	1577.96
261.03	1578.01
261.04	1578.07
261.06	1578.13
261.08	1578.23
261.09	1578.34
261.11	1578.44
261.13	1578.51
261.14	1578.59
261.16	1578.68
261.18	1578.76
261.19	1578.84
261.21	1578.94
261.23	1579.06
261.24	1579.2
261.26	1579.56
261.27	1579.91
261.29	1580.08
261.31	1580.42
261.32	1580.61
261.34	1580.72
261.36	1580.73
261.38	1580.52
261.39	1580.14
261.41	1579.85
261.43	1579.66
261.44	1579.49
261.46	1579.47
261.48	1579.42
261.49	1579.43
261.51	1579.48
261.53	1579.56
261.54	1579.67
261.56	1579.76
261.58	1579.85
261.59	1579.94
261.61	1580.03
261.63	1580.12
261.64	1580.23
261.66	1580.32
261.68	1580.4
261.69	1580.5
261.71	1580.58
261.73	1580.65
261.74	1580.75
261.76	1580.68
261.78	1580.83
261.79	1580.81
261.81	1580.91
261.83	1581.01
261.84	1581.11
261.86	1581.23
261.88	1581.35
261.89	1581.5
261.91	1581.63
261.93	1581.77
261.94	1581.89
261.96	1582
261.98	1582.11
261.99	1582.23
262.01	1582.35
262.03	1582.42
262.04	1582.49
262.06	1582.58
262.08	1582.63
262.09	1582.67
262.11	1582.75
262.13	1582.77
262.14	1582.71
262.16	1582.63
262.18	1582.68
262.19	1582.76
262.21	1582.84
262.23	1582.93
262.24	1583.05
262.26	1583.14
262.28	1583.23
262.29	1583.36
262.31	1583.48
262.33	1583.62
262.34	1583.81
262.36	1583.95
262.38	1584.06
262.39	1584.17
262.41	1584.26
262.43	1584.36
262.44	1584.44
262.46	1584.53
262.48	1584.64
262.49	1584.77
262.51	1584.88
262.53	1585.13
262.54	1585.34
262.56	1585.44
262.58	1585.54
262.59	1585.63
262.61	1585.68
262.63	1585.75
262.64	1585.82
262.66	1585.93
262.68	1586.07
262.69	1586.18
262.71	1586.31
262.73	1586.43
262.74	1586.54
262.76	1586.65
262.78	1586.74
262.79	1586.8
262.81	1586.81
262.83	1586.78
262.84	1586.77
262.86	1586.81
262.88	1586.91
262.89	1586.99
262.91	1587.07
262.93	1587.14
262.94	1587.21
262.96	1587.3
262.98	1587.37
262.99	1587.46
263.01	1587.52
263.03	1587.61
263.04	1587.7
263.06	1587.78
263.08	1587.85
263.09	1587.91
263.11	1587.98
263.13	1588.07
263.14	1588.16
263.16	1588.35
263.18	1588.57
263.19	1588.74
263.21	1589.07
263.23	1589.48
263.24	1589.85
263.26	1589.99
263.28	1590.09
263.29	1590.17
263.31	1590.24
263.33	1590.3
263.34	1590.36
263.36	1590.4
263.38	1590.42
263.39	1590.29
263.41	1590.36
263.43	1590.44
263.44	1590.62
263.46	1590.85
263.48	1590.96
263.49	1591.05
263.51	1591.18
263.53	1591.28
263.54	1591.28
263.56	1591.23
263.58	1591.27
263.59	1591.35
263.61	1591.44
263.63	1591.53
263.64	1591.62
263.66	1591.72
263.68	1591.82
263.69	1591.93
263.71	1592.05
263.73	1592.16
263.74	1592.25
263.76	1592.31
263.78	1592.4
263.79	1592.46
263.81	1592.54
263.83	1592.59
263.84	1592.67
263.86	1592.78
263.88	1592.89
263.89	1593.02
263.91	1593.16
263.93	1593.29
263.94	1593.41
263.96	1593.53
263.98	1593.62
263.99	1593.64
264.01	1593.4
264.03	1593.13
264.04	1593.32
264.06	1593.53
264.08	1593.63
264.09	1593.73
264.11	1593.81
264.13	1593.9
264.14	1593.99
264.16	1594.09
264.18	1594.18
264.19	1594.28
264.21	1594.39
264.23	1594.52
264.24	1594.65
264.26	1594.77
264.28	1594.87
264.29	1594.96
264.31	1595.05
264.33	1595.14
264.34	1595.25
264.36	1595.32
264.38	1595.36
264.39	1595.44
264.41	1595.51
264.43	1595.61
264.44	1595.69
264.46	1595.76
264.48	1595.83
264.49	1595.91
264.51	1596.01
264.53	1596.24
264.54	1596.7
264.56	1597.51
264.58	1598.28
264.59	1599.11
264.61	1599.26
264.63	1599.31
264.64	1599.29
264.66	1599.3
264.68	1599.34
264.69	1599.37
264.71	1599.42
264.73	1599.49
264.74	1599.56
264.76	1599.66
264.78	1599.76
264.79	1599.85
264.81	1599.94
264.83	1599.91
264.84	1599.8
264.86	1599.67
264.88	1599.52
264.89	1599.54
264.91	1599.69
264.93	1599.79
264.94	1599.89
264.96	1599.97
264.98	1600.04
265	1600.13
265.01	1600.18
265.03	1600.22
265.04	1600.26
265.06	1600.31
265.08	1600.36
265.1	1600.44
265.11	1600.52
265.13	1600.62
265.15	1600.78
265.16	1601.04
265.18	1601.31
265.2	1601.45
265.21	1601.53
265.23	1601.63
265.25	1601.75
265.26	1601.83
265.28	1601.91
265.29	1601.95
265.31	1601.95
265.33	1602.05
265.35	1602.04
265.36	1602.12
265.38	1602.22
265.4	1602.28
265.41	1602.36
265.43	1602.43
265.44	1602.48
265.46	1602.51
265.48	1602.59
265.49	1602.66
265.51	1602.75
265.53	1602.79
265.54	1602.8
265.56	1602.84
265.58	1602.93
265.59	1603.04
265.61	1603.13
265.63	1603.2
265.64	1603.25
265.66	1603.3
265.68	1603.37
265.69	1603.42
265.71	1603.5
265.73	1603.57
265.74	1603.64
265.76	1603.73
265.78	1603.84
265.79	1604.02
265.81	1604.13
265.83	1604.3
265.84	1604.43
265.86	1604.53
265.88	1604.6
265.89	1604.64
265.91	1604.68
265.93	1604.69
265.95	1604.73
265.96	1604.74
265.98	1604.75
265.99	1604.68
266.01	1604.56
266.03	1604.62
266.04	1604.71
266.06	1604.8
266.08	1604.89
266.09	1604.97
266.11	1605.04
266.13	1605.14
266.15	1605.23
266.16	1605.32
266.18	1605.36
266.2	1605.25
266.21	1605.07
266.23	1605.08
266.24	1605.17
266.26	1605.25
266.28	1605.34
266.29	1605.43
266.31	1605.55
266.33	1605.68
266.35	1605.82
266.36	1606.01
266.38	1606.11
266.4	1606.21
266.41	1606.3
266.43	1606.38
266.45	1606.47
266.46	1606.54
266.48	1606.62
266.5	1606.71
266.51	1606.78
266.53	1606.8
266.55	1606.83
266.56	1606.9
266.58	1606.95
266.6	1607.06
266.61	1607.16
266.63	1607.28
266.65	1607.4
266.66	1607.52
266.68	1607.62
266.7	1607.7
266.71	1607.73
266.73	1607.75
266.75	1607.83
266.76	1607.9
266.78	1608.03
266.8	1608.17
266.81	1608.31
266.83	1608.46
266.85	1608.6
266.86	1608.7
266.88	1608.73
266.89	1608.55
266.91	1608.28
266.93	1608.04
266.94	1607.89
266.96	1607.91
266.98	1607.92
266.99	1607.99
267.01	1608.1
267.03	1608.21
267.04	1608.29
267.06	1608.43
267.08	1608.55
267.09	1608.63
267.11	1608.64
267.13	1608.66
267.14	1608.61
267.16	1608.59
267.18	1608.5
267.2	1608.35
267.21	1608.42
267.23	1608.49
267.25	1608.61
267.26	1608.73
267.28	1608.87
267.29	1609.01
267.31	1609.16
267.33	1609.3
267.35	1609.44
267.36	1609.55
267.38	1609.65
267.4	1609.72
267.41	1609.81
267.43	1609.86
267.45	1610.01
267.46	1610.25
267.48	1610.42
267.5	1610.43
267.51	1610.41
267.53	1610.43
267.55	1610.49
267.56	1610.56
267.58	1610.61
267.6	1610.69
267.61	1610.77
267.63	1610.89
267.64	1611.03
267.66	1611.2
267.68	1611.43
267.69	1611.73
267.71	1612.01
267.73	1612.35
267.75	1612.63
267.76	1612.78
267.78	1612.93
267.8	1613.08
267.81	1613.23
267.83	1613.37
267.85	1613.49
267.86	1613.57
267.88	1613.43
267.9	1613.11
267.91	1612.62
267.93	1612.58
267.95	1612.53
267.96	1612.59
267.98	1612.69
268	1612.8
268.01	1612.91
268.03	1613.05
268.05	1613.21
268.06	1613.37
268.08	1613.52
268.1	1613.66
268.11	1613.76
268.13	1613.79
268.15	1613.77
268.16	1613.71
268.18	1613.73
268.19	1613.72
268.21	1613.69
268.23	1613.6
268.25	1613.65
268.26	1613.76
268.28	1613.88
268.3	1613.97
268.31	1614.02
268.33	1613.99
268.35	1614.02
268.36	1614.06
268.38	1614.12
268.4	1614.21
268.41	1614.37
268.43	1614.52
268.45	1614.96
268.46	1615.25
268.48	1615.69
268.5	1616.21
268.51	1616.36
268.53	1616.39
268.55	1616.25
268.56	1615.93
268.58	1615.61
268.6	1615.1
268.61	1614.69
268.63	1614.5
268.65	1614.48
268.66	1614.57
268.68	1614.65
268.7	1614.73
268.71	1614.84
268.73	1614.97
268.75	1615.09
268.76	1615.24
268.78	1615.4
268.8	1615.56
268.81	1615.82
268.83	1616.18
268.85	1616.61
268.86	1616.74
268.88	1616.84
268.9	1616.94
268.91	1617.03
268.93	1617.09
268.95	1617.14
268.96	1617.2
268.98	1617.28
269	1617.38
269.01	1617.49
269.03	1617.62
269.05	1617.75
269.06	1617.87
269.08	1618
269.1	1618.11
269.11	1618.2
269.13	1618.28
269.15	1618.37
269.16	1618.43
269.18	1618.58
269.19	1618.79
269.21	1619.06
269.23	1619.28
269.25	1619.45
269.26	1619.6
269.28	1619.71
269.3	1619.81
269.31	1619.88
269.33	1619.95
269.35	1620.02
269.36	1620.13
269.38	1620.24
269.39	1620.35
269.41	1620.47
269.43	1620.45
269.45	1620.4
269.46	1620.39
269.48	1620.46
269.5	1620.52
269.51	1620.58
269.53	1620.64
269.55	1620.73
269.56	1620.85
269.58	1620.97
269.6	1621.07
269.61	1621.16
269.63	1621.25
269.64	1621.31
269.66	1621.37
269.68	1621.42
269.69	1621.44
269.71	1621.38
269.73	1621.47
269.75	1621.61
269.76	1621.81
269.78	1622.03
269.8	1622.19
269.81	1622.29
269.83	1622.38
269.85	1622.44
269.86	1622.52
269.88	1622.61
269.9	1622.7
269.91	1622.79
269.93	1622.89
269.94	1622.97
269.96	1623.08
269.98	1623.18
270	1623.27
270.01	1623.35
270.03	1623.47
270.05	1623.59
270.06	1623.77
270.08	1623.92
270.1	1624.04
270.11	1624.11
270.13	1624.2
270.15	1624.26
270.16	1624.18
270.18	1623.92
270.2	1623.78
270.21	1623.69
270.23	1623.73
270.25	1623.82
270.26	1623.91
270.28	1623.99
270.3	1624.11
270.31	1624.23
270.33	1624.37
270.35	1624.49
270.36	1624.61
270.38	1624.72
270.4	1624.81
270.41	1624.89
270.43	1624.97
270.45	1625.03
270.46	1625.08
270.48	1625.14
270.5	1625.21
270.51	1625.3
270.53	1625.36
270.55	1625.43
270.56	1625.5
270.58	1625.56
270.6	1625.63
270.61	1625.65
270.63	1625.54
270.65	1625.58
270.66	1625.69
270.68	1625.83
270.7	1626.06
270.71	1626.23
270.73	1626.61
270.75	1626.93
270.76	1627.41
270.78	1627.74
270.8	1627.89
270.81	1627.94
270.83	1628.04
270.85	1628.09
270.86	1628.17
270.88	1628.22
270.9	1628.26
270.91	1628.27
270.93	1628.33
270.95	1628.39
270.96	1628.45
270.98	1628.52
271	1628.61
271.01	1628.7
271.03	1628.8
271.05	1628.89
271.06	1628.99
271.08	1629.08
271.1	1629.16
271.11	1629.23
271.13	1629.31
271.14	1629.34
271.16	1629.48
271.18	1629.64
271.19	1629.82
271.21	1629.92
271.23	1630.01
271.25	1630.1
271.26	1630.2
271.28	1630.28
271.3	1630.36
271.31	1630.43
271.33	1630.52
271.35	1630.6
271.36	1630.69
271.38	1630.79
271.4	1630.89
271.41	1631.03
271.43	1631.17
271.45	1631.29
271.46	1631.4
271.48	1631.5
271.5	1631.62
271.51	1631.72
271.53	1631.8
271.55	1631.89
271.56	1631.96
271.58	1632.07
271.6	1632.2
271.61	1632.33
271.63	1632.44
271.65	1632.53
271.66	1632.63
271.68	1632.69
271.7	1632.47
271.71	1632.06
271.73	1631.62
271.75	1631.04
271.76	1630.85
271.78	1630.6
271.79	1630.45
271.81	1630.48
271.83	1630.6
271.85	1630.73
271.86	1630.86
271.88	1630.99
271.9	1631.13
271.91	1631.35
271.93	1631.57
271.95	1631.77
271.96	1631.95
271.98	1632.1
272	1632.23
272.01	1632.35
272.03	1632.42
272.05	1632.5
272.06	1632.57
272.08	1632.67
272.1	1632.81
272.11	1633.08
272.13	1633.4
272.15	1633.69
272.16	1634.2
272.18	1634.48
272.2	1634.37
272.21	1634
272.23	1633.8
272.25	1633.89
272.26	1633.96
272.28	1634.04
272.3	1634.15
272.31	1634.24
272.33	1634.35
272.35	1634.5
272.36	1634.62
272.38	1634.75
272.4	1634.86
272.41	1634.97
272.43	1635.11
272.45	1635.29
272.46	1635.41
272.48	1635.54
272.5	1635.59
272.51	1635.57
272.53	1635.51
272.55	1635.53
272.56	1635.6
272.58	1635.65
272.6	1635.75
272.61	1635.84
272.63	1635.99
272.64	1636.13
272.66	1636.28
272.68	1636.43
272.7	1636.55
272.71	1636.65
272.73	1636.8
272.75	1636.92
272.76	1637.03
272.78	1637.14
272.8	1637.26
272.81	1637.4
272.83	1637.53
272.85	1637.65
272.86	1637.76
272.88	1637.86
272.9	1637.89
272.91	1637.83
272.93	1637.84
272.95	1637.88
272.96	1637.93
272.98	1638.02
273	1638.06
273.01	1638.16
273.03	1638.28
273.05	1638.39
273.06	1638.51
273.08	1638.61
273.1	1638.68
273.11	1638.76
273.13	1638.87
273.15	1638.99
273.16	1639.14
273.18	1639.37
273.2	1639.54
273.21	1639.7
273.23	1639.86
273.25	1640.01
273.26	1640.17
273.28	1640.27
273.3	1640.35
273.31	1640.4
273.33	1640.42
273.35	1640.47
273.36	1640.47
273.38	1640.55
273.4	1640.65
273.41	1640.75
273.43	1640.87
273.45	1641.01
273.46	1641.15
273.48	1641.3
273.5	1641.43
273.51	1641.55
273.53	1641.73
273.55	1641.82
273.56	1641.91
273.58	1642.01
273.6	1642.17
273.61	1642.28
273.63	1642.38
273.65	1642.49
273.66	1642.6
273.68	1642.72
273.7	1642.85
273.71	1642.97
273.73	1643.08
273.75	1643.17
273.76	1643.27
273.78	1643.33
273.8	1643.35
273.81	1643.29
273.83	1643.22
273.85	1643.17
273.86	1643.26
273.88	1643.34
273.9	1643.45
273.91	1643.53
273.93	1643.61
273.95	1643.71
273.96	1643.82
273.98	1643.99
274	1644.22
274.01	1644.34
274.03	1644.45
274.05	1644.57
274.06	1644.68
274.08	1644.8
274.1	1644.89
274.11	1644.94
274.13	1644.97
274.15	1645.04
274.16	1645.12
274.18	1645.2
274.2	1645.3
274.21	1645.37
274.23	1645.45
274.25	1645.57
274.26	1645.69
274.28	1645.8
274.3	1645.88
274.31	1645.94
274.33	1646
274.35	1646.1
274.36	1646.21
274.38	1646.32
274.4	1646.44
274.41	1646.53
274.43	1646.6
274.45	1646.72
274.46	1646.77
274.48	1646.8
274.5	1646.84
274.51	1646.91
274.53	1647
274.55	1647.11
274.56	1647.24
274.58	1647.38
274.6	1647.64
274.61	1647.86
274.63	1647.99
274.65	1648.11
274.66	1648.22
274.68	1648.33
274.7	1648.44
274.71	1648.55
274.73	1648.65
274.75	1648.75
274.76	1648.84
274.78	1648.94
274.8	1649.05
274.81	1649.15
274.83	1649.24
274.84	1649.37
274.86	1649.59
274.88	1649.77
274.9	1649.89
274.91	1650
274.93	1650.1
274.95	1650.19
274.96	1650.28
274.98	1650.39
275	1650.5
275.01	1650.6
275.03	1650.74
275.05	1650.88
275.06	1651.01
275.08	1651.15
275.1	1651.27
275.11	1651.37
275.13	1651.46
275.15	1651.54
275.16	1651.5
275.18	1651.35
275.19	1651.01
275.21	1650.81
275.23	1650.72
275.25	1650.74
275.26	1650.81
275.28	1650.89
275.3	1650.98
275.31	1651.08
275.33	1651.52
275.34	1652.32
275.36	1653.17
275.38	1653.83
275.4	1654.61
275.41	1654.95
275.43	1654.96
275.45	1654.85
275.46	1654.83
275.48	1654.86
275.5	1654.9
275.51	1654.96
275.53	1655.04
275.55	1655.14
275.56	1655.27
275.58	1655.42
275.6	1655.79
275.61	1655.92
275.63	1656.01
275.65	1656.1
275.66	1656.18
275.68	1656.29
275.7	1656.37
275.71	1656.44
275.73	1656.53
275.75	1656.62
275.76	1656.72
275.78	1656.83
275.8	1656.93
275.81	1657.04
275.83	1657.16
275.85	1657.29
275.86	1657.43
275.88	1657.55
275.9	1657.67
275.91	1657.78
275.93	1657.88
275.95	1657.97
275.96	1658
275.98	1657.77
276	1657.66
276.01	1657.7
276.03	1657.79
276.05	1657.88
276.06	1657.98
276.08	1658.13
276.1	1658.23
276.11	1658.48
276.13	1658.64
276.15	1658.77
276.16	1658.87
276.18	1658.97
276.2	1659.03
276.21	1659.1
276.23	1659.18
276.25	1659.27
276.26	1659.35
276.28	1659.42
276.3	1659.49
276.31	1659.58
276.33	1659.68
276.35	1659.77
276.36	1659.8
276.38	1659.87
276.4	1659.97
276.41	1660.24
276.43	1660.38
276.45	1660.5
276.46	1660.63
276.48	1660.76
276.5	1660.9
276.51	1661.03
276.53	1661.17
276.55	1661.29
276.57	1661.4
276.58	1661.51
276.6	1661.6
276.61	1661.69
276.63	1661.79
276.65	1661.89
276.66	1661.98
276.68	1662.07
276.7	1662.16
276.71	1662.24
276.73	1662.4
276.75	1662.56
276.76	1662.7
276.78	1662.84
276.8	1662.95
276.81	1663.05
276.83	1663.16
276.85	1663.29
276.86	1663.39
276.88	1663.48
276.9	1663.55
276.91	1663.65
276.93	1663.75
276.95	1663.86
276.96	1663.95
276.98	1664.06
277	1664.15
277.01	1664.24
277.03	1664.33
277.05	1664.44
277.06	1664.53
277.08	1664.64
277.1	1664.77
277.11	1664.9
277.13	1665.03
277.15	1665.13
277.16	1665.25
277.18	1665.35
277.2	1665.44
277.21	1665.53
277.23	1665.58
277.25	1665.5
277.26	1665.38
277.28	1665.23
277.3	1665.01
277.31	1664.89
277.33	1664.94
277.35	1665.07
277.36	1665.37
277.38	1665.52
277.4	1665.64
277.41	1665.76
277.43	1665.87
277.45	1665.96
277.46	1666.04
277.48	1666.1
277.5	1666.17
277.51	1666.24
277.53	1666.3
277.55	1666.34
277.56	1666.32
277.58	1666.39
277.6	1666.53
277.61	1666.85
277.63	1667.1
277.65	1667.22
277.66	1667.35
277.68	1667.47
277.7	1667.59
277.71	1667.71
277.73	1667.8
277.75	1667.87
277.77	1667.96
277.78	1668.05
277.8	1668.23
277.81	1668.34
277.83	1668.43
277.85	1668.54
277.86	1668.63
277.88	1668.72
277.9	1668.8
277.92	1668.9
277.93	1668.99
277.95	1669.08
277.96	1669.2
277.98	1669.35
278	1669.46
278.01	1669.54
278.03	1669.64
278.05	1669.73
278.06	1669.84
278.08	1669.92
278.1	1670.01
278.11	1670.11
278.13	1670.22
278.15	1670.34
278.16	1670.47
278.18	1670.6
278.2	1670.72
278.21	1670.92
278.23	1671.04
278.25	1671.15
278.26	1671.24
278.28	1671.32
278.3	1671.4
278.31	1671.48
278.33	1671.53
278.35	1671.61
278.36	1671.73
278.38	1671.94
278.4	1672.4
278.41	1672.88
278.43	1673.3
278.45	1673.45
278.47	1673.53
278.48	1673.49
278.5	1673.55
278.51	1673.59
278.53	1673.65
278.55	1673.71
278.56	1673.78
278.58	1673.87
278.6	1673.97
278.61	1674.07
278.63	1674.16
278.65	1674.24
278.66	1674.31
278.68	1674.41
278.7	1674.56
278.71	1674.93
278.73	1675.44
278.75	1675.78
278.76	1675.92
278.78	1676.02
278.8	1676.13
278.81	1676.21
278.83	1676.25
278.85	1676.24
278.87	1676.18
278.88	1675.91
278.9	1675.59
278.91	1675.44
278.93	1675.36
278.95	1675.38
278.96	1675.41
278.98	1675.52
279	1675.63
279.01	1675.72
279.03	1675.82
279.05	1675.92
279.06	1676.02
279.08	1676.14
279.1	1676.27
279.11	1676.4
279.13	1676.56
279.15	1676.68
279.16	1676.8
279.18	1676.89
279.2	1676.95
279.21	1677
279.23	1677.05
279.25	1677.04
279.26	1677.08
279.28	1677.15
279.3	1677.23
279.31	1677.32
279.33	1677.41
279.35	1677.49
279.36	1677.48
279.38	1677.5
279.4	1677.6
279.41	1677.7
279.43	1677.83
279.45	1677.93
279.46	1678.04
279.48	1678.16
279.5	1678.26
279.51	1678.33
279.53	1678.37
279.55	1678.42
279.57	1678.47
279.58	1678.53
279.6	1678.62
279.61	1678.73
279.63	1678.83
279.65	1679.03
279.66	1679.19
279.68	1679.36
279.7	1679.49
279.71	1679.58
279.73	1679.68
279.75	1679.76
279.76	1679.82
279.78	1679.85
279.8	1679.85
279.81	1679.75
279.83	1679.74
279.85	1679.71
279.86	1679.7
279.88	1679.78
279.9	1679.88
279.91	1679.99
279.93	1680.12
279.95	1680.25
279.96	1680.4
279.98	1680.5
280	1680.6
280.01	1680.72
280.03	1680.83
280.05	1680.94
280.06	1681.05
280.08	1681.16
280.1	1681.27
280.11	1681.37
280.13	1681.47
280.15	1681.57
280.16	1681.68
280.18	1681.76
280.2	1681.81
280.21	1681.86
280.23	1681.91
280.25	1681.97
280.27	1682.03
280.28	1682.09
280.3	1682.05
280.31	1682.01
280.33	1681.98
280.35	1682
280.36	1682.07
280.38	1682.08
280.4	1682.13
280.41	1682.21
280.43	1682.31
280.45	1682.39
280.46	1682.47
280.48	1682.53
280.5	1682.6
280.51	1682.67
280.53	1682.72
280.55	1682.8
280.56	1682.87
280.58	1682.95
280.6	1683.04
280.61	1683.15
280.63	1683.23
280.65	1683.31
280.66	1683.36
280.68	1683.42
280.7	1683.48
280.71	1683.52
280.73	1683.57
280.75	1683.66
280.76	1683.73
280.78	1683.82
280.8	1683.98
280.81	1684.12
280.83	1684.35
280.85	1684.48
280.86	1684.57
280.88	1684.68
280.9	1684.76
280.91	1684.84
280.93	1684.93
280.95	1685
280.96	1685.06
280.98	1685.06
281	1685.14
281.02	1685.23
281.03	1685.32
281.05	1685.41
281.07	1685.5
281.08	1685.6
281.1	1685.68
281.11	1685.77
281.13	1685.86
281.15	1685.93
281.16	1685.98
281.18	1686.05
281.2	1686.11
281.21	1686.17
281.23	1686.23
281.25	1686.3
281.26	1686.37
281.28	1686.44
281.3	1686.53
281.31	1686.58
281.33	1686.67
281.35	1686.77
281.36	1686.84
281.38	1686.91
281.4	1686.9
281.41	1686.93
281.43	1687.05
281.45	1687.1
281.47	1687.19
281.48	1687.28
281.5	1687.38
281.52	1687.47
281.53	1687.57
281.55	1687.63
281.56	1687.69
281.58	1687.78
281.6	1687.88
281.61	1688
281.63	1688.13
281.65	1688.27
281.66	1688.54
281.68	1688.91
281.7	1689.17
281.71	1689.4
281.73	1689.41
281.75	1689.32
281.77	1689.28
281.78	1689.33
281.8	1689.39
281.82	1689.49
281.83	1689.6
281.85	1689.71
281.87	1689.8
281.88	1689.88
281.9	1689.99
281.91	1690.1
281.93	1690.21
281.95	1690.29
281.96	1690.37
281.98	1690.45
282	1690.57
282.01	1690.86
282.03	1691.12
282.05	1691.24
282.07	1691.33
282.08	1691.42
282.1	1691.53
282.12	1691.65
282.13	1691.76
282.15	1691.87
282.17	1691.98
282.18	1692.1
282.2	1692.16
282.21	1692.12
282.23	1691.99
282.25	1691.91
282.27	1691.94
282.28	1691.95
282.3	1692.03
282.31	1692.12
282.33	1692.21
282.35	1692.32
282.37	1692.41
282.38	1692.48
282.4	1692.53
282.42	1692.57
282.43	1692.64
282.45	1692.71
282.47	1692.77
282.48	1692.84
282.5	1692.94
282.51	1693.04
282.53	1693.22
282.55	1693.35
282.56	1693.48
282.58	1693.59
282.6	1693.72
282.62	1693.85
282.63	1693.96
282.65	1694.04
282.67	1694.13
282.68	1694.21
282.7	1694.31
282.72	1694.42
282.73	1694.53
282.75	1694.63
282.77	1694.75
282.78	1694.86
282.8	1694.96
282.82	1695.05
282.83	1695.13
282.85	1695.19
282.86	1695.27
282.88	1695.27
282.9	1695.33
282.92	1695.28
282.93	1695.28
282.95	1695.31
282.97	1695.38
282.98	1695.44
283	1695.53
283.01	1695.62
283.03	1695.71
283.05	1695.81
283.07	1695.91
283.08	1696.02
283.1	1696.14
283.11	1696.24
283.13	1696.33
283.15	1696.38
283.17	1696.44
283.18	1696.51
283.2	1696.58
283.21	1696.58
283.23	1696.59
283.25	1696.64
283.26	1696.72
283.28	1696.83
283.3	1696.96
283.31	1697.08
283.33	1697.24
283.35	1697.36
283.37	1697.5
283.38	1697.62
283.4	1697.73
283.42	1697.82
283.43	1697.89
283.45	1697.94
283.47	1697.97
283.48	1698.02
283.5	1698.03
283.52	1697.92
283.53	1697.84
283.55	1697.81
283.57	1697.96
283.58	1698.33
283.6	1698.6
283.62	1698.9
283.63	1699.06
283.65	1699.2
283.66	1699.33
283.68	1699.45
283.7	1699.54
283.72	1699.57
283.73	1699.35
283.75	1699.12
283.76	1698.77
283.78	1698.55
283.8	1698.57
283.82	1698.67
283.83	1698.79
283.85	1698.91
283.87	1699.03
283.88	1699.15
283.9	1699.25
283.91	1699.35
283.93	1699.43
283.95	1699.5
283.97	1699.59
283.98	1699.7
284	1699.81
284.01	1699.92
284.03	1700.03
284.05	1700.15
284.07	1700.29
284.08	1700.41
284.1	1700.55
284.12	1700.69
284.13	1700.82
284.15	1700.96
284.16	1701.11
284.18	1701.24
284.2	1701.36
284.22	1701.45
284.23	1701.51
284.25	1701.62
284.27	1701.62
284.28	1701.57
284.3	1701.65
284.32	1701.75
284.33	1701.85
284.35	1701.96
284.36	1702.07
284.38	1702.19
284.4	1702.44
284.42	1702.69
284.43	1703.02
284.45	1703.24
284.47	1703.4
284.48	1703.57
284.5	1703.67
284.52	1703.75
284.53	1703.78
284.55	1703.75
284.56	1703.8
284.58	1703.88
284.6	1703.94
284.62	1704.04
284.63	1704.15
284.65	1704.29
284.67	1704.41
284.68	1704.54
284.7	1704.65
284.72	1704.76
284.73	1704.87
284.75	1704.97
284.76	1705.08
284.78	1705.2
284.8	1705.31
284.82	1705.41
284.83	1705.52
284.85	1705.63
284.87	1705.74
284.88	1705.85
284.9	1705.92
284.91	1706.01
284.93	1706.1
284.95	1706.19
284.96	1706.29
284.98	1706.36
285	1706.45
285.02	1706.53
285.03	1706.62
285.05	1706.72
285.06	1706.82
285.08	1706.9
285.1	1706.96
285.11	1707.05
285.13	1707.11
285.15	1707.13
285.16	1706.96
285.18	1706.79
285.2	1706.66
285.22	1706.69
285.23	1706.75
285.25	1706.84
285.27	1706.94
285.28	1707.02
285.3	1707.11
285.32	1707.21
285.33	1707.33
285.35	1707.48
285.37	1707.58
285.38	1707.64
285.4	1707.71
285.41	1707.79
285.43	1707.88
285.45	1708.11
285.47	1708.38
285.48	1708.72
285.5	1708.98
285.52	1709.16
285.53	1709.31
285.55	1709.44
285.57	1709.52
285.58	1709.58
285.6	1709.64
285.62	1709.7
285.63	1709.78
285.65	1709.89
285.66	1710
285.68	1710.2
285.7	1710.38
285.72	1710.52
285.73	1710.67
285.75	1710.79
285.76	1710.91
285.78	1711.03
285.8	1711.16
285.82	1711.33
285.83	1711.48
285.85	1711.66
285.87	1711.9
285.88	1712.11
285.9	1712.23
285.92	1712.32
285.93	1712.41
285.95	1712.49
285.96	1712.59
285.98	1712.7
286	1712.81
286.01	1712.91
286.03	1712.97
286.05	1712.83
286.07	1712.56
286.08	1712.31
286.1	1711.91
286.12	1711.6
286.13	1711.6
286.15	1711.83
286.17	1712.14
286.18	1712.34
286.2	1712.57
286.22	1712.69
286.23	1712.81
286.25	1712.91
286.27	1712.97
286.28	1713.04
286.3	1713.09
286.32	1713.14
286.33	1713.22
286.35	1713.31
286.37	1713.42
286.38	1713.58
286.4	1713.64
286.42	1713.51
286.43	1713.25
286.45	1712.94
286.47	1712.78
286.48	1712.58
286.5	1712.55
286.52	1712.58
286.53	1712.67
286.55	1712.75
286.57	1712.86
286.58	1712.97
286.6	1713.06
286.62	1713.13
286.63	1713.2
286.65	1713.29
286.66	1713.37
286.68	1713.56
286.7	1713.65
286.71	1713.77
286.73	1713.85
286.75	1713.93
286.77	1713.99
286.78	1714.04
286.8	1713.91
286.82	1713.56
286.83	1712.94
286.85	1712.62
286.87	1712.23
286.88	1712.11
286.9	1712.21
286.92	1712.35
286.93	1712.52
286.95	1712.68
286.97	1712.81
286.98	1712.93
287	1713.07
287.02	1713.18
287.03	1713.3
287.05	1713.44
287.06	1713.53
287.08	1713.64
287.1	1713.74
287.12	1713.86
287.13	1713.94
287.15	1714
287.17	1714.04
287.18	1714.09
287.2	1714.01
287.22	1714.04
287.23	1714.13
287.25	1714.23
287.27	1714.37
287.28	1714.52
287.3	1714.75
287.32	1715.02
287.33	1715.17
287.35	1715.32
287.37	1715.46
287.38	1715.59
287.4	1715.72
287.42	1715.84
287.43	1715.9
287.45	1715.98
287.47	1716.05
287.48	1716.1
287.5	1716.15
287.52	1716.2
287.53	1716.28
287.55	1716.39
287.57	1716.59
287.58	1717.39
287.6	1718.24
287.61	1718.49
287.63	1718.6
287.65	1718.71
287.67	1718.82
287.68	1718.92
287.7	1719.02
287.72	1719.13
287.73	1719.24
287.75	1719.35
287.77	1719.51
287.78	1719.66
287.8	1719.8
287.82	1719.95
287.83	1720.11
287.85	1720.2
287.87	1720.27
287.88	1720.29
287.9	1720.27
287.92	1720.32
287.93	1720.36
287.95	1720.44
287.97	1720.54
287.98	1720.62
288	1720.72
288.02	1720.82
288.03	1720.91
288.05	1720.97
288.07	1721.03
288.08	1721.11
288.1	1721.19
288.12	1721.29
288.13	1721.4
288.15	1721.51
288.17	1721.6
288.18	1721.71
288.2	1721.86
288.22	1722.13
288.23	1722.25
288.25	1722.37
288.27	1722.5
288.28	1722.64
288.3	1722.77
288.32	1722.91
288.33	1723.04
288.35	1723.13
288.37	1723.21
288.38	1723.26
288.4	1723.25
288.42	1723.2
288.43	1723.22
288.45	1723.25
288.47	1723.35
288.48	1723.47
288.5	1723.67
288.51	1724.34
288.53	1725.04
288.55	1725.65
288.56	1726.2
288.58	1726.64
288.6	1726.91
288.62	1727.02
288.63	1727.07
288.65	1727.14
288.67	1727.21
288.68	1727.25
288.7	1727.31
288.72	1727.35
288.73	1727.39
288.75	1727.45
288.77	1727.52
288.78	1727.59
288.8	1727.66
288.82	1727.7
288.83	1727.76
288.85	1727.87
288.87	1727.99
288.88	1728.14
288.9	1728.39
288.92	1728.6
288.93	1729.01
288.95	1729.38
288.97	1729.65
288.98	1729.93
289	1730.1
289.02	1730.21
289.03	1730.28
289.05	1730.35
289.07	1730.4
289.08	1730.45
289.1	1730.49
289.12	1730.54
289.13	1730.6
289.15	1730.64
289.17	1730.72
289.18	1730.8
289.2	1730.91
289.22	1731.04
289.23	1731.14
289.25	1731.26
289.27	1731.35
289.28	1731.46
289.3	1731.56
289.32	1731.66
289.33	1731.8
289.35	1732.04
289.37	1731.98
289.38	1732.08
289.4	1732.19
289.42	1732.28
289.43	1732.39
289.45	1732.51
289.47	1732.66
289.48	1732.77
289.5	1732.86
289.52	1732.99
289.53	1733.12
289.55	1733.23
289.57	1733.34
289.58	1733.41
289.6	1733.48
289.62	1733.57
289.63	1733.67
289.65	1733.8
289.67	1733.92
289.68	1734.01
289.7	1734.12
289.72	1734.27
289.73	1734.36
289.75	1734.44
289.77	1734.44
289.78	1734.43
289.8	1734.47
289.82	1734.54
289.83	1734.64
289.85	1734.76
289.87	1734.87
289.88	1735
289.9	1735.14
289.92	1735.27
289.93	1735.38
289.95	1735.48
289.97	1735.58
289.98	1735.66
290	1735.75
290.02	1735.82
290.03	1735.88
290.05	1735.94
290.07	1736.01
290.08	1736.06
290.1	1736.11
290.12	1736.19
290.13	1736.28
290.15	1736.36
290.17	1736.47
290.18	1736.67
290.2	1737
290.22	1737.19
290.23	1737.28
290.25	1737.38
290.27	1737.45
290.28	1737.32
290.3	1737.35
290.32	1737.43
290.33	1737.51
290.35	1737.59
290.37	1737.68
290.38	1737.78
290.4	1737.9
290.42	1737.99
290.43	1738.07
290.45	1738.17
290.47	1738.24
290.48	1738.32
290.5	1738.42
290.52	1738.53
290.53	1738.63
290.55	1738.73
290.57	1738.84
290.58	1739.01
290.6	1739.14
290.62	1739.3
290.63	1739.45
290.65	1739.71
290.67	1739.91
290.68	1740.05
290.7	1740.14
290.72	1740.22
290.73	1740.28
290.75	1740.34
290.77	1740.38
290.78	1740.38
290.8	1740.41
290.82	1740.46
290.83	1740.51
290.85	1740.61
290.87	1740.71
290.88	1740.83
290.9	1740.94
290.92	1741.07
290.93	1741.21
290.95	1741.35
290.97	1741.55
290.98	1741.83
291	1742.11
291.02	1742.3
291.03	1742.43
291.05	1742.58
291.07	1742.69
291.08	1742.8
291.1	1742.89
291.12	1742.98
291.13	1743.04
291.15	1743.11
291.17	1743.1
291.18	1742.98
291.2	1742.83
291.22	1742.89
291.23	1742.97
291.25	1743.12
291.27	1743.31
291.28	1743.52
291.3	1744.02
291.32	1744.58
291.33	1744.8
291.35	1744.96
291.37	1745.13
291.38	1745.29
291.4	1745.47
291.42	1745.63
291.43	1745.77
291.45	1745.9
291.47	1746
291.48	1746.09
291.5	1746.15
291.52	1746.25
291.53	1746.31
291.55	1746.37
291.57	1746.4
291.58	1746.45
291.6	1746.48
291.62	1746.57
291.63	1746.68
291.65	1746.79
291.67	1746.91
291.68	1747.02
291.7	1747.23
291.72	1747.46
291.73	1747.65
291.75	1747.74
291.77	1747.79
291.78	1747.8
291.8	1747.91
291.82	1748.03
291.83	1748.17
291.85	1748.28
291.87	1748.39
291.88	1748.51
291.9	1748.62
291.92	1748.73
291.93	1748.83
291.95	1748.92
291.97	1748.97
291.98	1749.02
292	1749
292.02	1749.08
292.03	1749.09
292.05	1748.99
292.07	1748.76
292.08	1748.73
292.1	1748.78
292.12	1748.86
292.13	1748.94
292.15	1749.02
292.17	1749.13
292.18	1749.25
292.2	1749.54
292.22	1749.71
292.23	1749.89
292.25	1750.21
292.27	1750.32
292.28	1750.45
292.3	1750.56
292.32	1750.63
292.33	1750.69
292.35	1750.74
292.37	1750.82
292.38	1750.93
292.4	1751.04
292.42	1751.17
292.43	1751.33
292.45	1751.49
292.47	1751.64
292.48	1751.79
292.5	1751.89
292.52	1752
292.53	1752.06
292.55	1752.11
292.57	1752.19
292.58	1752.21
292.6	1752.21
292.62	1752.32
292.63	1752.35
292.65	1752.44
292.67	1752.53
292.68	1752.6
292.7	1752.7
292.72	1752.8
292.73	1752.9
292.75	1753
292.77	1753.13
292.78	1753.31
292.8	1753.58
292.82	1753.71
292.83	1753.85
292.85	1753.98
292.87	1754.1
292.88	1754.2
292.9	1754.31
292.92	1754.44
292.93	1754.55
292.95	1754.68
292.97	1754.81
292.98	1754.93
293	1755.04
293.02	1755.17
293.03	1755.28
293.05	1755.44
293.07	1755.56
293.08	1755.65
293.1	1755.74
293.12	1755.84
293.13	1755.93
293.15	1755.99
293.17	1756.08
293.18	1756.17
293.2	1756.26
293.22	1756.35
293.23	1756.47
293.25	1756.65
293.27	1756.75
293.28	1756.86
293.3	1756.97
293.32	1757.09
293.33	1757.2
293.35	1757.35
293.37	1757.48
293.38	1757.62
293.4	1757.75
293.42	1757.87
293.44	1757.99
293.45	1758.09
293.47	1758.18
293.49	1758.24
293.5	1758.14
293.52	1758.18
293.53	1758.61
293.55	1758.78
293.57	1758.9
293.58	1759.03
293.6	1759.15
293.62	1759.28
293.63	1759.42
293.65	1759.55
293.67	1759.69
293.68	1759.83
293.7	1759.97
293.72	1760.14
293.74	1760.25
293.75	1760.28
293.77	1760.3
293.78	1760.31
293.8	1760.39
293.82	1760.47
293.83	1760.51
293.85	1760.61
293.87	1760.73
293.88	1760.9
293.9	1761.14
293.92	1761.42
293.93	1761.59
293.95	1761.73
293.97	1761.86
293.99	1762
294	1762.1
294.02	1762.2
294.03	1762.29
294.05	1762.36
294.07	1762.4
294.08	1762.48
294.1	1762.52
294.12	1762.62
294.13	1762.72
294.15	1762.87
294.17	1763.02
294.18	1763.17
294.2	1763.35
294.22	1763.5
294.24	1763.66
294.25	1763.8
294.27	1763.93
294.28	1764.02
294.3	1764.07
294.32	1764.09
294.33	1764.16
294.35	1764.26
294.37	1764.25
294.38	1764.2
294.4	1763.97
294.42	1763.85
294.43	1763.88
294.45	1763.99
294.47	1764.05
294.48	1764.13
294.5	1764.17
294.52	1764.25
294.53	1764.36
294.55	1764.49
294.57	1764.62
294.58	1764.72
294.6	1764.87
294.62	1765.02
294.64	1765.16
294.65	1765.32
294.67	1765.46
294.68	1765.56
294.7	1765.63
294.72	1765.62
294.73	1765.58
294.75	1765.66
294.77	1765.72
294.78	1765.79
294.8	1765.88
294.82	1765.94
294.83	1766.04
294.85	1766.14
294.87	1766.26
294.89	1766.38
294.9	1766.49
294.92	1766.61
294.93	1766.87
294.95	1767.12
294.97	1767.41
294.98	1767.5
295	1767.57
295.02	1767.66
295.04	1767.77
295.05	1767.87
295.07	1767.99
295.08	1768.09
295.1	1768.22
295.12	1768.38
295.13	1768.61
295.15	1768.8
295.17	1768.91
295.19	1769.02
295.2	1769.13
295.22	1769.15
295.24	1769.26
295.25	1769.38
295.27	1769.51
295.29	1769.67
295.3	1769.82
295.32	1770.01
295.33	1770.19
295.35	1770.37
295.37	1770.65
295.38	1770.84
295.4	1770.84
295.42	1770.77
295.44	1770.75
295.45	1770.83
295.47	1770.91
295.49	1770.99
295.5	1771.09
295.52	1771.22
295.53	1771.36
295.55	1771.49
295.57	1771.64
295.58	1771.9
295.6	1772.2
295.62	1772.4
295.63	1772.64
295.65	1772.96
295.67	1773.19
295.68	1773.32
295.7	1773.43
295.72	1773.46
295.74	1773.46
295.75	1773.51
295.77	1773.59
295.78	1773.69
295.8	1773.79
295.82	1773.9
295.83	1774.02
295.85	1774.14
295.87	1774.25
295.88	1774.36
295.9	1774.33
295.92	1774.27
295.93	1774.26
295.95	1774.35
295.97	1774.45
295.99	1774.57
296	1774.7
296.02	1774.85
296.04	1774.99
296.05	1775.11
296.07	1775.21
296.08	1775.28
296.1	1775.34
296.12	1775.41
296.13	1775.49
296.15	1775.58
296.17	1775.66
296.18	1775.73
296.2	1775.82
296.22	1775.92
296.24	1776.02
296.25	1776.12
296.27	1776.21
296.28	1776.32
296.3	1776.42
296.32	1776.55
296.33	1776.71
296.35	1776.91
296.37	1777.12
296.38	1777.24
296.4	1777.27
296.42	1777.3
296.43	1777.42
296.45	1777.53
296.47	1777.66
296.49	1777.8
296.5	1777.94
296.52	1778.06
296.53	1778.18
296.55	1778.31
296.57	1778.45
296.59	1778.58
296.6	1778.69
296.62	1778.82
296.64	1778.94
296.65	1779.08
296.67	1779.24
296.69	1779.41
296.7	1779.54
296.72	1779.68
296.74	1779.81
296.75	1779.93
296.77	1780.05
296.79	1780.16
296.8	1780.26
296.82	1780.34
296.84	1780.43
296.85	1780.52
296.87	1780.62
296.89	1780.68
296.9	1780.79
296.92	1780.9
296.94	1780.98
296.95	1781.1
296.97	1781.21
296.98	1781.33
297	1781.46
297.02	1781.58
297.03	1781.72
297.05	1781.86
297.07	1782.02
297.09	1782.33
297.1	1782.55
297.12	1782.69
297.14	1782.79
297.15	1782.87
297.17	1782.96
297.19	1783.03
297.2	1783.09
297.22	1783.14
297.24	1783.21
297.25	1783.27
297.27	1783.36
297.28	1783.45
297.3	1783.58
297.32	1783.73
297.34	1783.89
297.35	1784.04
297.37	1784.19
297.39	1784.32
297.4	1784.43
297.42	1784.53
297.43	1784.59
297.45	1784.59
297.47	1784.64
297.48	1784.7
297.5	1784.79
297.52	1784.89
297.53	1785.01
297.55	1785.15
297.57	1785.38
297.58	1785.54
297.6	1785.65
297.62	1785.73
297.64	1785.84
297.65	1785.96
297.67	1786.07
297.69	1786.21
297.7	1786.33
297.72	1786.46
297.73	1786.58
297.75	1786.72
297.77	1786.83
297.79	1786.92
297.8	1786.94
297.82	1786.9
297.84	1786.8
297.85	1786.81
297.87	1786.87
297.88	1786.96
297.9	1787.08
297.92	1787.23
297.94	1787.56
297.95	1787.9
297.97	1788.34
297.98	1788.63
298	1788.88
298.02	1789.04
298.04	1789.18
298.05	1789.27
298.07	1789.26
298.09	1789.26
298.1	1789.32
298.12	1789.39
298.14	1789.48
298.15	1789.59
298.17	1789.71
298.19	1789.85
298.2	1789.99
298.22	1790.13
298.24	1790.25
298.25	1790.34
298.27	1790.44
298.29	1790.53
298.3	1790.61
298.32	1790.72
298.34	1790.82
298.35	1790.96
298.37	1791.11
298.39	1791.36
298.4	1791.69
298.42	1791.99
298.43	1792.26
298.45	1792.66
298.47	1792.94
298.49	1793.05
298.5	1793.17
298.52	1793.3
298.54	1793.43
298.55	1793.57
298.57	1793.7
298.59	1793.8
298.6	1793.9
298.62	1793.95
298.64	1794.04
298.65	1794.14
298.67	1794.23
298.69	1794.35
298.7	1794.47
298.72	1794.61
298.74	1794.75
298.75	1794.88
298.77	1795.02
298.79	1795.19
298.8	1795.32
298.82	1795.47
298.84	1795.59
298.85	1795.73
298.87	1795.85
298.89	1795.99
298.9	1796.13
298.92	1796.25
298.94	1796.36
298.95	1796.49
298.97	1796.61
298.99	1796.74
299	1796.88
299.02	1797.02
299.04	1797.16
299.05	1797.3
299.07	1797.43
299.09	1797.57
299.1	1797.71
299.12	1797.85
299.14	1797.97
299.15	1798.1
299.17	1798.22
299.19	1798.35
299.2	1798.5
299.22	1798.67
299.24	1798.83
299.25	1798.99
299.27	1799.14
299.29	1799.28
299.3	1799.41
299.32	1799.53
299.34	1799.66
299.35	1799.79
299.37	1799.91
299.39	1800.02
299.4	1800.14
299.42	1800.26
299.44	1800.41
299.45	1800.6
299.47	1800.76
299.49	1801.05
299.5	1801.23
299.52	1801.46
299.54	1801.61
299.55	1801.74
299.57	1801.82
299.59	1801.9
299.6	1801.98
299.62	1802.09
299.64	1802.22
299.65	1802.35
299.67	1802.49
299.69	1802.68
299.7	1802.97
299.72	1803.32
299.74	1804.02
299.75	1804.31
299.77	1804.38
299.79	1804.45
299.8	1804.57
299.82	1804.69
299.84	1804.81
299.85	1804.94
299.87	1805.07
299.89	1805.18
299.9	1805.32
299.92	1805.47
299.94	1805.62
299.95	1805.74
299.97	1805.86
299.99	1805.98
300	1806.09
300.02	1806.21
300.03	1806.3
300.05	1806.43
300.07	1806.57
300.09	1806.7
300.1	1806.84
300.12	1806.97
300.14	1807.09
300.15	1807.21
300.17	1807.33
300.19	1807.43
300.2	1807.5
300.22	1807.59
300.24	1807.57
300.25	1807.57
300.27	1807.58
300.29	1807.66
300.3	1807.79
300.32	1807.89
300.34	1808
300.35	1808.13
300.37	1808.27
300.39	1808.43
300.4	1808.58
300.42	1808.71
300.44	1808.85
300.45	1808.97
300.47	1809.08
300.49	1809.2
300.5	1809.32
300.52	1809.42
300.54	1809.54
300.55	1809.66
300.57	1809.8
300.59	1809.94
300.6	1810.05
300.62	1810.17
300.64	1810.29
300.65	1810.42
300.67	1810.54
300.69	1810.66
300.7	1810.8
300.72	1810.98
300.74	1811.13
300.75	1811.27
300.77	1811.4
300.79	1811.51
300.8	1811.63
300.82	1811.73
300.84	1811.83
300.85	1811.91
300.87	1812.03
300.89	1812.18
300.9	1812.37
300.92	1812.59
300.94	1812.8
300.95	1813.1
300.97	1813.38
300.99	1813.61
301	1813.78
301.02	1813.93
301.04	1814.05
301.05	1814.16
301.07	1814.29
301.09	1814.41
301.1	1814.52
301.12	1814.61
301.14	1814.69
301.15	1814.67
301.17	1814.73
301.19	1814.82
301.2	1814.88
301.22	1814.85
301.24	1814.77
301.25	1814.85
301.27	1815
301.29	1815.13
301.3	1815.25
301.32	1815.37
301.34	1815.47
301.35	1815.6
301.37	1815.71
301.39	1815.82
301.4	1815.91
301.42	1816.02
301.44	1816.13
301.45	1816.24
301.47	1816.33
301.49	1816.44
301.5	1816.56
301.52	1816.68
301.54	1816.92
301.55	1817.04
301.57	1817.19
301.59	1817.3
301.6	1817.42
301.62	1817.51
301.64	1817.61
301.65	1817.71
301.67	1817.82
301.69	1817.93
301.7	1818.05
301.72	1818.2
301.74	1818.35
301.75	1818.49
301.77	1818.65
301.79	1818.77
301.8	1818.89
301.82	1819.03
301.84	1819.14
301.85	1819.25
301.87	1819.36
301.89	1819.49
301.9	1819.64
301.92	1819.77
301.94	1819.91
301.95	1820.05
301.97	1820.18
301.99	1820.3
302	1820.43
302.02	1820.43
302.04	1820.33
302.05	1820.35
302.07	1820.37
302.09	1820.49
302.1	1820.61
302.12	1820.73
302.14	1820.84
302.15	1820.97
302.17	1821.12
302.19	1821.28
302.2	1821.49
302.22	1821.65
302.24	1821.78
302.25	1821.94
302.27	1822.08
302.29	1822.21
302.3	1822.33
302.32	1822.42
302.34	1822.49
302.35	1822.55
302.37	1822.63
302.39	1822.82
302.4	1822.81
302.42	1822.85
302.44	1823.06
302.45	1823.27
302.47	1823.47
302.49	1823.62
302.5	1823.79
302.52	1823.95
302.54	1824.11
302.55	1824.25
302.57	1824.4
302.59	1824.54
302.6	1824.66
302.62	1824.79
302.64	1824.91
302.65	1825.05
302.67	1825.19
302.69	1825.34
302.7	1825.49
302.72	1825.63
302.74	1825.78
302.75	1825.94
302.77	1826.07
302.79	1826.2
302.8	1826.34
302.82	1826.45
302.84	1826.57
302.85	1826.67
302.87	1826.73
302.89	1826.63
302.9	1826.35
302.92	1826.1
302.94	1825.53
302.95	1825.11
302.97	1824.58
302.99	1824.48
303	1824.56
303.02	1824.68
303.04	1824.91
303.06	1825.08
303.07	1825.23
303.09	1825.4
303.1	1825.58
303.12	1825.74
303.14	1825.89
303.15	1826.01
303.17	1826.13
303.19	1826.26
303.2	1826.38
303.22	1826.52
303.24	1826.67
303.25	1826.82
303.27	1826.97
303.29	1827.09
303.3	1827.21
303.32	1827.33
303.34	1827.42
303.35	1827.48
303.37	1827.42
303.39	1827.28
303.4	1827.07
303.42	1827.03
303.44	1827.17
303.45	1827.37
303.47	1827.58
303.49	1827.73
303.5	1827.9
303.52	1828.07
303.54	1828.24
303.55	1828.38
303.57	1828.53
303.59	1828.7
303.6	1828.84
303.62	1829.01
303.64	1829.18
303.65	1829.41
303.67	1829.59
303.69	1829.75
303.7	1829.9
303.72	1830.05
303.74	1830.18
303.75	1830.32
303.77	1830.47
303.79	1830.62
303.81	1830.86
303.82	1831.08
303.84	1831.22
303.85	1831.38
303.87	1831.51
303.89	1831.66
303.9	1831.78
303.92	1831.92
303.94	1832.03
303.95	1832.16
303.97	1832.35
303.99	1832.67
304	1832.94
304.02	1833.09
304.04	1833.47
304.06	1833.99
304.07	1834.36
304.09	1834.5
304.1	1834.63
304.12	1834.73
304.14	1834.86
304.15	1834.98
304.17	1835.08
304.19	1835.15
304.2	1835.13
304.22	1835.21
304.24	1835.31
304.25	1835.41
304.27	1835.51
304.29	1835.63
304.3	1835.77
304.32	1835.92
304.34	1836.08
304.35	1836.23
304.37	1836.37
304.39	1836.5
304.41	1836.65
304.42	1836.74
304.44	1836.69
304.45	1836.61
304.47	1836.55
304.49	1836.5
304.51	1836.52
304.52	1836.61
304.54	1836.74
304.55	1836.87
304.57	1836.98
304.59	1837.11
304.6	1837.24
304.62	1837.37
304.64	1837.52
304.65	1837.67
304.67	1837.79
304.69	1837.91
304.7	1837.98
304.72	1838.07
304.74	1838.13
304.75	1838.11
304.77	1838.18
304.79	1838.25
304.8	1838.35
304.82	1838.46
304.84	1838.74
304.85	1838.9
304.87	1839.03
304.89	1839.12
304.9	1839.23
304.92	1839.31
304.94	1839.37
304.95	1839.45
304.97	1839.54
304.99	1839.62
305	1839.73
305.02	1839.9
305.04	1840.27
305.05	1840.66
305.07	1841.24
305.09	1841.86
305.1	1842.17
305.12	1842.41
305.14	1842.56
305.16	1842.67
305.17	1842.77
305.19	1842.81
305.2	1842.71
305.22	1842.6
305.24	1842.39
305.25	1842.16
305.27	1842.03
305.29	1842.13
305.3	1842.26
305.32	1842.41
305.34	1842.58
305.35	1842.82
305.37	1843.03
305.39	1843.21
305.4	1843.36
305.42	1843.51
305.44	1843.65
305.45	1843.76
305.47	1843.79
305.49	1843.81
305.5	1843.77
305.52	1843.81
305.54	1843.85
305.55	1843.94
305.57	1844.06
305.59	1844.19
305.61	1844.32
305.62	1844.46
305.64	1844.62
305.65	1844.78
305.67	1845.01
305.69	1845.16
305.71	1845.3
305.72	1845.41
305.74	1845.51
305.75	1845.58
305.77	1845.65
305.79	1845.72
305.8	1845.78
305.82	1845.86
305.84	1845.94
305.85	1846.06
305.87	1846.19
305.89	1846.34
305.9	1846.69
305.92	1846.96
305.94	1847.1
305.95	1847.3
305.97	1847.43
305.99	1847.55
306	1847.55
306.02	1847.32
306.04	1847.05
306.06	1846.78
306.07	1846.67
306.09	1846.65
306.1	1846.75
306.12	1846.89
306.14	1847.02
306.16	1847.19
306.17	1847.35
306.19	1847.49
306.2	1847.64
306.22	1847.76
306.24	1847.88
306.25	1847.95
306.27	1847.95
306.29	1847.99
306.3	1848.11
306.32	1848.22
306.34	1848.4
306.35	1848.55
306.37	1848.73
306.39	1848.88
306.41	1849.11
306.42	1849.25
306.44	1849.42
306.45	1849.53
306.47	1849.63
306.49	1849.69
306.51	1849.7
306.52	1849.78
306.54	1849.87
306.55	1849.96
306.57	1850.04
306.59	1850.14
306.6	1850.25
306.62	1850.38
306.64	1850.52
306.65	1850.79
306.67	1851.07
306.69	1851.36
306.7	1851.59
306.72	1851.78
306.74	1851.91
306.76	1852.01
306.77	1852.1
306.79	1852.19
306.8	1852.29
306.82	1852.4
306.84	1852.52
306.85	1852.63
306.87	1852.75
306.89	1852.89
306.9	1853.04
306.92	1853.18
306.94	1853.27
306.95	1853.38
306.97	1853.48
306.99	1853.58
307.01	1853.68
307.02	1853.75
307.04	1853.75
307.05	1853.73
307.07	1853.68
307.09	1853.73
307.1	1853.8
307.12	1853.68
307.14	1853.7
307.16	1853.82
307.17	1853.95
307.19	1854.1
307.2	1854.4
307.22	1854.75
307.24	1855.04
307.26	1855.33
307.27	1855.54
307.29	1855.68
307.31	1855.81
307.32	1855.93
307.34	1856.02
307.35	1856.14
307.37	1856.25
307.39	1856.34
307.41	1856.43
307.42	1856.52
307.44	1856.59
307.46	1856.74
307.47	1856.87
307.49	1857.01
307.5	1857.18
307.52	1857.34
307.54	1857.5
307.56	1857.64
307.57	1857.77
307.59	1857.86
307.6	1857.91
307.62	1858.01
307.64	1858.14
307.66	1858.26
307.67	1858.38
307.69	1858.51
307.7	1858.65
307.72	1858.82
307.74	1858.96
307.76	1859.12
307.77	1859.26
307.79	1859.39
307.81	1859.7
307.82	1859.95
307.84	1860.14
307.86	1860.22
307.87	1860.32
307.89	1860.43
307.9	1860.52
307.92	1860.62
307.94	1860.73
307.96	1860.82
307.97	1860.97
307.99	1861.09
308	1861.2
308.02	1861.32
308.04	1861.58
308.06	1861.76
308.07	1862.08
308.09	1862.18
308.11	1862.4
308.12	1862.53
308.14	1862.67
308.16	1862.89
308.17	1863.02
308.19	1863.13
308.21	1863.21
308.22	1863.31
308.24	1863.42
308.26	1863.52
308.27	1863.61
308.29	1863.7
308.3	1863.79
308.32	1863.91
308.34	1864.04
308.36	1864.17
308.37	1864.33
308.39	1864.44
308.41	1864.56
308.42	1864.65
308.44	1864.74
308.45	1864.81
308.47	1864.87
308.49	1864.92
308.51	1865.02
308.52	1865.1
308.54	1865.2
308.56	1865.54
308.57	1866.2
308.59	1866.75
308.61	1867.05
308.62	1867.17
308.64	1867.27
308.65	1867.33
308.67	1867.32
308.69	1867.33
308.7	1867.37
308.72	1867.41
308.74	1867.46
308.75	1867.54
308.77	1867.62
308.79	1867.73
308.81	1867.86
308.82	1868.01
308.84	1868.27
308.86	1868.52
308.87	1868.7
308.89	1868.82
308.91	1868.9
308.92	1869.02
308.94	1869.12
308.95	1869.19
308.97	1869.26
308.99	1869.36
309.01	1869.47
309.02	1869.57
309.04	1869.67
309.05	1869.75
309.07	1869.83
309.09	1869.91
309.11	1869.94
309.12	1870.03
309.14	1870.09
309.16	1869.96
309.17	1869.95
309.19	1870.07
309.2	1870.18
309.22	1870.3
309.24	1870.43
309.26	1870.56
309.27	1870.7
309.29	1870.83
309.31	1870.98
309.32	1871.11
309.34	1871.25
309.36	1871.35
309.37	1871.45
309.39	1871.55
309.41	1871.54
309.42	1871.62
309.44	1871.72
309.46	1871.82
309.47	1871.93
309.49	1872.02
309.51	1872.08
309.52	1872.11
309.54	1872.17
309.56	1872.28
309.57	1872.37
309.59	1872.47
309.61	1872.55
309.62	1872.65
309.64	1872.8
309.66	1872.95
309.67	1873.09
309.69	1873.21
309.71	1873.31
309.72	1873.41
309.74	1873.52
309.76	1873.62
309.77	1873.67
309.79	1873.7
309.81	1873.76
309.82	1873.85
309.84	1873.97
309.86	1874.11
309.87	1874.24
309.89	1874.36
309.91	1874.47
309.92	1874.58
309.94	1874.7
309.96	1874.8
309.97	1874.92
309.99	1875.14
310	1875.46
310.02	1875.99
310.04	1876.82
310.06	1877.11
310.07	1877.24
310.09	1877.37
310.11	1877.45
310.12	1877.51
310.14	1877.56
310.16	1877.62
310.17	1877.7
310.19	1877.79
310.21	1877.88
310.22	1877.99
310.24	1878.08
310.26	1878.17
310.27	1878.25
310.29	1878.33
310.31	1878.16
310.32	1878.09
310.34	1878.28
310.36	1878.72
310.37	1879.04
310.39	1879.32
310.41	1879.43
310.42	1879.52
310.44	1879.61
310.46	1879.67
310.47	1879.74
310.49	1879.79
310.51	1879.86
310.52	1879.94
310.54	1880.01
310.56	1880.11
310.57	1880.21
310.59	1880.32
310.61	1880.41
310.62	1880.51
310.64	1880.61
310.66	1880.73
310.67	1880.81
310.69	1880.93
310.71	1881.03
310.72	1881.13
310.74	1881.23
310.76	1881.34
310.77	1881.44
310.79	1881.53
310.81	1881.63
310.82	1881.72
310.84	1881.83
310.86	1881.92
310.87	1882.01
310.89	1882.1
310.91	1882.18
310.92	1882.24
310.94	1882.33
310.96	1882.43
310.97	1882.65
310.99	1882.87
311.01	1883.15
311.02	1883.4
311.04	1883.53
311.06	1883.63
311.07	1883.67
311.09	1883.7
311.11	1883.43
311.12	1883.21
311.14	1883.19
311.15	1883.23
311.17	1883.32
311.19	1883.41
311.21	1883.54
311.22	1883.8
311.24	1884.02
311.26	1884.24
311.27	1884.72
311.29	1885.05
311.31	1885.29
311.32	1885.44
311.34	1885.54
311.36	1885.62
311.37	1885.66
311.39	1885.7
311.41	1885.73
311.42	1885.77
311.44	1885.83
311.46	1885.9
311.47	1885.97
311.49	1886.06
311.51	1886.19
311.52	1886.6
311.54	1886.96
311.56	1887.15
311.57	1887.41
311.59	1887.55
311.61	1887.62
311.62	1887.72
311.64	1887.84
311.66	1887.93
311.67	1888.04
311.69	1888.16
311.71	1888.27
311.72	1888.39
311.74	1888.51
311.76	1888.63
311.77	1888.73
311.79	1888.82
311.81	1888.93
311.82	1889.05
311.84	1889.17
311.86	1889.26
311.87	1889.38
311.89	1889.49
311.91	1889.59
311.92	1889.68
311.94	1889.65
311.96	1889.54
311.97	1889.43
311.99	1889.38
312.01	1889.41
312.02	1889.46
312.04	1889.54
312.06	1889.61
312.07	1889.71
312.09	1889.79
312.11	1889.9
312.12	1890
312.14	1890.22
312.16	1890.56
312.17	1890.94
312.19	1891.45
312.21	1891.76
312.22	1892.02
312.24	1892.31
312.26	1892.45
312.27	1892.55
312.29	1892.62
312.31	1892.67
312.32	1892.73
312.34	1892.8
312.36	1892.89
312.37	1892.99
312.39	1893.09
312.41	1893.22
312.42	1893.35
312.44	1893.5
312.46	1893.64
312.47	1893.79
312.49	1893.91
312.51	1894.04
312.52	1894.15
312.54	1894.3
312.56	1894.48
312.57	1894.94
312.59	1895.52
312.61	1895.8
312.62	1895.91
312.64	1895.98
312.66	1896.06
312.67	1896.13
312.69	1896.18
312.71	1896.2
312.72	1896.15
312.74	1896.02
312.76	1896.08
312.77	1896.27
312.79	1896.58
312.81	1896.76
312.82	1896.99
312.84	1897.27
312.86	1897.46
312.87	1897.68
312.89	1897.94
312.91	1898.45
312.92	1899.16
312.94	1900.11
312.96	1901.71
312.97	1904.24
312.99	1906.01
313.01	1907.78
313.02	1908.9
313.04	1909.78
313.06	1911.01
313.07	1912.23
313.09	1914.39
313.11	1916.94
313.12	1920.25
313.14	1924.23
313.16	1928.87
313.17	1934.47
313.19	1940.04
313.2	1946.66
313.22	1952.93
313.24	1959.2
313.25	1964.76
313.27	1969.37
313.29	1974.37
313.31	1980.08
313.32	1985.01
313.34	1990.41
313.35	1996.36
313.37	2000.78
313.39	2008.02
313.4	2013.8
313.42	2020.85
313.44	2025.52
313.45	2033.58
313.47	2039.27
313.49	2044.44
313.5	2050.32
313.52	2055.89
313.53	2062.43
313.55	2067.37
313.57	2076.81
313.58	2083.63
313.6	2089.84
313.62	2099.62
313.63	2106.25
313.65	2113.44
313.67	2119.38
313.68	2123.37
313.7	2129.47
313.71	2134.75
313.73	2137.53
313.75	2144.36
313.76	2155.72
313.78	2165.2
313.8	2176.33
313.81	2184.44
313.83	2192.17
313.84	2204.62
313.86	2215.26
313.88	2225.53
313.89	2235.23
313.91	2240.38
313.92	2247.55
313.94	2256.25
313.96	2261.54
313.97	2270.22
313.99	2274.98
314.01	2281.39
314.02	2294.3
314.04	2306.01
314.05	2318.3
314.07	2331.53
314.08	2345.87
314.1	2357.65
314.12	2369.08
314.13	2379.26
314.15	2390.34
314.16	2397.81
314.18	2408.21
314.2	2416.82
314.21	2426.48
314.23	2433.63
314.24	2444.41
314.26	2456.76
314.28	2466.84
314.29	2478.76
314.31	2491.79
314.32	2504.84
314.34	2520.02
314.36	2535.73
314.37	2547.15
314.39	2559.89
314.4	2571.54
314.42	2586.23
314.44	2599.61
314.45	2611.57
314.47	2625.99
314.48	2639.05
314.5	2652.12
314.51	2667.49
314.53	2680.05
314.55	2693.13
314.56	2703.44
314.58	2714.97
314.59	2729.6
314.61	2746.22
314.62	2765.65
314.64	2782.74
314.65	2801.78
314.67	2820.73
314.68	2837.88
314.7	2854.8
314.72	2872.1
314.73	2888.06
314.75	2901.07
314.76	2916.66
314.78	2934.32
314.79	2952.5
314.81	2970.79
314.82	2989.99
314.84	3009.86
314.85	3028.31
314.87	3047.1
314.88	3065.9
314.9	3088.14
314.91	3105.33
314.93	3127.74
314.94	3150.51
314.96	3172.56
314.98	3194.02
314.99	3214.97
315	3232.36
315.02	3254.56
315.03	3275.95
315.05	3298.6
315.07	3322.45
315.08	3343.22
315.09	3369.19
315.11	3394.7
315.12	3421.27
315.14	3448.19
315.15	3473.43
315.17	3492.84
315.18	3518.05
315.2	3542.88
315.21	3568.5
315.23	3593.76
315.24	3616.37
315.26	3640.57
315.27	3666.01
315.29	3693.77
315.3	3722.66
315.31	3749.66
315.33	3774.77
315.34	3802.08
315.36	3828.63
315.37	3854.35
315.39	3882.34
315.4	3908.59
315.42	3936.96
315.43	3965.3
315.44	3993.46
315.46	4023.48
315.47	4052.27
315.49	4079.3
315.5	4108.47
315.52	4135.74
315.53	4162.88
315.55	4191.36
315.56	4223.11
315.57	4253.41
315.59	4284.73
315.6	4318.1
315.62	4348.48
315.63	4377.24
315.64	4407.43
315.66	4437.28
315.67	4467.06
315.69	4497.23
315.7	4526.63
315.71	4558.95
315.73	4588.4
315.74	4615.05
315.76	4646.4
315.77	4676.06
315.78	4704.21
315.8	4734.71
315.81	4761.74
315.82	4790.72
315.84	4819.91
315.85	4851.02
315.87	4882.75
315.88	4915.02
315.89	4946.67
315.91	4979.2
315.92	5012.32
315.93	5044.48
315.95	5076.28
315.96	5108.3
315.98	5137.56
315.99	5168.24
316	5197.91
316.02	5227.48
316.03	5259.07
316.04	5291.81
316.06	5322.4
316.07	5351.99
316.08	5381.69
316.1	5410.33
316.11	5440.72
316.13	5470.41
316.14	5501.73
316.15	5533.46
316.17	5564.62
316.18	5598.32
316.19	5631.92
316.21	5662.79
316.22	5692.78
316.23	5723.73
316.25	5752.45
316.26	5781.45
316.27	5810.93
316.29	5843.57
316.3	5874.39
316.31	5903.05
316.33	5934.52
316.34	5966.86
316.35	5996.27
316.37	6025.71
316.38	6056.22
316.39	6086.8
316.41	6117.42
316.42	6146.46
316.43	6179.21
316.45	6209.44
316.46	6238
316.47	6266.37
316.49	6295.91
316.5	6323.52
316.51	6349.7
316.53	6377.01
316.54	6406.98
316.55	6435.55
316.57	6466.08
316.58	6496.37
316.59	6526.81
316.61	6556.09
316.62	6586.45
316.63	6615.59
316.65	6644.31
316.66	6668.93
316.68	6695.77
316.69	6725.68
316.7	6753.89
316.71	6781.44
316.73	6807.68
316.74	6836.49
316.76	6863.67
316.77	6891.4
316.78	6919.07
316.8	6947.88
316.81	6974.22
316.82	7002.81
316.84	7031.13
316.85	7058.47
316.86	7085.44
316.88	7110.98
316.89	7134.66
316.9	7160.38
316.92	7186.49
316.93	7211.62
316.94	7236.84
316.96	7264.3
316.97	7291.07
316.98	7316.61
317	7343.86
317.01	7369.93
317.02	7397.2
317.04	7422.63
317.05	7449.52
317.07	7476.02
317.08	7502.22
317.09	7527.62
317.1	7555.75
317.12	7582.41
317.13	7610.84
317.14	7638.29
317.16	7665.54
317.17	7694.98
317.19	7722.1
317.2	7750.85
317.21	7777.6
317.23	7804.13
317.24	7828.24
317.25	7852.49
317.27	7877.63
317.28	7903.68
317.3	7929.66
317.31	7954.56
317.32	7981.49
317.33	8008.18
317.35	8033.59
317.36	8060.74
317.37	8087.04
317.39	8110.35
317.4	8133.86
317.41	8159.04
317.43	8181.56
317.44	8206.73
317.46	8230.46
317.47	8256.77
317.48	8283.12
317.5	8310.8
317.51	8336.94
317.53	8363.95
317.54	8390.95
317.55	8416.71
317.57	8442.38
317.58	8465.97
317.59	8490.71
317.61	8513.87
317.62	8538.04
317.63	8564.41
317.65	8590.86
317.66	8617.39
317.67	8642.5
317.69	8669.95
317.7	8698.38
317.72	8723.69
317.73	8748.64
317.74	8773.89
317.76	8799.07
317.77	8822.87
317.78	8849.6
317.8	8875.38
317.81	8900.39
317.82	8924.86
317.84	8948.92
317.85	8973.9
317.86	8998.16
317.88	9021.08
317.89	9045.77
317.91	9071.59
317.92	9098.23
317.93	9122.06
317.95	9149.72
317.96	9177.64
317.97	9203.58
317.99	9227.26
318	9250.52
318.02	9273.62
318.03	9296.59
318.04	9320.07
318.06	9340.45
318.07	9364.02
318.08	9386.36
318.1	9408.78
318.11	9431.64
318.13	9455.04
318.14	9477.5
318.15	9498.71
318.17	9520.74
318.18	9545.66
318.19	9567.26
318.21	9589.58
318.22	9611.81
318.24	9632.93
318.25	9654.91
318.26	9675.82
318.28	9694.7
318.29	9714.41
318.31	9735.52
318.32	9755.58
318.33	9778.44
318.35	9797.98
318.36	9818.04
318.37	9837.62
318.39	9858.75
318.4	9881.42
318.42	9905.71
318.43	9926.67
318.44	9948.75
318.46	9967.95
318.47	9989.37
318.49	10012.11
318.5	10032.42
318.52	10051.4
318.53	10069.51
318.54	10089.93
318.56	10109.93
318.57	10133.75
318.59	10159.57
318.6	10184.49
318.61	10207.21
318.63	10228.81
318.64	10253.8
318.66	10276.99
318.67	10301.04
318.68	10321.23
318.7	10342.73
318.71	10362.05
318.73	10382.51
318.74	10406
318.76	10427.8
318.77	10448.78
318.78	10470.38
318.8	10490.94
318.81	10512.54
318.82	10534.45
318.84	10557.66
318.85	10577.96
318.87	10601.45
318.88	10625.45
318.89	10646.26
318.91	10667.27
318.92	10686.38
318.94	10708.43
318.95	10728.2
318.97	10746.73
318.98	10765.15
318.99	10785.95
319.01	10804.02
319.02	10823.89
319.04	10847.39
319.05	10871.63
319.06	10895.87
319.08	10917.54
319.09	10939.61
319.11	10960.91
319.12	10980.72
319.14	11002.62
319.15	11021.33
319.16	11039.18
319.18	11055.85
319.19	11074.58
319.21	11095.72
319.22	11116.83
319.23	11137.71
319.25	11159.68
319.26	11178.72
319.28	11200.14
319.29	11221.15
319.31	11240.56
319.32	11257.15
319.33	11273.95
319.35	11293.46
319.36	11313.13
319.38	11332.58
319.39	11351.82
319.41	11370.87
319.42	11387.71
319.43	11408.31
319.45	11427.87
319.46	11444.12
319.48	11458.04
319.49	11472.84
319.51	11490.27
319.52	11505.03
319.53	11520.58
319.55	11535.05
319.56	11546.5
319.58	11561.38
319.59	11576.82
319.61	11592.49
319.62	11606.46
319.64	11617.92
319.65	11632.01
319.66	11647.4
319.68	11660.83
319.69	11675.75
319.71	11689.05
319.72	11699.59
319.74	11711.59
319.75	11723.97
319.77	11736.7
319.78	11747.01
319.8	11755.41
319.81	11763
319.83	11775.6
319.84	11784.72
319.86	11798.7
319.87	11813.3
319.88	11827.21
319.9	11837.98
319.91	11852.13
319.93	11868.56
319.94	11883.81
319.96	11898.6
319.97	11913.53
319.99	11928.99
320	11941.08
320.02	11958.31
320.03	11974.24
320.05	11988.92
320.06	12004.69
320.08	12022.41
320.09	12042.7
320.11	12063.93
320.12	12081.59
320.14	12104.1
320.15	12124.69
320.17	12141.67
320.18	12158.52
320.2	12174.19
320.21	12189.57
320.23	12205.41
320.24	12222.04
320.26	12238.05
320.27	12255.99
320.28	12275.22
320.3	12294.49
320.31	12316.08
320.33	12334.57
320.34	12350.66
320.36	12368.87
320.37	12388.75
320.39	12408.16
320.4	12425.74
320.42	12441.27
320.43	12459.67
320.45	12477.54
320.46	12495.62
320.48	12515.14
320.49	12534
320.51	12551.59
320.52	12570.2
320.54	12588.06
320.55	12606.78
320.57	12622.08
320.58	12637.75
320.59	12656.23
320.61	12672.57
320.62	12686.96
320.64	12703.54
320.65	12719.54
320.67	12737.2
320.68	12753.92
320.7	12771.19
320.71	12788.72
320.73	12803.75
320.74	12821.63
320.76	12840.61
320.77	12858.82
320.79	12876.29
320.8	12893.86
320.82	12912
320.83	12930.51
320.85	12947.54
320.86	12965.3
320.88	12979.52
320.89	12991.17
320.91	13004.59
320.92	13018.77
320.93	13033.19
320.95	13048.79
320.96	13062.96
320.98	13078.28
320.99	13097
321.01	13114.08
321.02	13131.5
321.04	13146.12
321.05	13160.04
321.07	13176.11
321.08	13191.86
321.1	13208.22
321.11	13225.32
321.13	13238.8
321.14	13251.82
321.16	13267
321.17	13283.78
321.19	13297.47
321.2	13308.84
321.22	13323.09
321.23	13335.98
321.25	13351.2
321.26	13367.05
321.28	13383.69
321.29	13400.33
321.3	13413.03
321.32	13427.53
321.33	13443.3
321.35	13459.7
321.36	13473.43
321.38	13487.3
321.39	13501.9
321.41	13516.18
321.43	13530.99
321.44	13546.19
321.45	13562.64
321.47	13576.53
321.48	13589.89
321.5	13603.08
321.51	13616.1
321.53	13627.38
321.54	13638.99
321.56	13651.63
321.58	13665.92
321.59	13681.22
321.6	13693.59
321.62	13708.8
321.63	13725.24
321.65	13738.56
321.66	13751.59
321.68	13762.66
321.69	13774.51
321.71	13788.55
321.72	13800.36
321.74	13815.37
321.75	13832.4
321.77	13845.97
321.78	13861.02
321.8	13878.33
321.81	13891.16
321.83	13902
321.85	13912.32
321.86	13922.73
321.88	13934.74
321.89	13948.54
321.91	13961.16
321.92	13975.75
321.93	13985.36
321.95	13997.27
321.96	14011.64
321.98	14026.23
322	14038.13
322.01	14048.54
322.03	14062.98
322.04	14074.07
322.06	14090.37
322.07	14102.41
322.09	14114.38
322.1	14124.86
322.12	14132.81
322.13	14141.71
322.15	14150.51
322.16	14160.54
322.18	14170.32
322.19	14184.64
322.21	14199.14
322.22	14216.89
322.24	14231.45
322.25	14244.12
322.27	14258.71
322.28	14266.49
322.3	14274.78
322.31	14284.07
322.33	14291.14
322.34	14301.62
322.36	14310.64
322.37	14320.46
322.39	14333.18
322.41	14345.42
322.42	14358.06
322.44	14368.21
322.45	14375.04
322.47	14384.02
322.48	14394.89
322.5	14403.18
322.51	14412.1
322.53	14422.33
322.54	14430.37
322.56	14439.62
322.57	14449.19
322.59	14461.72
322.6	14473.86
322.62	14482.35
322.64	14491.35
322.65	14500.13
322.67	14508.15
322.68	14516.07
322.7	14524.8
322.71	14530.66
322.73	14538.43
322.74	14545.84
322.76	14555.78
322.77	14563.29
322.79	14571.67
322.81	14581.18
322.82	14589.31
322.84	14596.16
322.85	14602.79
322.87	14613.24
322.88	14622.21
322.9	14631.51
322.91	14638.82
322.93	14645.29
322.94	14649.98
322.96	14653.65
322.98	14657.74
322.99	14661.08
323.01	14663.6
323.02	14667.17
323.04	14673.9
323.05	14680.94
323.07	14687.65
323.09	14696.18
323.1	14702.61
323.12	14708.92
323.13	14712.37
323.15	14717.56
323.16	14721.42
323.18	14723.75
323.2	14726.37
323.21	14728.09
323.23	14729.08
323.24	14729.3
323.26	14731.2
323.28	14735.73
323.29	14735.37
323.31	14736.88
323.32	14739.42
323.34	14744.37
323.35	14747.16
323.37	14750.34
323.39	14752.22
323.4	14756.87
323.42	14759.59
323.43	14762.08
323.45	14764.69
323.47	14765.06
323.48	14764.39
323.5	14762.56
323.52	14762.05
323.53	14760.81
323.55	14760.43
323.56	14758.77
323.58	14758.51
323.6	14758.68
323.61	14759.91
323.63	14760.19
323.64	14760.76
323.66	14761.03
323.68	14761.06
323.69	14757.8
323.71	14756.65
323.73	14757.73
323.74	14755.61
323.76	14752
323.77	14751.27
323.79	14749.94
323.81	14745.5
323.82	14742.37
323.84	14738.59
323.86	14735.76
323.87	14730.25
323.89	14728.77
323.9	14727.8
323.92	14725.41
323.94	14723.91
323.95	14722.4
323.97	14719.55
323.99	14718.24
324	14714.91
324.02	14709.83
324.04	14704.59
324.05	14697.78
324.07	14694.13
324.09	14688.74
324.1	14682.39
324.12	14679.21
324.14	14674.22
324.15	14667.82
324.17	14667.68
324.19	14664.96
324.2	14661.96
324.22	14657.24
324.24	14651.13
324.25	14643.89
324.27	14636.93
324.29	14631.72
324.31	14626.09
324.32	14619.79
324.34	14612.23
324.35	14606.38
324.37	14601.84
324.39	14596.14
324.4	14590.35
324.42	14584.12
324.44	14575.39
324.46	14568.53
324.47	14562.95
324.49	14557.21
324.51	14549.72
324.52	14539.02
324.54	14530.89
324.56	14524.06
324.57	14513.27
324.59	14502.5
324.61	14492.23
324.63	14482.35
324.64	14475.17
324.66	14465.46
324.68	14457.03
324.7	14447.85
324.71	14436.3
324.73	14425.87
324.75	14416.13
324.76	14404.82
324.78	14392.23
324.8	14379.81
324.82	14368.74
324.83	14356.61
324.85	14342.85
324.87	14329.39
324.88	14318.82
324.9	14307.31
324.92	14295.27
324.94	14283.15
324.96	14270.48
324.97	14256.12
324.99	14241.76
325.01	14226.89
325.02	14211.73
325.04	14196.51
325.06	14180.37
325.08	14165.74
325.1	14151.11
325.11	14136.08
325.13	14120.06
325.15	14101.8
325.17	14083.52
325.18	14062.92
325.2	14042.55
325.22	14024.12
325.24	14004.84
325.26	13986.85
325.27	13968.52
325.29	13950.75
325.31	13933.49
325.33	13913.71
325.34	13892.83
325.36	13873.2
325.38	13851.36
325.4	13829.55
325.42	13804.44
325.43	13779.21
325.45	13756.06
325.47	13733.64
325.49	13709.86
325.51	13687.75
325.53	13661.68
325.54	13634.95
325.56	13611.28
325.58	13584.84
325.6	13556.06
325.62	13526.85
325.64	13497.76
325.65	13471.05
325.67	13440.38
325.69	13410.45
325.71	13381.79
325.73	13351.09
325.75	13319.72
325.77	13289.43
325.78	13257.17
325.8	13223.16
325.82	13186.18
325.84	13152.39
325.86	13120.75
325.88	13084.26
325.9	13048.28
325.92	13011.77
325.94	12973.09
325.95	12936.62
325.97	12899.17
325.99	12859.86
326.01	12822.91
326.03	12783.48
326.05	12747.64
326.07	12710.25
326.09	12672.25
326.11	12634.88
326.13	12595.83
326.15	12556.89
326.17	12518.21
326.19	12479.39
326.21	12439.61
326.23	12404.38
326.25	12365.71
326.27	12328.13
326.29	12289.38
326.3	12251.2
326.32	12213.58
326.35	12174.66
326.36	12136.25
326.38	12099.93
326.4	12057.7
326.42	12019.46
326.44	11981.28
326.46	11943.46
326.48	11904.44
326.5	11866.35
326.52	11830.1
326.54	11792.27
326.56	11752.49
326.58	11712.26
326.6	11672.44
326.63	11632.7
326.65	11591.95
326.67	11551.51
326.69	11511.14
326.71	11470.68
326.73	11428.67
326.75	11388.35
326.77	11346.9
326.79	11304.34
326.81	11261.96
326.83	11219.73
326.85	11181.29
326.87	11137.65
326.89	11093.74
326.91	11050.25
326.93	11007.92
326.95	10963.9
326.97	10918.04
326.99	10874.24
327.01	10829.33
327.03	10781.48
327.05	10732.42
327.08	10686.55
327.1	10637.55
327.12	10585.79
327.14	10534.36
327.16	10485.4
327.18	10437.09
327.2	10390.15
327.22	10343.26
327.24	10294.88
327.26	10243.22
327.29	10192.97
327.31	10140.94
327.33	10090.27
327.35	10036.67
327.37	9980.4
327.39	9925.59
327.41	9872.62
327.43	9821.12
327.46	9771.17
327.48	9720.88
327.5	9669
327.52	9616.6
327.54	9563.16
327.56	9507.46
327.59	9453.19
327.61	9400.33
327.63	9345.5
327.65	9292.22
327.67	9240.56
327.69	9190.69
327.71	9139.54
327.74	9090.82
327.76	9038.02
327.78	8986.25
327.8	8931.89
327.82	8877.81
327.84	8825.49
327.87	8770.39
327.89	8720.01
327.91	8666.56
327.93	8615.42
327.95	8562.94
327.98	8512.31
328	8462.69
328.02	8414.32
328.04	8366.89
328.06	8319.2
328.09	8269.85
328.11	8218.66
328.13	8171.4
328.15	8120.83
328.17	8069.09
328.2	8018.21
328.22	7966.64
328.24	7918.79
328.26	7872.51
328.28	7826.83
328.31	7782.51
328.33	7736.61
328.35	7692.93
328.37	7651.02
328.39	7607.8
328.42	7563.19
328.44	7518.03
328.46	7473.9
328.48	7427.75
328.5	7383.18
328.53	7340.71
328.55	7296
328.57	7252.6
328.59	7212.73
328.61	7169.13
328.64	7130.36
328.66	7090.82
328.68	7052.47
328.7	7014.11
328.72	6974.05
328.74	6934.71
328.77	6896.2
328.79	6856.77
328.81	6816.36
328.83	6778.66
328.85	6739.84
328.88	6702.43
328.9	6668.14
328.92	6633.84
328.94	6598.71
328.96	6565.05
328.98	6530.19
329	6497.51
329.03	6463.65
329.05	6426.86
329.07	6391.56
329.09	6356.39
329.11	6322.27
329.13	6290.19
329.15	6257.46
329.18	6223.61
329.2	6192.73
329.22	6159.82
329.24	6128.99
329.26	6099.89
329.28	6069.67
329.3	6037.67
329.33	6006.64
329.35	5975.36
329.37	5946.39
329.39	5916.95
329.41	5885.5
329.43	5856.97
329.45	5827.94
329.47	5798.17
329.49	5767.57
329.51	5741.33
329.53	5714.58
329.56	5688.44
329.58	5662.79
329.6	5635.59
329.62	5609.77
329.64	5581.99
329.66	5555.79
329.68	5532.17
329.7	5504.93
329.72	5477.31
329.74	5453.09
329.76	5428.44
329.78	5404.12
329.81	5378.32
329.83	5352.29
329.85	5327.71
329.87	5301.94
329.89	5276.27
329.91	5254.33
329.93	5229.69
329.95	5209.59
329.97	5190.79
329.99	5168.65
330.01	5145.99
330.03	5124.93
330.05	5102.81
330.07	5078.98
330.09	5058.4
330.11	5036.77
330.13	5016.6
330.15	4993.44
330.17	4975.68
330.19	4957.11
330.21	4936.91
330.23	4914.9
330.25	4894.17
330.27	4873.24
330.29	4852.2
330.31	4830.78
330.33	4813.25
330.35	4795.32
330.37	4776.53
330.39	4758.01
330.41	4740.21
330.43	4722.94
330.45	4704.16
330.47	4684.4
330.49	4664.64
330.51	4645.69
330.53	4627.91
330.55	4612.15
330.57	4597.65
330.59	4583.06
330.61	4566.21
330.63	4550.26
330.65	4533.11
330.67	4519.45
330.69	4502.79
330.71	4484.02
330.72	4467.13
330.74	4447.57
330.76	4429.1
330.78	4412.99
330.8	4397.91
330.82	4379.31
330.84	4364.23
330.86	4351.23
330.88	4341.08
330.9	4328.79
330.92	4316.37
330.94	4302.89
330.96	4288.33
330.98	4275.4
330.99	4264.32
331.01	4251.31
331.03	4234.21
331.05	4217.46
331.07	4203.8
331.09	4188.33
331.11	4173.52
331.13	4157.19
331.15	4142.05
331.17	4128.8
331.19	4119.08
331.2	4107.49
331.22	4095.9
331.24	4083.51
331.26	4071.04
331.28	4057.07
331.3	4041.16
331.32	4025.82
331.33	4014.23
331.35	4003.84
331.37	3991.18
331.39	3980.74
331.41	3967.67
331.43	3956.43
331.45	3941.74
331.47	3931.85
331.48	3920.4
331.5	3907.64
331.52	3894.15
331.54	3885.61
331.56	3877.32
331.58	3866.24
331.6	3856.15
331.61	3846.97
331.63	3837.97
331.65	3828.52
331.67	3816.92
331.69	3806.63
331.71	3796.48
331.72	3785.5
331.74	3775.02
331.76	3765.42
331.78	3753.4
331.8	3743.15
331.82	3734.11
331.84	3723.1
331.85	3713.99
331.87	3703.15
331.89	3694.78
331.91	3684.44
331.93	3676.1
331.95	3666.58
331.96	3657.42
331.98	3647.03
332	3637.14
332.02	3627.51
332.04	3618.76
332.05	3611.19
332.07	3600.98
332.09	3593.98
332.11	3584.62
332.13	3576.59
332.15	3570.08
332.16	3562.83
332.18	3554.54
332.2	3544.55
332.22	3535.44
332.24	3525.49
332.25	3517.37
332.27	3508.53
332.29	3500.44
332.31	3492.07
332.33	3486.72
332.34	3483
332.36	3481.26
332.38	3476.63
332.4	3470.8
332.42	3461.89
332.43	3453.77
332.45	3446.73
332.47	3439.3
332.49	3429.6
332.5	3422.5
332.52	3414.15
332.54	3406.52
332.56	3399.86
332.58	3396.15
332.59	3392.27
332.61	3384.24
332.63	3374.85
332.65	3367.49
332.66	3360.34
332.68	3353.18
332.7	3347.17
332.72	3340.02
332.73	3333.48
332.75	3326.57
332.77	3321.14
332.79	3318.07
332.81	3313.16
332.83	3304.11
332.84	3299.18
332.86	3292.56
332.88	3288.77
332.89	3284.99
332.91	3279.3
332.93	3273.15
332.95	3269.06
332.97	3264.29
332.98	3260.41
333	3254.44
333.02	3247.23
333.04	3240.65
333.05	3232.5
333.07	3227.82
333.09	3222.16
333.11	3217.81
333.12	3211.16
333.14	3205.92
333.16	3201.79
333.18	3196.69
333.19	3191.86
333.21	3185.85
333.23	3178.17
333.25	3173.34
333.26	3168.65
333.28	3162.62
333.3	3159.19
333.32	3153.15
333.33	3148.37
333.35	3146.1
333.37	3142.31
333.39	3141.32
333.4	3137.08
333.42	3133.02
333.44	3129.48
333.46	3125.72
333.47	3119.33
333.49	3112.49
333.51	3107.01
333.53	3099.74
333.54	3098.03
333.56	3094.4
333.58	3092.36
333.59	3088.59
333.61	3085.96
333.63	3082.14
333.65	3079.39
333.66	3076.03
333.68	3070.68
333.7	3068.34
333.72	3062.1
333.73	3058.88
333.75	3055.94
333.77	3050.86
333.78	3048.37
333.8	3044.5
333.82	3041.47
333.84	3037.85
333.85	3034.41
333.87	3029.76
333.89	3031.11
333.91	3026.83
333.92	3021.67
333.94	3018.68
333.96	3013.92
333.97	3013.98
333.99	3010.63
334.01	3006.18
334.03	3001.42
334.04	2996.88
334.06	2992.39
334.08	2992.12
334.1	2988.05
334.11	2984.68
334.13	2980.77
334.15	2979.05
334.16	2977.86
334.18	2976.94
334.2	2972.9
334.22	2969.16
334.23	2964.9
334.25	2962.6
334.27	2961.41
334.28	2960.1
334.3	2955.93
334.32	2953.31
334.33	2952.98
334.35	2949.39
334.37	2947.26
334.39	2944.97
334.4	2942.91
334.42	2935.81
334.44	2931.85
334.46	2928.03
334.47	2923.99
334.49	2919.97
334.51	2920.28
334.52	2918.07
334.54	2916.55
334.56	2913.64
334.58	2912.6
334.59	2910.66
334.61	2908.19
334.63	2906.15
334.64	2904.39
334.66	2900.85
334.68	2897.27
334.69	2895.57
334.71	2894.44
334.73	2893.38
334.75	2892.48
334.76	2891.28
334.78	2887.65
334.8	2885.3
334.81	2882.94
334.83	2880.92
334.85	2877.6
334.87	2875.23
334.88	2871.94
334.9	2868.33
334.92	2865.4
334.93	2863.03
334.95	2861.77
334.97	2860.85
334.98	2859.76
335	2858.32
335.02	2856.37
335.03	2854.79
335.05	2853.93
335.07	2852.79
335.08	2851.21
335.1	2847.52
335.12	2844.34
335.14	2842.71
335.15	2842.13
335.17	2841.92
335.19	2841.55
335.2	2839.89
335.22	2836.96
335.24	2835.35
335.26	2833.84
335.27	2831.95
335.29	2828.71
335.31	2826
335.32	2823.23
335.34	2821.64
335.36	2820.79
335.37	2819.96
335.39	2818.33
335.41	2815.53
335.42	2813.46
335.44	2811.47
335.46	2810.16
335.47	2808.29
335.49	2806.41
335.51	2804.21
335.53	2802.66
335.54	2801.36
335.56	2798.98
335.58	2796.91
335.59	2795.8
335.61	2795.06
335.63	2794.15
335.64	2793.06
335.66	2791.59
335.68	2790.71
335.7	2789.83
335.71	2789.26
335.73	2788.84
335.75	2788.16
335.76	2787.49
335.78	2786.89
335.8	2785.73
335.81	2783.44
335.83	2781.24
335.85	2778.99
335.86	2777.03
335.88	2775.42
335.9	2774.35
335.91	2774.06
335.93	2773.8
335.95	2773.56
335.97	2773.3
335.98	2772.53
336	2771.19
336.02	2768.97
336.03	2767.03
336.05	2764.4
336.07	2762.55
336.08	2761.65
336.1	2761.05
336.12	2760.5
336.13	2760.07
336.15	2759.36
336.17	2758.35
336.18	2757.6
336.2	2756.38
336.22	2754.96
336.24	2753.1
336.25	2751.33
336.27	2750.34
336.29	2749.69
336.3	2749.09
336.32	2748.48
336.33	2747.72
336.35	2746.86
336.37	2746.36
336.38	2745.96
336.4	2745.47
336.42	2745.03
336.44	2744.45
336.45	2743.9
336.47	2743.34
336.49	2742.58
336.5	2741.42
336.52	2739.97
336.54	2738.84
336.56	2737.6
336.57	2736.03
336.59	2733.8
336.6	2731.88
336.62	2730.52
336.64	2729.29
336.66	2727.92
336.67	2726.57
336.69	2725
336.71	2724.13
336.72	2723.47
336.74	2723.09
336.76	2722.56
336.77	2722.08
336.79	2721.59
336.81	2721.26
336.82	2720.87
336.84	2720.39
336.86	2719.89
336.87	2719.28
336.89	2718.85
336.91	2718.29
336.93	2717.64
336.94	2716.07
336.96	2714.27
336.97	2713.13
336.99	2712.27
337.01	2711.62
337.02	2711.15
337.04	2710.73
337.06	2710.33
337.07	2710.07
337.09	2709.74
337.11	2709.45
337.13	2709.12
337.14	2708.62
337.16	2707.83
337.18	2706.54
337.19	2704.82
337.21	2703.38
337.23	2702.28
337.24	2701.43
337.26	2700.85
337.27	2700.32
337.29	2699.93
337.31	2699.46
337.33	2699.17
337.34	2698.85
337.36	2698.46
337.38	2698.1
337.39	2697.53
337.41	2696.84
337.43	2696.12
337.44	2695.39
337.46	2694.59
337.48	2693.67
337.49	2692.82
337.51	2692.11
337.53	2691.61
337.55	2691.12
337.56	2690.68
337.58	2690.31
337.6	2689.91
337.61	2689.48
337.63	2689.17
337.64	2688.81
337.66	2688.35
337.68	2687.79
337.7	2687.11
337.71	2686.59
337.73	2686.03
337.75	2685.48
337.76	2685.04
337.78	2684.61
337.8	2684.23
337.81	2683.9
337.83	2683.56
337.85	2683.14
337.86	2682.74
337.88	2682.29
337.9	2681.72
337.91	2680.94
337.93	2680.13
337.95	2679.61
337.96	2679.14
337.98	2678.79
338	2678.42
338.01	2677.96
338.03	2677.6
338.05	2677.21
338.06	2676.83
338.08	2676.33
338.1	2675.96
338.11	2675.62
338.13	2675.28
338.15	2674.85
338.16	2674.45
338.18	2674.1
338.2	2673.68
338.22	2673.23
338.23	2672.68
338.25	2672.19
338.27	2671.75
338.28	2671.31
338.3	2670.92
338.31	2670.36
338.33	2669.76
338.35	2669.18
338.36	2668.7
338.38	2668.2
338.4	2667.69
338.41	2667.17
338.43	2666.73
338.45	2666.32
338.47	2665.98
338.48	2665.55
338.5	2665.16
338.51	2664.73
338.53	2664.32
338.55	2663.91
338.57	2663.5
338.58	2663.01
338.6	2662.65
338.61	2662.19
338.63	2661.85
338.65	2661.48
338.67	2661.05
338.68	2660.61
338.7	2660.23
338.71	2659.81
338.73	2659.4
338.75	2659.02
338.77	2658.64
338.78	2658.21
338.8	2657.79
338.82	2657.39
338.83	2656.96
338.85	2656.54
338.87	2656.14
338.88	2655.7
338.9	2655.31
338.92	2654.92
338.93	2654.49
338.95	2654.06
338.97	2653.63
338.98	2653.2
339	2652.77
339.02	2652.43
339.03	2652
339.05	2651.61
339.07	2651.19
339.08	2650.82
339.1	2650.44
339.12	2650.04
339.13	2649.65
339.15	2649.23
339.17	2648.81
339.18	2648.41
339.2	2648.01
339.22	2647.64
339.23	2647.24
339.25	2646.87
339.27	2646.46
339.28	2646.04
339.3	2645.63
339.32	2645.27
339.33	2644.84
339.35	2644.36
339.37	2643.88
339.38	2643.42
339.4	2643.04
339.42	2642.64
339.43	2642.22
339.45	2641.84
339.47	2641.41
339.49	2641.04
339.5	2640.66
339.52	2640.32
339.53	2639.96
339.55	2639.6
339.57	2639.24
339.59	2638.87
339.6	2638.47
339.62	2638.09
339.64	2637.71
339.65	2637.27
339.67	2636.86
339.68	2636.38
339.7	2635.93
339.72	2635.46
339.74	2635.06
339.75	2634.69
339.77	2634.29
339.79	2633.93
339.8	2633.57
339.82	2633.22
339.84	2632.87
339.85	2632.55
339.87	2632.17
339.89	2631.83
339.9	2631.47
339.92	2631.07
339.94	2630.69
339.95	2630.28
339.97	2629.84
339.99	2629.39
340	2628.97
340.02	2628.5
340.04	2628.03
340.05	2627.48
340.07	2626.99
340.09	2626.41
340.1	2625.98
340.12	2625.56
340.14	2625.19
340.15	2624.84
340.17	2624.47
340.19	2624.15
340.2	2623.79
340.22	2623.4
340.24	2623.05
340.25	2622.7
340.27	2622.3
340.29	2621.89
340.3	2621.34
340.32	2620.94
340.34	2620.51
340.35	2620.14
340.37	2619.78
340.39	2619.42
340.4	2619.09
340.42	2618.78
340.44	2618.53
340.45	2618.28
340.47	2617.96
340.49	2617.62
340.5	2617.23
340.52	2616.82
340.54	2616.42
340.55	2615.81
340.57	2615.37
340.59	2614.95
340.6	2614.52
340.62	2614.18
340.64	2613.78
340.65	2613.41
340.67	2613.05
340.69	2612.66
340.7	2612.3
340.72	2611.92
340.74	2611.52
340.75	2611.2
340.77	2610.82
340.79	2610.47
340.8	2610.16
340.82	2609.86
340.84	2609.53
340.85	2609.2
340.87	2608.84
340.89	2608.5
340.9	2608.13
340.92	2607.81
340.94	2607.46
340.95	2607.11
340.97	2606.78
340.99	2606.44
341	2606.12
341.02	2605.83
341.04	2605.52
341.05	2605.19
341.07	2604.83
341.09	2604.37
341.11	2604.05
341.12	2603.67
341.14	2603.35
341.15	2603.01
341.17	2602.72
341.19	2602.47
341.2	2602.21
341.22	2601.91
341.24	2601.63
341.25	2601.3
341.27	2600.97
341.29	2600.61
341.3	2600.24
341.32	2599.88
341.34	2599.5
341.35	2599.13
341.37	2598.81
341.39	2598.49
341.4	2598.21
341.42	2597.88
341.44	2597.58
341.45	2597.28
341.47	2596.96
341.49	2596.63
341.5	2596.3
341.52	2595.98
341.54	2595.66
341.55	2595.32
341.57	2595
341.59	2594.64
341.6	2594.3
341.62	2593.98
341.64	2593.68
341.65	2593.37
341.67	2593.03
341.69	2592.72
341.7	2592.4
341.72	2592.14
341.74	2591.84
341.76	2591.57
341.77	2591.27
341.79	2590.98
341.81	2590.71
341.82	2590.43
341.84	2590.15
341.85	2589.84
341.87	2589.52
341.89	2589.17
341.9	2588.79
341.92	2588.48
341.94	2588.14
341.95	2587.79
341.97	2587.43
341.99	2587.16
342	2586.8
342.02	2586.48
342.04	2586.21
342.06	2585.93
342.07	2585.67
342.09	2585.36
342.11	2585.1
342.12	2584.83
342.14	2584.48
342.16	2584.21
342.17	2583.88
342.19	2583.58
342.2	2583.28
342.22	2582.99
342.24	2582.71
342.26	2582.49
342.27	2582.21
342.29	2581.94
342.3	2581.64
342.32	2581.38
342.34	2581.13
342.35	2580.82
342.37	2580.51
342.39	2580.21
342.41	2579.93
342.42	2579.63
342.44	2579.37
342.45	2579.1
342.47	2578.81
342.49	2578.5
342.51	2578.22
342.52	2577.91
342.54	2577.64
342.56	2577.34
342.57	2577.07
342.59	2576.8
342.61	2576.51
342.62	2576.23
342.64	2575.99
342.66	2575.68
342.67	2575.43
342.69	2575.15
342.71	2574.84
342.72	2574.53
342.74	2574.21
342.76	2573.88
342.77	2573.59
342.79	2573.29
342.81	2572.99
342.82	2572.74
342.84	2572.49
342.85	2572.25
342.87	2572.01
342.89	2571.79
342.91	2571.52
342.92	2571.28
342.94	2571.05
342.96	2570.8
342.97	2570.54
342.99	2570.24
343.01	2569.96
343.02	2569.67
343.04	2569.38
343.06	2569.11
343.07	2568.77
343.09	2568.49
343.11	2568.25
343.12	2568.01
343.14	2567.72
343.16	2567.47
343.17	2567.22
343.19	2566.96
343.21	2566.71
343.22	2566.44
343.24	2566.14
343.26	2565.86
343.27	2565.61
343.29	2565.34
343.31	2565.08
343.32	2564.81
343.34	2564.54
343.36	2564.25
343.37	2563.99
343.39	2563.7
343.41	2563.45
343.42	2563.18
343.44	2562.85
343.46	2562.54
343.47	2562.28
343.49	2562.01
343.51	2561.72
343.52	2561.47
343.54	2561.17
343.56	2560.93
343.57	2561.08
343.59	2561.25
343.61	2561.43
343.62	2561.58
343.64	2561.72
343.66	2561.88
343.67	2562.05
343.69	2562.22
343.71	2562.37
343.72	2562.53
343.74	2562.7
343.76	2562.86
343.77	2563.03
343.79	2563.19
343.81	2563.35
343.82	2563.53
343.84	2563.7
343.86	2563.89
343.87	2564.08
343.89	2564.28
343.91	2564.47
343.92	2564.65
343.94	2564.87
343.96	2565.09
343.97	2565.25
343.99	2565.39
344.01	2565.53
344.02	2565.66
344.04	2565.76
344.06	2565.86
344.07	2565.94
344.09	2566.06
344.11	2566.2
344.12	2566.37
344.14	2566.64
344.16	2566.86
344.17	2567.06
344.19	2567.28
344.21	2567.48
344.22	2567.67
344.24	2567.85
344.26	2568.01
344.27	2568.17
344.29	2568.38
344.31	2568.58
344.32	2568.79
344.34	2568.99
344.36	2569.19
344.37	2569.4
344.39	2569.59
344.41	2569.75
344.42	2569.88
344.44	2570.01
344.46	2570.13
344.47	2570.27
344.49	2570.43
344.51	2570.62
344.52	2570.81
344.54	2571.01
344.56	2571.24
344.57	2571.46
344.59	2571.65
344.61	2571.82
344.62	2571.98
344.64	2572.06
344.66	2572
344.67	2571.98
344.69	2571.96
344.71	2571.83
344.72	2571.8
344.74	2571.78
344.76	2571.83
344.77	2571.93
344.79	2572.06
344.81	2572.23
344.82	2572.38
344.84	2572.49
344.86	2572.62
344.87	2572.74
344.89	2572.88
344.91	2573.04
344.92	2573.22
344.94	2573.44
344.96	2573.77
344.97	2574.23
344.99	2574.69
345.01	2574.88
345.02	2574.99
345.04	2575.08
345.06	2575.1
345.07	2575.17
345.09	2575.24
345.11	2575.33
345.12	2575.42
345.14	2575.55
345.16	2575.67
345.17	2575.95
345.19	2576.12
345.21	2576.28
345.22	2576.42
345.24	2576.55
345.26	2576.69
345.28	2576.83
345.29	2576.93
345.31	2577.03
345.32	2577.14
345.34	2577.25
345.36	2577.36
345.37	2577.46
345.39	2577.57
345.41	2577.67
345.42	2577.78
345.44	2577.92
345.46	2578.07
345.47	2578.23
345.49	2578.4
345.51	2578.59
345.52	2578.77
345.54	2578.93
345.56	2579.08
345.57	2579.22
345.59	2579.39
345.61	2579.53
345.62	2579.68
345.64	2579.85
345.66	2580.09
345.67	2580.36
345.69	2580.61
345.71	2580.78
345.72	2580.87
345.74	2581.01
345.76	2581.12
345.77	2581.28
345.79	2581.41
345.81	2581.53
345.82	2581.66
345.84	2581.79
345.86	2581.93
345.87	2582.06
345.89	2582.18
345.91	2582.28
345.92	2582.38
345.94	2582.48
345.96	2582.6
345.97	2582.72
345.99	2582.83
346.01	2582.92
346.02	2583.02
346.04	2583.1
346.06	2583.23
346.07	2583.37
346.09	2583.51
346.11	2583.66
346.12	2583.82
346.14	2583.97
346.16	2584.14
346.18	2584.3
346.19	2584.45
346.21	2584.59
346.22	2584.69
346.24	2584.78
346.26	2584.88
346.27	2585
346.29	2585.15
346.31	2585.3
346.32	2585.43
346.34	2585.55
346.36	2585.68
346.37	2585.81
346.39	2585.93
346.41	2586.06
346.42	2586.18
346.44	2586.32
346.46	2586.57
346.47	2586.92
346.49	2587.16
346.51	2587.32
346.53	2587.49
346.54	2587.61
346.56	2587.7
346.57	2587.81
346.59	2587.91
346.61	2588
346.62	2588.11
346.64	2588.18
346.66	2588.32
346.67	2588.48
346.69	2588.64
346.71	2588.78
346.72	2588.93
346.74	2589.09
346.76	2589.27
346.77	2589.43
346.79	2589.59
346.81	2589.72
346.83	2589.85
346.84	2589.96
346.86	2590.06
346.87	2590.16
346.89	2590.24
346.91	2590.34
346.92	2590.42
346.94	2590.5
346.96	2590.53
346.97	2590.49
346.99	2590.39
347.01	2590.46
347.02	2590.56
347.04	2590.67
347.06	2590.78
347.07	2590.92
347.09	2591.16
347.11	2591.37
347.12	2591.53
347.14	2591.68
347.16	2591.85
347.17	2592
347.19	2592.13
347.21	2592.23
347.22	2592.32
347.24	2592.35
347.26	2592.44
347.27	2592.52
347.29	2592.6
347.31	2592.7
347.32	2592.79
347.34	2592.91
347.36	2593.07
347.37	2593.22
347.39	2593.36
347.41	2593.6
347.42	2594.1
347.44	2595.05
347.46	2595.47
347.47	2595.67
347.49	2595.83
347.51	2595.96
347.53	2596.06
347.54	2596.16
347.56	2596.25
347.58	2596.31
347.59	2596.36
347.61	2596.41
347.63	2596.5
347.64	2596.61
347.66	2596.69
347.68	2596.88
347.69	2597.11
347.71	2597.22
347.73	2597.3
347.74	2597.38
347.76	2597.42
347.78	2597.45
347.79	2597.47
347.81	2597.51
347.83	2597.58
347.84	2597.65
347.86	2597.77
347.88	2597.92
347.89	2598.06
347.91	2598.21
347.93	2598.33
347.94	2598.44
347.96	2598.52
347.98	2598.59
347.99	2598.66
348.01	2598.63
348.03	2598.69
348.04	2598.82
348.06	2598.95
348.07	2599.05
348.09	2599.16
348.11	2599.25
348.13	2599.34
348.14	2599.41
348.16	2599.47
348.18	2599.52
348.19	2599.55
348.21	2599.61
348.23	2599.71
348.24	2599.8
348.26	2599.9
348.28	2600
348.29	2600.1
348.31	2600.25
348.32	2600.38
348.34	2600.53
348.36	2600.68
348.37	2600.78
348.39	2600.91
348.41	2601.03
348.43	2601.1
348.44	2601.04
348.46	2600.96
348.48	2600.93
348.49	2600.98
348.51	2601.03
348.53	2601.08
348.54	2601.15
348.56	2601.21
348.58	2601.27
348.59	2601.32
348.61	2601.39
348.63	2601.46
348.64	2601.52
348.66	2601.58
348.68	2601.64
348.69	2601.7
348.71	2601.8
348.73	2601.92
348.74	2602
348.76	2602.09
348.78	2602.2
348.79	2602.32
348.81	2602.42
348.83	2602.5
348.84	2602.51
348.86	2602.47
348.88	2602.32
348.89	2602.29
348.91	2602.39
348.93	2602.48
348.94	2602.58
348.96	2602.66
348.98	2602.76
348.99	2602.81
349.01	2602.87
349.03	2602.88
349.04	2602.8
349.06	2602.79
349.08	2602.8
349.09	2602.82
349.11	2602.87
349.13	2602.97
349.14	2603.09
349.16	2603.2
349.18	2603.35
349.19	2603.68
349.21	2603.89
349.23	2604.12
349.24	2604.44
349.26	2604.56
349.28	2604.65
349.29	2604.72
349.31	2604.78
349.33	2604.83
349.34	2604.88
349.36	2604.94
349.38	2605
349.39	2605.03
349.41	2605.1
349.43	2605.38
349.44	2605.71
349.46	2606.05
349.48	2606.21
349.49	2606.3
349.51	2606.33
349.53	2606.35
349.54	2606.36
349.56	2606.34
349.58	2606.29
349.59	2606.28
349.61	2606.31
349.63	2606.4
349.64	2606.54
349.66	2606.68
349.68	2606.81
349.69	2606.94
349.71	2607.08
349.73	2607.18
349.74	2607.26
349.76	2607.3
349.78	2607.32
349.79	2607.37
349.81	2607.43
349.82	2607.5
349.84	2607.53
349.86	2607.57
349.88	2607.54
349.89	2607.52
349.91	2607.54
349.93	2607.59
349.94	2607.63
349.96	2607.69
349.98	2607.75
349.99	2607.84
350.01	2607.96
350.03	2608.09
350.04	2608.22
350.06	2608.38
350.07	2608.45
350.09	2608.3
350.11	2608.19
350.13	2608.24
350.14	2608.36
350.16	2608.78
350.18	2610.2
350.19	2612.83
350.21	2628.07
350.23	2677.54
350.24	2707.4
350.26	2733.6
350.27	2752.38
350.29	2770.25
350.31	2778.43
350.32	2777.39
350.34	2771.06
350.35	2755.71
350.37	2729.39
350.39	2705.88
350.4	2697.47
350.42	2693.76
350.44	2691.72
350.46	2690.43
350.47	2689.62
350.49	2688.55
350.51	2686.98
350.52	2685.82
350.54	2684.55
350.55	2683.42
350.57	2682.35
350.59	2681.41
350.6	2680.56
350.62	2679.81
350.64	2679.19
350.65	2678.68
350.67	2678.17
350.69	2677.63
350.7	2677.23
350.72	2676.79
350.74	2676.46
350.76	2676.15
350.77	2675.88
350.79	2675.47
350.8	2675.01
350.82	2674.62
350.84	2674.19
350.85	2673.76
350.87	2673.31
350.89	2672.91
350.9	2672.5
350.92	2671.96
350.94	2671.6
350.95	2671.34
350.97	2671.11
350.99	2670.93
351	2670.84
351.02	2670.82
351.04	2670.81
351.05	2670.79
351.07	2670.76
351.09	2670.72
351.11	2670.64
351.12	2670.62
351.14	2670.59
351.16	2670.56
351.17	2670.52
351.19	2670.49
351.21	2670.48
351.22	2670.48
351.24	2670.47
351.26	2670.45
351.27	2670.42
351.29	2670.41
351.31	2670.42
351.32	2670.43
351.34	2670.42
351.36	2670.41
351.37	2670.42
351.39	2670.44
351.41	2670.44
351.42	2670.44
351.44	2670.4
351.46	2670.34
351.47	2670.29
351.49	2670.18
351.51	2670.13
351.52	2670.1
351.54	2670.08
351.56	2670.11
351.57	2670.14
351.59	2670.2
351.61	2670.24
351.62	2670.28
351.64	2670.34
351.66	2670.37
351.67	2670.4
351.69	2670.4
351.71	2670.41
351.72	2670.45
351.74	2670.46
351.76	2670.47
351.77	2670.48
351.79	2670.45
351.81	2670.41
351.82	2670.42
351.84	2670.45
351.86	2670.49
351.87	2670.53
351.89	2670.57
351.91	2670.66
351.92	2670.71
351.94	2670.79
351.96	2670.86
351.97	2670.91
351.99	2670.94
352.01	2670.98
352.02	2670.98
352.04	2670.97
352.06	2670.9
352.07	2670.79
352.09	2670.69
352.11	2670.54
352.12	2670.45
352.14	2670.4
352.16	2670.4
352.17	2670.4
352.19	2670.45
352.21	2670.53
352.22	2670.6
352.24	2670.64
352.26	2670.69
352.27	2670.73
352.29	2670.78
352.31	2670.86
352.32	2670.95
352.34	2671.09
352.36	2671.2
352.37	2671.35
352.39	2671.43
352.41	2671.51
352.42	2671.54
352.44	2671.44
352.46	2671.27
352.47	2671.17
352.49	2671.14
352.51	2671.15
352.53	2671.19
352.54	2671.25
352.56	2671.33
352.58	2671.41
352.59	2671.5
352.61	2671.59
352.63	2671.68
352.64	2671.74
352.66	2671.8
352.67	2671.84
352.69	2671.88
352.71	2671.9
352.73	2671.92
352.74	2671.94
352.76	2671.98
352.78	2672.01
352.79	2672.02
352.81	2672.07
352.83	2672.1
352.84	2672.17
352.86	2672.24
352.88	2672.27
352.89	2672.29
352.91	2672.31
352.93	2672.34
352.94	2672.39
352.96	2672.43
352.97	2672.47
352.99	2672.51
353.01	2672.56
353.03	2672.62
353.04	2672.69
353.06	2672.77
353.08	2672.83
353.09	2672.89
353.11	2672.95
353.13	2673.01
353.14	2673.04
353.16	2673.08
353.18	2673.07
353.19	2673.03
353.21	2672.96
353.23	2672.95
353.24	2672.98
353.26	2673.01
353.28	2673.04
353.29	2673.06
353.31	2673.08
353.33	2673.1
353.34	2673.14
353.36	2673.17
353.38	2673.26
353.39	2673.34
353.41	2673.45
353.43	2673.59
353.44	2673.7
353.46	2673.81
353.48	2673.88
353.49	2673.95
353.51	2674
353.53	2673.92
353.54	2673.74
353.56	2673.69
353.58	2673.69
353.59	2673.72
353.61	2673.77
353.63	2673.78
353.64	2673.83
353.66	2673.86
353.68	2673.91
353.69	2673.97
353.71	2674.02
353.73	2674.08
353.74	2674.14
353.76	2674.2
353.78	2674.3
353.79	2674.43
353.81	2674.51
353.83	2674.58
353.84	2674.65
353.86	2674.7
353.88	2674.76
353.89	2674.83
353.91	2674.91
353.93	2675
353.94	2675.07
353.96	2675.14
353.98	2675.22
353.99	2675.32
354.01	2675.39
354.03	2675.44
354.04	2675.48
354.06	2675.51
354.08	2675.55
354.09	2675.56
354.11	2675.58
354.13	2675.59
354.14	2675.62
354.16	2675.66
354.18	2675.68
354.19	2675.7
354.21	2675.76
354.23	2675.82
354.24	2675.93
354.26	2676.03
354.28	2676.14
354.29	2676.21
354.31	2676.28
354.33	2676.35
354.34	2676.4
354.36	2676.44
354.38	2676.35
354.39	2676.06
354.41	2675.75
354.43	2675.56
354.44	2675.55
354.46	2675.61
354.48	2675.67
354.49	2675.77
354.51	2675.88
354.53	2675.98
354.54	2676.08
354.56	2676.18
354.58	2676.28
354.59	2676.35
354.61	2676.42
354.63	2676.47
354.64	2676.51
354.66	2676.54
354.68	2676.55
354.69	2676.61
354.71	2676.66
354.73	2676.72
354.74	2676.79
354.76	2676.85
354.78	2676.96
354.79	2677.05
354.81	2677.35
354.83	2677.61
354.85	2677.63
354.86	2677.43
354.88	2677.29
354.9	2677.28
354.91	2677.31
354.93	2677.34
354.95	2677.43
354.96	2677.56
354.98	2677.7
354.99	2677.84
355.01	2677.96
355.03	2678.09
355.04	2678.18
355.06	2678.27
355.08	2678.37
355.09	2678.42
355.11	2678.5
355.13	2678.7
355.14	2679.33
355.16	2680.56
355.18	2681.39
355.2	2681.73
355.21	2681.8
355.23	2681.85
355.25	2681.89
355.26	2681.89
355.28	2681.84
355.3	2681.72
355.31	2681.67
355.33	2681.64
355.34	2681.66
355.36	2681.65
355.38	2681.47
355.4	2681.42
355.41	2681.48
355.43	2681.51
355.45	2681.58
355.46	2681.69
355.48	2681.79
355.5	2681.89
355.51	2682
355.53	2682.11
355.55	2682.24
355.56	2682.33
355.58	2682.4
355.6	2682.44
355.61	2682.46
355.63	2682.5
355.64	2682.56
355.66	2682.62
355.68	2682.68
355.7	2682.69
355.71	2682.6
355.73	2682.6
355.75	2682.62
355.76	2682.63
355.78	2682.66
355.8	2682.69
355.81	2682.73
355.83	2682.82
355.85	2682.9
355.86	2682.99
355.88	2683.1
355.9	2683.21
355.91	2683.29
355.93	2683.37
355.94	2683.43
355.96	2683.5
355.98	2683.57
356	2683.64
356.01	2683.71
356.03	2683.78
356.05	2683.85
356.06	2683.93
356.08	2684.02
356.1	2684.11
356.11	2684.18
356.13	2684.26
356.15	2684.37
356.16	2684.46
356.18	2684.54
356.2	2684.62
356.21	2684.68
356.23	2684.74
356.25	2684.84
356.26	2684.92
356.28	2685.02
356.3	2685.12
356.31	2685.2
356.33	2685.29
356.35	2685.39
356.36	2685.48
356.38	2685.53
356.4	2685.39
356.41	2685.17
356.43	2685.11
356.45	2685.1
356.46	2685.16
356.48	2685.21
356.5	2685.25
356.51	2685.31
356.53	2685.38
356.55	2685.48
356.56	2685.55
356.58	2685.62
356.6	2685.68
356.61	2685.75
356.63	2685.82
356.65	2685.89
356.66	2685.96
356.68	2685.98
356.7	2686
356.71	2686.06
356.73	2686.16
356.75	2686.25
356.76	2686.33
356.78	2686.42
356.8	2686.53
356.81	2686.76
356.83	2686.92
356.85	2687.16
356.86	2687.25
356.88	2687.31
356.9	2687.39
356.91	2687.48
356.93	2687.54
356.95	2687.59
356.96	2687.61
356.98	2687.63
357	2687.65
357.01	2687.66
357.03	2687.65
357.05	2687.58
357.06	2687.57
357.08	2687.54
357.1	2687.53
357.11	2687.58
357.13	2687.63
357.15	2687.68
357.16	2687.77
357.18	2687.86
357.2	2687.96
357.21	2688.06
357.23	2688.17
357.25	2688.32
357.26	2688.46
357.28	2688.65
357.3	2688.89
357.31	2689.13
357.33	2689.2
357.35	2689.27
357.36	2689.28
357.38	2689.33
357.4	2689.33
357.41	2689.31
357.43	2689.21
357.45	2689.09
357.46	2689.13
357.48	2689.41
357.5	2689.8
357.51	2690.12
357.53	2690.44
357.55	2690.59
357.56	2690.7
357.58	2690.79
357.6	2690.86
357.61	2690.89
357.63	2690.93
357.65	2690.99
357.66	2691.08
357.68	2691.15
357.7	2691.21
357.71	2691.29
357.73	2691.36
357.75	2691.39
357.76	2691.44
357.78	2691.46
357.8	2691.51
357.81	2691.58
357.83	2691.63
357.85	2691.88
357.86	2692.05
357.88	2692.16
357.9	2692.29
357.91	2692.43
357.93	2692.52
357.95	2692.62
357.96	2692.7
357.98	2692.8
358	2692.86
358.01	2692.91
358.03	2692.98
358.05	2693.03
358.06	2693.07
358.08	2693.08
358.1	2693.09
358.11	2693.11
358.13	2693.14
358.15	2693.2
358.16	2693.24
358.18	2693.28
358.2	2693.33
358.21	2693.41
358.23	2693.5
358.25	2693.59
358.27	2693.67
358.28	2693.72
358.3	2693.79
358.31	2693.86
358.33	2693.94
358.35	2694
358.36	2694.06
358.38	2693.96
358.4	2693.95
358.41	2693.8
358.43	2693.72
358.45	2693.72
358.46	2693.72
358.48	2693.76
358.5	2693.8
358.51	2693.9
358.53	2694.11
358.55	2694.51
358.56	2694.85
358.58	2695.26
358.6	2695.59
358.61	2695.85
358.63	2695.99
358.65	2696.1
358.66	2696.22
358.68	2696.28
358.7	2696.36
358.72	2696.44
358.73	2696.49
358.75	2696.57
358.76	2696.64
358.78	2696.71
358.8	2696.78
358.81	2696.82
358.83	2696.86
358.85	2696.89
358.86	2696.91
358.88	2696.92
358.9	2696.95
358.91	2696.99
358.93	2697.03
358.95	2697.1
358.96	2697.17
358.98	2697.24
359	2697.38
359.01	2697.46
359.03	2697.54
359.05	2697.61
359.06	2697.66
359.08	2697.7
359.1	2697.78
359.11	2697.87
359.13	2697.96
359.15	2698.04
359.16	2698.11
359.18	2698.2
359.2	2698.27
359.21	2698.33
359.23	2698.38
359.25	2698.41
359.26	2698.43
359.28	2698.51
359.3	2698.65
359.31	2699.06
359.33	2699.45
359.35	2699.62
359.36	2699.74
359.38	2699.82
359.4	2699.82
359.41	2699.62
359.43	2699.4
359.45	2699.23
359.46	2699.17
359.48	2699.2
359.5	2699.27
359.52	2699.34
359.53	2699.44
359.55	2699.54
359.57	2699.64
359.58	2699.72
359.6	2699.8
359.61	2699.87
359.63	2699.95
359.65	2700.01
359.67	2700.06
359.68	2700.12
359.7	2700.18